idx_1;idx_2;conf1;conf2;IoU;IOU_bb;contourArea_1;contourArea_2;bbox_1;bbox_2;contour_1;contour_2
0;0;NA;0.9833984375;0.9482780212899186;0.9886274933815002;31291;30937;[127, 130, 311, 465];[127, 132, 310, 465];[[204, 130], [194, 132], [190, 137], [178, 142], [167, 176], [151, 198], [150, 208], [155, 213], [155, 216], [139, 248], [139, 252], [145, 252], [160, 221], [163, 219], [164, 224], [151, 254], [129, 272], [127, 276], [127, 287], [131, 298], [134, 299], [135, 296], [132, 288], [133, 276], [155, 258], [162, 257], [162, 315], [139, 324], [134, 330], [134, 336], [152, 369], [180, 408], [204, 456], [211, 464], [216, 465], [212, 455], [203, 444], [202, 438], [181, 393], [172, 383], [171, 378], [164, 373], [141, 337], [146, 334], [163, 332], [168, 351], [181, 377], [197, 395], [211, 401], [236, 396], [243, 393], [250, 394], [255, 396], [258, 398], [262, 400], [265, 404], [266, 407], [268, 412], [269, 416], [270, 420], [272, 424], [274, 428], [278, 431], [281, 435], [284, 438], [288, 441], [292, 442], [296, 441], [296, 437], [292, 435], [287, 432], [283, 429], [280, 425], [278, 421], [276, 416], [276, 412], [274, 408], [273, 404], [272, 399], [270, 394], [270, 390], [269, 384], [269, 380], [270, 375], [270, 371], [269, 367], [287, 333], [290, 333], [294, 337], [307, 359], [310, 359], [311, 356], [293, 326], [299, 297], [294, 293], [282, 292], [281, 251], [274, 234], [274, 211], [271, 199], [265, 192], [263, 183], [244, 159], [241, 153], [243, 149], [242, 145], [235, 141], [222, 139], [213, 132]];[[205, 132], [193, 133], [191, 135], [188, 136], [185, 138], [183, 139], [181, 140], [180, 141], [179, 143], [177, 145], [175, 146], [174, 150], [173, 154], [172, 159], [170, 165], [169, 168], [167, 171], [166, 175], [165, 179], [163, 181], [161, 182], [160, 184], [159, 187], [158, 189], [156, 190], [154, 192], [153, 193], [152, 196], [151, 198], [149, 204], [150, 209], [152, 210], [153, 212], [155, 215], [153, 218], [152, 222], [151, 226], [149, 229], [148, 232], [146, 234], [145, 237], [143, 239], [142, 241], [141, 243], [139, 246], [138, 248], [140, 251], [143, 250], [144, 248], [146, 246], [147, 243], [148, 240], [150, 237], [151, 234], [152, 232], [154, 229], [155, 226], [157, 224], [159, 223], [160, 220], [162, 218], [163, 223], [162, 229], [160, 233], [159, 237], [158, 241], [156, 246], [155, 248], [153, 251], [152, 253], [149, 254], [146, 255], [145, 257], [144, 258], [142, 260], [141, 261], [139, 262], [138, 264], [135, 266], [133, 266], [131, 268], [130, 271], [128, 273], [127, 282], [128, 290], [130, 294], [132, 298], [134, 294], [133, 290], [132, 283], [133, 276], [134, 273], [136, 271], [138, 269], [140, 267], [143, 266], [144, 265], [146, 263], [149, 262], [151, 261], [152, 260], [154, 258], [157, 256], [160, 258], [162, 260], [163, 279], [162, 298], [160, 303], [162, 307], [163, 310], [162, 312], [160, 314], [159, 315], [157, 317], [152, 318], [146, 320], [143, 321], [141, 322], [139, 323], [138, 325], [136, 327], [135, 329], [134, 332], [133, 333], [134, 335], [135, 339], [136, 342], [138, 344], [139, 346], [141, 348], [142, 351], [143, 352], [145, 354], [146, 358], [147, 362], [149, 363], [151, 365], [152, 368], [153, 370], [154, 372], [156, 373], [157, 374], [159, 376], [160, 379], [161, 381], [163, 383], [165, 385], [166, 387], [167, 390], [168, 391], [170, 393], [172, 396], [172, 398], [174, 399], [176, 401], [177, 404], [179, 407], [180, 410], [181, 412], [183, 415], [184, 418], [185, 421], [187, 424], [188, 426], [190, 429], [191, 432], [192, 435], [194, 437], [195, 440], [197, 443], [198, 445], [199, 447], [201, 449], [202, 451], [203, 454], [205, 455], [206, 456], [207, 458], [209, 459], [210, 461], [212, 462], [213, 463], [214, 465], [215, 463], [214, 460], [212, 457], [212, 455], [210, 453], [209, 452], [207, 450], [205, 449], [204, 446], [203, 443], [201, 439], [200, 435], [198, 432], [197, 429], [196, 426], [194, 424], [193, 421], [192, 418], [190, 415], [189, 412], [187, 410], [186, 407], [185, 403], [184, 399], [182, 398], [180, 396], [179, 393], [178, 391], [177, 389], [175, 387], [173, 385], [172, 382], [171, 381], [170, 380], [168, 378], [166, 376], [165, 374], [164, 371], [163, 370], [161, 368], [159, 365], [159, 363], [157, 361], [155, 360], [154, 357], [153, 355], [152, 353], [150, 351], [148, 348], [147, 346], [146, 343], [144, 340], [143, 337], [147, 335], [152, 333], [158, 332], [163, 335], [165, 337], [166, 343], [167, 348], [169, 353], [170, 357], [172, 360], [173, 362], [174, 365], [176, 368], [177, 371], [179, 374], [180, 376], [181, 379], [182, 380], [184, 381], [185, 383], [186, 384], [188, 386], [189, 387], [191, 388], [192, 390], [193, 391], [195, 393], [196, 394], [198, 396], [199, 397], [202, 398], [205, 399], [218, 401], [232, 400], [233, 399], [235, 397], [239, 395], [244, 397], [245, 398], [246, 399], [248, 401], [250, 403], [252, 404], [255, 405], [258, 406], [260, 408], [262, 410], [264, 411], [266, 412], [269, 416], [271, 421], [272, 424], [273, 426], [274, 427], [276, 429], [277, 430], [279, 432], [280, 433], [283, 434], [285, 436], [287, 437], [289, 439], [291, 440], [293, 439], [292, 438], [291, 437], [290, 435], [288, 434], [287, 432], [285, 431], [284, 430], [283, 428], [281, 427], [280, 425], [278, 424], [277, 423], [275, 421], [274, 417], [272, 412], [271, 397], [272, 382], [274, 380], [273, 380], [271, 378], [270, 376], [268, 372], [270, 368], [271, 365], [272, 362], [274, 360], [275, 357], [277, 354], [278, 351], [279, 347], [281, 343], [282, 340], [284, 337], [285, 334], [289, 332], [291, 335], [292, 337], [294, 338], [296, 340], [297, 343], [298, 345], [299, 347], [301, 348], [303, 351], [304, 354], [305, 355], [308, 356], [310, 355], [309, 354], [307, 351], [306, 349], [305, 348], [303, 346], [302, 343], [300, 340], [299, 337], [297, 335], [296, 332], [295, 329], [293, 322], [295, 315], [296, 311], [297, 307], [299, 301], [298, 296], [297, 295], [283, 293], [269, 289], [267, 285], [265, 279], [267, 273], [269, 270], [271, 267], [274, 272], [277, 276], [279, 261], [278, 246], [277, 241], [275, 237], [274, 222], [272, 207], [271, 203], [270, 198], [268, 196], [267, 193], [265, 190], [264, 187], [263, 184], [262, 182], [260, 181], [259, 179], [258, 178], [256, 176], [254, 173], [253, 171], [252, 170], [250, 168], [249, 165], [248, 163], [246, 161], [245, 159], [243, 152], [242, 146], [241, 145], [239, 143], [238, 141], [232, 140], [227, 139], [223, 138], [218, 136], [217, 134], [215, 133]]
