idx_1;idx_2;conf1;conf2;IoU;IOU_bb;contourArea_1;contourArea_2;bbox_1;bbox_2;contour_1;contour_2
0;153;NA;0.9326171875;0.8678139875503479;0.8842105269432068;5234;4968;[259, 1540, 327, 1658];[261, 1542, 330, 1654];[[271, 1540], [262, 1550], [259, 1597], [274, 1602], [275, 1614], [282, 1634], [290, 1646], [303, 1658], [317, 1658], [327, 1647], [327, 1611], [321, 1602], [320, 1593], [314, 1586], [311, 1569], [298, 1561], [286, 1542]];[[274, 1542], [261, 1548], [265, 1555], [268, 1562], [265, 1569], [261, 1584], [265, 1598], [268, 1605], [272, 1612], [276, 1623], [278, 1633], [282, 1636], [285, 1640], [289, 1643], [294, 1648], [297, 1652], [307, 1654], [316, 1652], [320, 1648], [323, 1641], [327, 1634], [330, 1627], [327, 1620], [323, 1609], [320, 1598], [316, 1591], [313, 1584], [309, 1573], [307, 1563], [303, 1560], [299, 1556], [296, 1553], [291, 1548], [288, 1544]]
1;912;NA;0.85693359375;0.8069011280690113;0.8585619926452637;2863;2583;[2961, 2647, 3020, 2714];[2964, 2648, 3019, 2719];[[3007, 2648], [3020, 2660], [3010, 2697], [2989, 2714], [2970, 2714], [2972, 2691], [2962, 2689], [2961, 2676], [2968, 2660], [2984, 2651], [2997, 2647]];[[3011, 2650], [2997, 2648], [2984, 2651], [2982, 2655], [2980, 2657], [2978, 2659], [2975, 2662], [2969, 2664], [2964, 2683], [2966, 2703], [2968, 2707], [2969, 2711], [2971, 2713], [2974, 2715], [2976, 2717], [2979, 2719], [2983, 2717], [2987, 2715], [2991, 2711], [2993, 2707], [2995, 2703], [2997, 2699], [2999, 2697], [3001, 2695], [3003, 2693], [3005, 2691], [3007, 2689], [3009, 2687], [3011, 2683], [3013, 2679], [3015, 2671], [3017, 2663], [3019, 2661], [3017, 2659], [3015, 2655], [3013, 2652]]
2;956;NA;0.841796875;0.8937965260545906;0.9256017208099365;1866;1950;[3011, 2762, 3066, 2811];[3012, 2764, 3067, 2811];[[3062, 2767], [3066, 2782], [3042, 2810], [3025, 2811], [3013, 2808], [3011, 2788], [3025, 2778], [3034, 2765], [3043, 2762]];[[3063, 2767], [3047, 2764], [3032, 2765], [3030, 2767], [3028, 2769], [3026, 2771], [3023, 2774], [3019, 2776], [3016, 2777], [3014, 2779], [3012, 2793], [3013, 2807], [3015, 2809], [3027, 2811], [3039, 2809], [3043, 2807], [3047, 2805], [3049, 2803], [3051, 2801], [3053, 2799], [3055, 2797], [3057, 2795], [3059, 2791], [3061, 2787], [3063, 2783], [3065, 2779], [3067, 2775], [3065, 2771]]
3;1028;NA;0.455078125;0.7470414201183432;0.7787916660308838;1919;1624;[2017, 2990, 2076, 3042];[2018, 2988, 2073, 3035];[[2032, 2990], [2018, 2995], [2017, 3007], [2026, 3021], [2032, 3038], [2036, 3042], [2076, 3042], [2071, 3029], [2056, 3010], [2050, 3000]];[[2027, 2988], [2018, 2999], [2020, 3011], [2022, 3015], [2024, 3019], [2026, 3025], [2029, 3031], [2033, 3033], [2051, 3035], [2069, 3033], [2071, 3031], [2073, 3029], [2071, 3027], [2069, 3023], [2067, 3020], [2065, 3018], [2063, 3016], [2061, 3014], [2059, 3012], [2057, 3010], [2055, 3008], [2053, 3006], [2051, 3004], [2049, 3002], [2047, 3000], [2045, 2998], [2043, 2996], [2041, 2994], [2039, 2991], [2037, 2989]]
4;526;NA;0.9111328125;0.8066763425253991;0.8069005012512207;3037;3187;[2130, 2877, 2221, 2931];[2136, 2880, 2219, 2935];[[2219, 2887], [2206, 2877], [2190, 2883], [2174, 2889], [2163, 2885], [2155, 2891], [2153, 2897], [2135, 2903], [2130, 2907], [2130, 2913], [2134, 2923], [2156, 2931], [2172, 2926], [2180, 2921], [2208, 2916], [2216, 2912], [2213, 2901], [2221, 2895]];[[2219, 2897], [2217, 2887], [2213, 2883], [2195, 2880], [2178, 2883], [2163, 2887], [2150, 2889], [2147, 2893], [2143, 2900], [2139, 2907], [2136, 2914], [2138, 2920], [2142, 2924], [2147, 2929], [2150, 2932], [2160, 2935], [2170, 2931], [2178, 2928], [2185, 2924], [2195, 2920], [2205, 2918], [2209, 2914], [2213, 2910], [2217, 2906]]
5;886;NA;0.8681640625;0.7465018656716418;0.7633338570594788;3642;3847;[2140, 2719, 2226, 2785];[2133, 2719, 2212, 2784];[[2196, 2727], [2176, 2719], [2151, 2727], [2140, 2735], [2146, 2746], [2155, 2748], [2159, 2759], [2146, 2757], [2151, 2767], [2163, 2784], [2176, 2785], [2190, 2779], [2202, 2769], [2204, 2758], [2215, 2752], [2226, 2742], [2220, 2729], [2215, 2724]];[[2173, 2719], [2152, 2721], [2150, 2723], [2146, 2726], [2144, 2729], [2142, 2733], [2140, 2738], [2138, 2745], [2135, 2752], [2133, 2761], [2137, 2770], [2141, 2769], [2143, 2766], [2146, 2768], [2152, 2771], [2157, 2776], [2158, 2780], [2161, 2782], [2173, 2784], [2184, 2783], [2186, 2781], [2188, 2778], [2191, 2776], [2193, 2773], [2196, 2771], [2199, 2768], [2201, 2765], [2203, 2761], [2205, 2757], [2208, 2747], [2210, 2738], [2212, 2730], [2204, 2724], [2194, 2722]]
6;-1;NA;NA;0.0;0.0;2840;0;[1694, 1742, 1767, 1818];[];[[1761, 1755], [1767, 1770], [1761, 1795], [1746, 1818], [1733, 1806], [1717, 1805], [1704, 1806], [1694, 1799], [1703, 1784], [1718, 1776], [1732, 1766], [1722, 1748], [1722, 1742], [1737, 1756], [1743, 1757]];[]
7;-1;NA;NA;0.0;0.0;2980;0;[1179, 2846, 1242, 2926];[];[[1231, 2846], [1221, 2850], [1203, 2863], [1192, 2878], [1180, 2893], [1179, 2905], [1188, 2921], [1202, 2926], [1222, 2908], [1232, 2896], [1235, 2875], [1242, 2846]];[]
8;997;NA;0.767578125;0.7418879056047197;0.706021249294281;4260;4007;[38, 1409, 109, 1504];[44, 1412, 111, 1527];[[92, 1409], [75, 1417], [65, 1415], [66, 1428], [60, 1437], [46, 1450], [38, 1462], [41, 1472], [66, 1453], [58, 1470], [42, 1484], [46, 1493], [57, 1493], [85, 1480], [90, 1504], [105, 1499], [104, 1462], [109, 1443], [107, 1428], [104, 1417]];[[99, 1413], [87, 1412], [76, 1413], [74, 1415], [72, 1417], [70, 1419], [67, 1422], [65, 1424], [64, 1427], [62, 1431], [60, 1435], [58, 1439], [56, 1441], [54, 1443], [51, 1446], [49, 1448], [48, 1451], [46, 1455], [44, 1463], [46, 1471], [48, 1475], [65, 1479], [83, 1481], [86, 1483], [88, 1487], [89, 1491], [91, 1493], [90, 1495], [88, 1501], [86, 1507], [84, 1511], [82, 1515], [80, 1521], [81, 1527], [83, 1525], [85, 1523], [87, 1521], [89, 1519], [91, 1515], [93, 1511], [95, 1507], [97, 1503], [99, 1491], [101, 1479], [103, 1471], [105, 1463], [107, 1457], [109, 1451], [111, 1439], [109, 1427], [107, 1423], [105, 1420], [103, 1418], [101, 1415]]
9;960;NA;0.83740234375;0.8448233259204349;0.8085106611251831;3765;3701;[271, 2839, 342, 2919];[278, 2843, 343, 2923];[[342, 2867], [336, 2906], [326, 2914], [288, 2919], [275, 2915], [271, 2903], [287, 2894], [296, 2850], [301, 2842], [311, 2839], [326, 2843]];[[313, 2843], [302, 2845], [299, 2847], [297, 2852], [295, 2857], [292, 2866], [290, 2876], [287, 2881], [285, 2885], [282, 2889], [280, 2891], [278, 2900], [280, 2908], [282, 2911], [285, 2914], [287, 2916], [294, 2918], [301, 2920], [311, 2923], [319, 2921], [322, 2919], [325, 2916], [327, 2913], [329, 2909], [331, 2904], [334, 2900], [336, 2895], [338, 2888], [341, 2881], [343, 2871], [342, 2862], [339, 2860], [337, 2858], [334, 2855], [332, 2853], [330, 2850], [326, 2847], [324, 2845]]
10;949;NA;0.84375;0.6530978748877582;0.5251736044883728;3274;2249;[165, 284, 237, 364];[168, 288, 223, 343];[[171, 292], [165, 310], [178, 331], [189, 343], [198, 353], [222, 364], [231, 358], [237, 344], [225, 326], [224, 310], [209, 304], [201, 303], [201, 288], [191, 284]];[[185, 288], [172, 289], [170, 291], [168, 303], [170, 315], [172, 319], [173, 323], [175, 325], [178, 327], [180, 331], [181, 335], [183, 337], [187, 339], [191, 341], [201, 343], [211, 341], [213, 339], [215, 337], [217, 335], [219, 331], [221, 327], [223, 317], [221, 308], [219, 306], [213, 304], [207, 302], [205, 300], [203, 298], [201, 295], [199, 291]]
11;-1;NA;NA;0.0;0.0;2211;0;[530, 2814, 601, 2866];[];[[592, 2814], [563, 2825], [535, 2834], [530, 2841], [530, 2849], [536, 2856], [554, 2858], [546, 2866], [559, 2866], [578, 2861], [581, 2846], [594, 2846], [601, 2830], [594, 2828]];[]
12;930;NA;0.85009765625;0.8258928571428571;0.7781204581260681;3840;3931;[461, 2878, 522, 2979];[469, 2881, 520, 2975];[[487, 2878], [477, 2894], [479, 2907], [465, 2896], [461, 2902], [470, 2915], [478, 2923], [480, 2945], [476, 2958], [476, 2970], [490, 2979], [507, 2973], [519, 2931], [522, 2890], [506, 2888]];[[489, 2881], [478, 2883], [476, 2885], [473, 2890], [471, 2895], [469, 2909], [471, 2924], [473, 2933], [476, 2943], [478, 2945], [476, 2947], [473, 2957], [475, 2966], [477, 2968], [481, 2971], [483, 2974], [494, 2975], [505, 2974], [508, 2971], [511, 2968], [513, 2966], [515, 2938], [517, 2909], [520, 2900], [518, 2891], [516, 2889], [508, 2886], [501, 2884]]
13;989;NA;0.806640625;0.7665232694563943;0.9282110333442688;2066;2451;[646, 2698, 720, 2755];[648, 2696, 719, 2755];[[675, 2700], [687, 2713], [695, 2720], [718, 2701], [720, 2708], [696, 2729], [684, 2729], [680, 2737], [675, 2747], [668, 2752], [656, 2755], [651, 2752], [654, 2735], [646, 2724], [649, 2706], [665, 2698]];[[652, 2743], [661, 2755], [671, 2753], [673, 2751], [675, 2749], [677, 2747], [679, 2743], [683, 2739], [687, 2737], [689, 2735], [691, 2733], [695, 2731], [699, 2729], [701, 2727], [703, 2725], [705, 2723], [707, 2721], [709, 2719], [711, 2717], [713, 2715], [715, 2713], [717, 2711], [719, 2707], [713, 2704], [708, 2705], [706, 2707], [703, 2710], [695, 2712], [687, 2708], [685, 2704], [683, 2702], [681, 2699], [679, 2697], [667, 2696], [656, 2697], [654, 2699], [652, 2703], [650, 2707], [648, 2719], [650, 2731]]
14;-1;NA;NA;0.0;0.0;3277;0;[483, 1502, 541, 1605];[];[[510, 1605], [524, 1602], [541, 1582], [541, 1568], [532, 1556], [516, 1534], [500, 1502], [483, 1515], [494, 1533], [501, 1556], [491, 1554], [489, 1565], [487, 1577], [490, 1584], [501, 1586], [499, 1595]];[]
15;775;NA;0.888671875;0.78318276580959;0.8862064480781555;3886;3812;[610, 786, 683, 887];[616, 788, 682, 887];[[680, 791], [683, 809], [672, 834], [652, 877], [639, 887], [628, 877], [636, 856], [622, 846], [610, 859], [613, 836], [637, 818], [616, 818], [620, 809], [645, 809], [653, 792], [662, 786]];[[668, 791], [661, 788], [655, 790], [652, 792], [650, 795], [647, 797], [645, 799], [643, 802], [640, 805], [630, 807], [621, 809], [619, 811], [616, 826], [620, 839], [625, 841], [630, 844], [635, 849], [638, 854], [640, 856], [638, 859], [636, 868], [633, 878], [631, 880], [632, 882], [635, 884], [637, 887], [640, 884], [644, 882], [648, 880], [651, 878], [654, 875], [656, 872], [658, 868], [660, 864], [663, 861], [665, 859], [668, 856], [671, 853], [672, 842], [675, 830], [677, 823], [679, 816], [682, 806], [680, 798], [678, 795], [673, 793]]
16;-1;NA;NA;0.0;0.0;2570;0;[680, 1951, 760, 2006];[];[[688, 1962], [704, 1966], [710, 1951], [720, 1953], [728, 1972], [760, 1982], [750, 2003], [734, 2006], [702, 1995], [696, 1995], [690, 1997], [684, 1992], [680, 1981], [682, 1971]];[]
17;864;NA;0.873046875;0.8574108818011257;0.893906831741333;2919;3021;[730, 2402, 823, 2447];[736, 2404, 823, 2447];[[778, 2408], [801, 2411], [821, 2430], [823, 2443], [817, 2446], [772, 2447], [752, 2435], [734, 2422], [730, 2414], [734, 2404], [736, 2402]];[[738, 2407], [736, 2417], [737, 2427], [739, 2429], [742, 2431], [744, 2433], [747, 2435], [751, 2437], [754, 2439], [756, 2441], [759, 2443], [763, 2445], [791, 2447], [819, 2445], [821, 2443], [823, 2439], [821, 2435], [819, 2431], [817, 2427], [815, 2423], [813, 2420], [811, 2418], [809, 2416], [807, 2414], [805, 2411], [803, 2409], [799, 2408], [795, 2406], [767, 2404], [740, 2405]]
18;971;NA;0.83203125;0.6930067167127617;0.7005987763404846;1776;2509;[934, 2978, 988, 3032];[936, 2972, 996, 3037];[[985, 2983], [988, 2991], [984, 3002], [977, 3016], [958, 3032], [940, 3031], [934, 3026], [942, 3006], [951, 2994], [971, 2978]];[[996, 2976], [980, 2972], [965, 2974], [962, 2976], [960, 2978], [957, 2981], [955, 2983], [953, 2986], [950, 2988], [948, 2990], [945, 2994], [942, 2996], [941, 3000], [938, 3005], [936, 3019], [940, 3032], [945, 3035], [949, 3037], [954, 3035], [959, 3032], [964, 3030], [969, 3028], [973, 3026], [975, 3024], [977, 3019], [980, 3014], [982, 3009], [984, 3005], [988, 3001], [990, 2999], [992, 2990], [994, 2981]]
19;898;NA;0.865234375;0.810871392546932;0.8242245316505432;3214;3249;[1228, 1180, 1332, 1240];[1227, 1177, 1321, 1242];[[1235, 1180], [1228, 1198], [1248, 1216], [1282, 1235], [1313, 1240], [1325, 1237], [1332, 1227], [1327, 1221], [1296, 1210], [1280, 1187]];[[1243, 1177], [1227, 1190], [1228, 1204], [1231, 1206], [1234, 1209], [1236, 1212], [1240, 1213], [1245, 1216], [1248, 1219], [1251, 1221], [1257, 1223], [1264, 1225], [1269, 1228], [1274, 1230], [1278, 1232], [1283, 1235], [1290, 1237], [1298, 1240], [1300, 1242], [1302, 1240], [1307, 1237], [1311, 1236], [1313, 1233], [1317, 1230], [1319, 1228], [1321, 1224], [1319, 1220], [1317, 1217], [1312, 1215], [1307, 1213], [1302, 1210], [1298, 1208], [1294, 1205], [1292, 1200], [1288, 1196], [1283, 1193], [1278, 1191], [1274, 1189], [1269, 1186], [1264, 1184], [1261, 1181], [1259, 1178]]
20;598;NA;0.9072265625;0.7941680960548885;0.9166443347930908;5769;5737;[1228, 1121, 1336, 1222];[1226, 1124, 1337, 1219];[[1336, 1201], [1329, 1216], [1316, 1222], [1293, 1215], [1280, 1196], [1252, 1184], [1228, 1169], [1228, 1146], [1264, 1152], [1264, 1153], [1265, 1154], [1266, 1156], [1267, 1158], [1268, 1159], [1269, 1160], [1270, 1161], [1270, 1159], [1269, 1154], [1268, 1147], [1266, 1140], [1265, 1134], [1264, 1129], [1263, 1127], [1266, 1121], [1280, 1134], [1296, 1157], [1300, 1159], [1303, 1144], [1316, 1133], [1328, 1131], [1324, 1142], [1314, 1151], [1318, 1156], [1332, 1141], [1333, 1150], [1327, 1165], [1330, 1173], [1319, 1184], [1322, 1195], [1331, 1194]];[[1229, 1148], [1226, 1161], [1239, 1175], [1253, 1177], [1257, 1179], [1261, 1181], [1264, 1183], [1266, 1185], [1269, 1187], [1273, 1189], [1277, 1191], [1281, 1193], [1284, 1195], [1286, 1197], [1289, 1199], [1293, 1201], [1296, 1203], [1298, 1207], [1301, 1211], [1305, 1213], [1309, 1215], [1313, 1217], [1317, 1219], [1321, 1217], [1325, 1215], [1329, 1213], [1331, 1211], [1333, 1209], [1335, 1207], [1337, 1201], [1335, 1196], [1333, 1194], [1331, 1192], [1329, 1190], [1327, 1187], [1325, 1183], [1327, 1179], [1329, 1169], [1331, 1159], [1333, 1153], [1331, 1148], [1329, 1146], [1327, 1143], [1325, 1139], [1323, 1136], [1321, 1134], [1315, 1132], [1310, 1133], [1308, 1135], [1306, 1137], [1304, 1139], [1302, 1141], [1300, 1143], [1297, 1146], [1293, 1148], [1289, 1146], [1287, 1144], [1285, 1142], [1283, 1140], [1281, 1138], [1279, 1135], [1277, 1131], [1275, 1128], [1273, 1126], [1267, 1124], [1262, 1133], [1260, 1143], [1257, 1146], [1253, 1148], [1249, 1146], [1241, 1144], [1233, 1146]]
21;1005;NA;0.73095703125;0.7094594594594594;0.7511211037635803;2329;2984;[1650, 2037, 1717, 2108];[1630, 2036, 1717, 2107];[[1717, 2037], [1702, 2085], [1695, 2088], [1684, 2104], [1665, 2108], [1650, 2099], [1654, 2082], [1663, 2070], [1674, 2059], [1688, 2054], [1698, 2051]];[[1717, 2041], [1709, 2036], [1702, 2037], [1700, 2039], [1698, 2041], [1696, 2043], [1693, 2046], [1689, 2048], [1685, 2050], [1681, 2052], [1678, 2053], [1676, 2055], [1674, 2057], [1672, 2059], [1670, 2061], [1668, 2063], [1665, 2066], [1647, 2068], [1630, 2077], [1639, 2087], [1649, 2093], [1651, 2099], [1653, 2101], [1656, 2103], [1658, 2105], [1667, 2107], [1677, 2105], [1681, 2103], [1685, 2101], [1687, 2099], [1689, 2097], [1691, 2095], [1693, 2091], [1695, 2087], [1697, 2085], [1699, 2083], [1701, 2079], [1703, 2075], [1705, 2069], [1707, 2063], [1709, 2057], [1711, 2051], [1713, 2049], [1715, 2047]]
22;994;NA;0.78125;0.7851745232097876;0.9117646813392639;2191;2770;[2019, 1953, 2082, 2016];[2017, 1952, 2084, 2015];[[2075, 1964], [2082, 1989], [2078, 2005], [2059, 2016], [2042, 2010], [2042, 2009], [2041, 2009], [2040, 2007], [2039, 2006], [2037, 2005], [2036, 2004], [2036, 2003], [2036, 2002], [2037, 1998], [2038, 1992], [2039, 1987], [2039, 1981], [2040, 1978], [2040, 1976], [2049, 1965], [2019, 1957], [2019, 1953], [2055, 1960], [2062, 1965], [2069, 1957]];[[2030, 1952], [2017, 1955], [2020, 1959], [2024, 1961], [2030, 1963], [2036, 1965], [2039, 1967], [2041, 1971], [2039, 1975], [2036, 1978], [2034, 1980], [2033, 1991], [2035, 2003], [2037, 2007], [2040, 2011], [2044, 2013], [2056, 2015], [2068, 2013], [2072, 2011], [2076, 2009], [2078, 2007], [2080, 1999], [2082, 1991], [2084, 1981], [2082, 1972], [2080, 1970], [2078, 1967], [2076, 1963], [2074, 1960], [2072, 1958], [2058, 1956], [2044, 1954]]
23;928;NA;0.85107421875;0.664293742974897;0.5766309499740601;2040;2402;[2187, 208, 2244, 275];[2193, 212, 2240, 303];[[2228, 208], [2244, 226], [2227, 257], [2218, 268], [2207, 275], [2199, 263], [2187, 245], [2202, 228]];[[2236, 215], [2226, 212], [2217, 213], [2215, 215], [2213, 219], [2211, 223], [2209, 225], [2207, 227], [2204, 230], [2202, 232], [2201, 235], [2199, 239], [2196, 242], [2194, 244], [2193, 253], [2195, 263], [2197, 283], [2202, 303], [2208, 301], [2210, 299], [2212, 297], [2214, 295], [2216, 283], [2218, 271], [2220, 267], [2222, 263], [2224, 259], [2226, 255], [2228, 251], [2230, 247], [2232, 243], [2234, 239], [2236, 237], [2238, 235], [2240, 227], [2238, 219]]
24;-1;NA;NA;0.0;0.0;3485;0;[2256, 285, 2332, 379];[];[[2304, 285], [2288, 296], [2279, 307], [2276, 312], [2289, 325], [2296, 324], [2258, 361], [2256, 368], [2262, 370], [2271, 362], [2268, 379], [2309, 357], [2329, 330], [2332, 310]];[]
25;702;NA;0.8974609375;0.4850541860188162;0.5211711525917053;4664;7806;[2279, 323, 2375, 412];[2264, 290, 2357, 416];[[2331, 323], [2323, 330], [2306, 350], [2280, 374], [2279, 395], [2290, 405], [2308, 386], [2319, 408], [2334, 412], [2352, 410], [2360, 401], [2352, 368], [2375, 381], [2370, 368], [2347, 350]];[[2305, 290], [2286, 294], [2280, 299], [2275, 310], [2278, 319], [2284, 324], [2280, 331], [2273, 339], [2268, 344], [2264, 364], [2268, 383], [2273, 389], [2280, 396], [2286, 401], [2300, 405], [2316, 410], [2332, 416], [2346, 412], [2352, 407], [2357, 385], [2354, 366], [2348, 360], [2341, 353], [2336, 342], [2330, 331], [2325, 310]]
26;929;NA;0.85107421875;0.7141750580945004;0.8678881525993347;3079;3560;[2432, 1039, 2524, 1103];[2428, 1038, 2522, 1099];[[2432, 1057], [2432, 1073], [2451, 1083], [2486, 1097], [2520, 1103], [2524, 1092], [2512, 1075], [2497, 1079], [2492, 1064], [2487, 1048], [2487, 1047], [2485, 1046], [2483, 1044], [2480, 1042], [2478, 1041], [2476, 1040], [2475, 1039], [2474, 1039], [2471, 1040], [2469, 1042], [2466, 1044], [2463, 1045], [2461, 1046], [2460, 1047], [2450, 1056], [2446, 1054]];[[2432, 1058], [2428, 1066], [2430, 1075], [2432, 1077], [2437, 1080], [2442, 1082], [2461, 1085], [2480, 1087], [2485, 1089], [2490, 1092], [2494, 1094], [2499, 1097], [2509, 1099], [2517, 1097], [2520, 1095], [2522, 1088], [2521, 1081], [2518, 1079], [2513, 1077], [2509, 1074], [2506, 1071], [2503, 1069], [2506, 1066], [2509, 1063], [2511, 1061], [2513, 1057], [2509, 1053], [2504, 1050], [2499, 1048], [2494, 1046], [2490, 1043], [2485, 1041], [2475, 1038], [2466, 1041], [2461, 1043], [2457, 1045], [2455, 1047], [2452, 1050], [2444, 1053], [2437, 1055]]
27;842;NA;0.87744140625;0.7960275019098548;0.7469560503959656;3871;3182;[3000, 2547, 3055, 2644];[3004, 2560, 3059, 2643];[[3020, 2547], [3017, 2560], [3010, 2566], [3009, 2595], [3000, 2608], [3000, 2630], [3004, 2635], [3012, 2636], [3022, 2644], [3037, 2643], [3055, 2621], [3055, 2578]];[[3029, 2560], [3020, 2561], [3018, 2563], [3015, 2566], [3013, 2568], [3012, 2577], [3014, 2587], [3016, 2591], [3014, 2595], [3012, 2599], [3010, 2603], [3008, 2607], [3006, 2611], [3004, 2623], [3007, 2635], [3011, 2637], [3015, 2639], [3019, 2641], [3027, 2643], [3035, 2641], [3037, 2639], [3039, 2637], [3041, 2635], [3043, 2631], [3045, 2627], [3047, 2625], [3049, 2623], [3051, 2619], [3053, 2615], [3055, 2613], [3057, 2611], [3059, 2603], [3057, 2595], [3055, 2591], [3053, 2588], [3051, 2586], [3049, 2583], [3047, 2579], [3045, 2575], [3043, 2571], [3041, 2567], [3039, 2563]]
28;878;NA;0.86962890625;0.8090614886731392;0.8576681613922119;3090;2500;[3048, 2782, 3115, 2851];[3053, 2786, 3114, 2851];[[3066, 2782], [3054, 2794], [3053, 2801], [3048, 2807], [3048, 2817], [3089, 2851], [3107, 2851], [3115, 2842], [3115, 2824], [3109, 2811], [3097, 2800], [3091, 2798], [3079, 2782]];[[3069, 2786], [3063, 2788], [3060, 2790], [3057, 2793], [3055, 2796], [3053, 2809], [3057, 2823], [3062, 2825], [3064, 2827], [3067, 2830], [3070, 2833], [3072, 2835], [3076, 2837], [3081, 2839], [3083, 2842], [3086, 2844], [3089, 2847], [3091, 2850], [3098, 2851], [3104, 2850], [3106, 2847], [3110, 2844], [3112, 2842], [3114, 2835], [3111, 2828], [3109, 2821], [3106, 2814], [3104, 2809], [3102, 2805], [3100, 2803], [3093, 2800], [3086, 2798], [3083, 2796], [3081, 2793], [3078, 2790], [3075, 2788]]
29;266;NA;0.92578125;0.868569415081043;0.8368794322013855;2655;2648;[3241, 2761, 3311, 2823];[3240, 2764, 3315, 2827];[[3241, 2767], [3241, 2786], [3277, 2816], [3285, 2818], [3289, 2822], [3307, 2823], [3311, 2821], [3311, 2801], [3306, 2794], [3288, 2778], [3258, 2761], [3248, 2761]];[[3257, 2764], [3240, 2773], [3241, 2783], [3243, 2785], [3245, 2787], [3247, 2789], [3249, 2791], [3251, 2793], [3253, 2795], [3255, 2797], [3257, 2799], [3259, 2801], [3261, 2803], [3263, 2805], [3266, 2807], [3268, 2809], [3271, 2811], [3275, 2813], [3277, 2815], [3279, 2817], [3282, 2819], [3284, 2821], [3289, 2823], [3295, 2825], [3299, 2827], [3303, 2825], [3307, 2823], [3311, 2821], [3313, 2819], [3315, 2811], [3313, 2804], [3311, 2802], [3309, 2800], [3307, 2798], [3305, 2796], [3303, 2794], [3301, 2792], [3299, 2790], [3297, 2788], [3295, 2786], [3293, 2784], [3291, 2782], [3289, 2780], [3287, 2778], [3285, 2776], [3283, 2774], [3281, 2772], [3279, 2770], [3277, 2767], [3275, 2765]]
30;109;NA;0.93603515625;0.8120456905503635;0.9252026677131653;3494;3486;[3114, 2833, 3209, 2888];[3112, 2832, 3207, 2887];[[3114, 2849], [3115, 2857], [3128, 2868], [3137, 2869], [3160, 2879], [3168, 2879], [3173, 2883], [3184, 2884], [3190, 2888], [3200, 2888], [3209, 2880], [3209, 2860], [3185, 2844], [3176, 2843], [3157, 2834], [3135, 2833], [3125, 2835]];[[3113, 2844], [3112, 2855], [3115, 2867], [3119, 2869], [3127, 2871], [3135, 2873], [3141, 2875], [3147, 2877], [3155, 2879], [3163, 2881], [3171, 2883], [3179, 2885], [3189, 2887], [3199, 2885], [3201, 2883], [3203, 2881], [3205, 2879], [3207, 2873], [3205, 2868], [3203, 2866], [3201, 2863], [3199, 2861], [3195, 2860], [3191, 2858], [3189, 2856], [3187, 2854], [3185, 2852], [3183, 2850], [3181, 2847], [3179, 2845], [3175, 2844], [3171, 2842], [3167, 2840], [3163, 2838], [3159, 2836], [3155, 2834], [3139, 2832], [3124, 2833], [3122, 2835], [3120, 2837], [3118, 2839], [3115, 2842]]
31;883;NA;0.86865234375;0.7884652981427175;0.7066051959991455;4785;4363;[3169, 2495, 3227, 2605];[3172, 2488, 3231, 2587];[[3222, 2495], [3191, 2495], [3180, 2507], [3179, 2534], [3171, 2547], [3169, 2569], [3173, 2599], [3179, 2605], [3194, 2603], [3202, 2594], [3210, 2571], [3227, 2547], [3227, 2501]];[[3211, 2490], [3201, 2488], [3192, 2489], [3190, 2491], [3187, 2494], [3185, 2496], [3184, 2501], [3182, 2507], [3180, 2519], [3178, 2531], [3176, 2541], [3174, 2551], [3172, 2565], [3173, 2579], [3175, 2581], [3178, 2583], [3180, 2585], [3187, 2587], [3195, 2585], [3199, 2583], [3203, 2581], [3205, 2579], [3207, 2577], [3209, 2575], [3211, 2573], [3213, 2571], [3215, 2569], [3217, 2567], [3219, 2563], [3221, 2559], [3223, 2551], [3225, 2543], [3227, 2533], [3229, 2523], [3231, 2513], [3229, 2503], [3227, 2499], [3223, 2496], [3219, 2494], [3215, 2492]]
32;765;NA;0.89013671875;0.7467939158962124;0.7528011202812195;3353;2504;[2572, 2774, 2656, 2825];[2580, 2780, 2655, 2823];[[2656, 2798], [2643, 2780], [2635, 2775], [2622, 2774], [2599, 2783], [2594, 2787], [2580, 2791], [2574, 2801], [2572, 2812], [2579, 2821], [2586, 2825], [2635, 2825], [2651, 2814], [2656, 2806]];[[2580, 2809], [2581, 2819], [2583, 2821], [2607, 2823], [2631, 2821], [2635, 2819], [2639, 2817], [2641, 2815], [2643, 2813], [2645, 2811], [2647, 2809], [2649, 2807], [2651, 2805], [2653, 2803], [2655, 2799], [2653, 2796], [2651, 2794], [2649, 2792], [2647, 2790], [2645, 2787], [2643, 2785], [2639, 2784], [2635, 2782], [2621, 2780], [2608, 2781], [2606, 2783], [2603, 2786], [2599, 2788], [2595, 2790], [2589, 2792], [2584, 2795], [2582, 2799]]
33;935;NA;0.84912109375;0.7647213459516299;0.7361401915550232;3179;3534;[2884, 2794, 2957, 2850];[2888, 2788, 2963, 2855];[[2885, 2805], [2884, 2825], [2886, 2830], [2891, 2835], [2918, 2850], [2936, 2850], [2947, 2843], [2956, 2833], [2957, 2827], [2955, 2819], [2949, 2808], [2928, 2796], [2920, 2794], [2902, 2796]];[[2890, 2803], [2888, 2815], [2889, 2827], [2891, 2829], [2893, 2831], [2895, 2833], [2898, 2835], [2900, 2837], [2903, 2839], [2907, 2841], [2910, 2843], [2912, 2845], [2915, 2847], [2919, 2849], [2925, 2851], [2931, 2853], [2939, 2855], [2947, 2853], [2949, 2851], [2951, 2849], [2953, 2847], [2955, 2843], [2957, 2839], [2959, 2835], [2961, 2831], [2963, 2827], [2961, 2823], [2959, 2815], [2957, 2808], [2956, 2809], [2954, 2811], [2951, 2810], [2949, 2807], [2947, 2797], [2933, 2788], [2920, 2789], [2918, 2791], [2915, 2796], [2903, 2800], [2892, 2801]]
34;676;NA;0.89990234375;0.8005415162454874;0.8049212098121643;4240;3740;[2761, 2520, 2838, 2594];[2757, 2529, 2842, 2594];[[2834, 2530], [2825, 2526], [2807, 2525], [2794, 2520], [2774, 2522], [2773, 2526], [2776, 2534], [2764, 2553], [2761, 2562], [2761, 2576], [2764, 2586], [2773, 2594], [2784, 2594], [2792, 2589], [2802, 2587], [2809, 2580], [2817, 2578], [2836, 2559], [2838, 2540]];[[2842, 2544], [2840, 2538], [2838, 2536], [2833, 2533], [2828, 2531], [2812, 2529], [2795, 2531], [2790, 2533], [2786, 2535], [2784, 2537], [2781, 2541], [2769, 2543], [2757, 2549], [2760, 2556], [2762, 2561], [2760, 2566], [2757, 2573], [2759, 2579], [2761, 2582], [2764, 2584], [2766, 2587], [2769, 2590], [2772, 2592], [2781, 2594], [2790, 2591], [2795, 2589], [2799, 2587], [2801, 2585], [2804, 2582], [2809, 2579], [2813, 2578], [2815, 2575], [2818, 2573], [2820, 2571], [2823, 2568], [2825, 2566], [2827, 2564], [2830, 2561], [2832, 2559], [2835, 2556], [2838, 2553], [2840, 2551]]
35;710;NA;0.896484375;0.8128564022809746;0.7788461446762085;3817;3177;[2545, 2870, 2596, 2956];[2549, 2868, 2592, 2951];[[2558, 2870], [2551, 2877], [2550, 2886], [2546, 2892], [2545, 2930], [2553, 2951], [2567, 2956], [2574, 2956], [2586, 2950], [2594, 2935], [2595, 2924], [2592, 2912], [2596, 2896], [2595, 2885], [2584, 2870]];[[2574, 2868], [2560, 2870], [2556, 2872], [2553, 2877], [2551, 2883], [2549, 2911], [2551, 2939], [2553, 2943], [2556, 2947], [2560, 2949], [2570, 2951], [2580, 2949], [2582, 2947], [2584, 2943], [2586, 2939], [2588, 2935], [2590, 2931], [2592, 2903], [2590, 2875], [2588, 2871]]
36;352;NA;0.92138671875;0.7982918149466193;0.8020339012145996;6514;6119;[2696, 2535, 2787, 2635];[2694, 2544, 2792, 2641];[[2710, 2535], [2696, 2565], [2696, 2589], [2705, 2606], [2706, 2620], [2714, 2625], [2739, 2626], [2750, 2635], [2759, 2632], [2782, 2634], [2787, 2624], [2786, 2597], [2765, 2567], [2752, 2553], [2743, 2550], [2724, 2535]];[[2721, 2544], [2701, 2550], [2697, 2557], [2694, 2585], [2700, 2613], [2707, 2620], [2718, 2627], [2728, 2631], [2733, 2635], [2737, 2639], [2743, 2641], [2750, 2638], [2757, 2634], [2764, 2631], [2779, 2627], [2792, 2618], [2789, 2608], [2786, 2604], [2781, 2600], [2777, 2596], [2771, 2594], [2764, 2590], [2759, 2585], [2756, 2571], [2754, 2558], [2750, 2554], [2745, 2550], [2742, 2546]]
37;150;NA;0.9326171875;0.9166816952209198;0.9070025682449341;5321;5307;[2491, 2605, 2561, 2713];[2488, 2604, 2559, 2715];[[2520, 2605], [2517, 2608], [2517, 2630], [2513, 2637], [2506, 2635], [2497, 2624], [2491, 2625], [2492, 2650], [2500, 2660], [2500, 2669], [2508, 2679], [2509, 2690], [2519, 2711], [2541, 2713], [2553, 2700], [2553, 2650], [2561, 2638], [2561, 2616], [2550, 2605]];[[2537, 2604], [2520, 2607], [2518, 2611], [2516, 2623], [2512, 2635], [2507, 2634], [2505, 2632], [2503, 2630], [2501, 2628], [2499, 2626], [2497, 2623], [2495, 2621], [2491, 2620], [2488, 2631], [2490, 2643], [2492, 2647], [2494, 2651], [2496, 2655], [2497, 2659], [2499, 2661], [2502, 2663], [2504, 2669], [2506, 2675], [2508, 2683], [2509, 2691], [2511, 2693], [2514, 2695], [2516, 2699], [2518, 2703], [2520, 2707], [2521, 2711], [2523, 2713], [2531, 2715], [2539, 2713], [2541, 2711], [2543, 2709], [2545, 2707], [2547, 2705], [2549, 2703], [2551, 2699], [2553, 2695], [2555, 2681], [2553, 2667], [2551, 2661], [2553, 2655], [2555, 2647], [2557, 2639], [2559, 2625], [2557, 2611], [2555, 2607]]
38;446;NA;0.916015625;0.9009061114324273;0.975867509841919;5083;4777;[2836, 2663, 2938, 2731];[2836, 2664, 2939, 2731];[[2938, 2673], [2916, 2663], [2904, 2669], [2876, 2671], [2864, 2677], [2853, 2678], [2836, 2689], [2836, 2721], [2847, 2731], [2865, 2731], [2874, 2724], [2907, 2722], [2918, 2716], [2937, 2697]];[[2939, 2683], [2937, 2676], [2935, 2674], [2933, 2671], [2931, 2669], [2925, 2668], [2919, 2666], [2909, 2664], [2900, 2665], [2898, 2667], [2895, 2670], [2891, 2672], [2887, 2674], [2883, 2676], [2879, 2678], [2863, 2680], [2847, 2682], [2843, 2684], [2840, 2685], [2838, 2687], [2836, 2697], [2838, 2707], [2840, 2715], [2841, 2723], [2843, 2725], [2847, 2727], [2851, 2729], [2853, 2731], [2855, 2729], [2865, 2727], [2875, 2725], [2893, 2723], [2911, 2721], [2915, 2719], [2919, 2717], [2921, 2715], [2923, 2713], [2925, 2711], [2927, 2707], [2929, 2703], [2931, 2701], [2933, 2699], [2935, 2695], [2937, 2691]]
39;163;NA;0.931640625;0.8960809508512688;0.876883864402771;6146;5659;[2610, 2625, 2697, 2730];[2616, 2628, 2699, 2731];[[2692, 2625], [2679, 2626], [2663, 2633], [2654, 2628], [2642, 2630], [2630, 2643], [2625, 2656], [2610, 2666], [2612, 2679], [2627, 2696], [2629, 2710], [2644, 2730], [2663, 2730], [2668, 2717], [2675, 2711], [2679, 2698], [2686, 2690], [2686, 2679], [2694, 2671], [2697, 2638]];[[2691, 2629], [2685, 2628], [2679, 2630], [2671, 2632], [2663, 2630], [2651, 2628], [2640, 2631], [2638, 2635], [2636, 2639], [2634, 2643], [2631, 2646], [2629, 2648], [2628, 2651], [2626, 2655], [2624, 2657], [2622, 2659], [2619, 2662], [2617, 2664], [2616, 2669], [2617, 2675], [2619, 2677], [2622, 2679], [2624, 2683], [2626, 2687], [2628, 2697], [2630, 2707], [2632, 2711], [2633, 2715], [2635, 2717], [2637, 2719], [2639, 2721], [2642, 2723], [2644, 2725], [2647, 2727], [2651, 2729], [2655, 2731], [2659, 2729], [2661, 2727], [2663, 2725], [2665, 2723], [2667, 2721], [2669, 2719], [2671, 2717], [2673, 2715], [2675, 2711], [2677, 2707], [2679, 2697], [2681, 2687], [2683, 2681], [2685, 2675], [2687, 2673], [2689, 2671], [2691, 2667], [2693, 2663], [2695, 2659], [2697, 2655], [2699, 2645], [2697, 2636], [2695, 2634], [2693, 2631]]
40;223;NA;0.92724609375;0.8953546872379675;0.916796088218689;5636;5666;[2551, 2454, 2663, 2523];[2552, 2457, 2661, 2522];[[2552, 2462], [2565, 2481], [2551, 2498], [2552, 2516], [2559, 2522], [2607, 2523], [2617, 2514], [2628, 2514], [2638, 2506], [2650, 2504], [2663, 2491], [2661, 2477], [2651, 2468], [2638, 2462], [2628, 2469], [2608, 2468], [2599, 2460], [2576, 2458], [2569, 2454]];[[2573, 2457], [2552, 2463], [2555, 2471], [2557, 2475], [2555, 2480], [2552, 2497], [2554, 2513], [2556, 2515], [2560, 2518], [2562, 2521], [2578, 2522], [2595, 2520], [2606, 2517], [2618, 2515], [2628, 2513], [2637, 2510], [2642, 2508], [2646, 2506], [2649, 2504], [2651, 2502], [2653, 2499], [2657, 2496], [2659, 2494], [2661, 2485], [2659, 2476], [2657, 2474], [2654, 2471], [2652, 2469], [2649, 2467], [2647, 2464], [2644, 2461], [2641, 2459], [2640, 2457], [2638, 2459], [2636, 2461], [2633, 2464], [2618, 2467], [2604, 2464], [2599, 2462], [2595, 2459]]
41;478;NA;0.91357421875;0.8953621201736349;0.8834951519966125;4302;3994;[2631, 2527, 2688, 2620];[2633, 2528, 2692, 2619];[[2654, 2527], [2649, 2529], [2647, 2541], [2637, 2559], [2631, 2565], [2631, 2595], [2640, 2606], [2650, 2608], [2666, 2620], [2670, 2620], [2680, 2613], [2686, 2598], [2688, 2531], [2685, 2528]];[[2668, 2528], [2653, 2531], [2651, 2535], [2649, 2541], [2647, 2547], [2645, 2549], [2643, 2551], [2640, 2554], [2638, 2556], [2637, 2559], [2635, 2563], [2633, 2583], [2636, 2603], [2640, 2605], [2646, 2607], [2652, 2609], [2654, 2611], [2656, 2613], [2659, 2615], [2661, 2617], [2666, 2619], [2672, 2617], [2674, 2615], [2676, 2613], [2678, 2611], [2680, 2605], [2682, 2599], [2684, 2597], [2686, 2595], [2688, 2589], [2686, 2583], [2684, 2571], [2686, 2559], [2688, 2557], [2690, 2555], [2692, 2549], [2690, 2543], [2688, 2537], [2686, 2532], [2684, 2530]]
42;646;NA;0.9033203125;0.8997109183900378;0.8172546625137329;4305;4238;[2755, 2633, 2814, 2728];[2762, 2633, 2818, 2727];[[2788, 2633], [2773, 2633], [2764, 2641], [2755, 2666], [2762, 2678], [2763, 2720], [2773, 2728], [2798, 2722], [2807, 2713], [2808, 2704], [2814, 2698], [2814, 2677], [2808, 2669], [2806, 2661], [2809, 2651], [2796, 2636]];[[2781, 2633], [2767, 2637], [2765, 2642], [2762, 2683], [2764, 2723], [2766, 2725], [2783, 2727], [2799, 2726], [2801, 2723], [2804, 2720], [2807, 2718], [2808, 2714], [2811, 2709], [2813, 2699], [2815, 2690], [2818, 2685], [2815, 2680], [2813, 2676], [2811, 2671], [2808, 2664], [2806, 2657], [2804, 2649], [2802, 2643], [2800, 2641], [2796, 2637], [2794, 2635]]
43;525;NA;0.9111328125;0.8166755745590594;0.8268921375274658;3602;3196;[2786, 2455, 2876, 2524];[2796, 2457, 2875, 2522];[[2787, 2457], [2786, 2468], [2789, 2482], [2796, 2495], [2815, 2510], [2823, 2511], [2831, 2519], [2840, 2519], [2850, 2524], [2868, 2518], [2876, 2508], [2867, 2494], [2857, 2486], [2849, 2486], [2817, 2455], [2789, 2455]];[[2807, 2457], [2796, 2475], [2797, 2494], [2800, 2496], [2802, 2498], [2804, 2501], [2808, 2504], [2810, 2506], [2814, 2508], [2819, 2510], [2822, 2513], [2824, 2516], [2828, 2517], [2833, 2520], [2850, 2522], [2866, 2521], [2868, 2518], [2871, 2515], [2874, 2513], [2875, 2506], [2874, 2500], [2871, 2498], [2869, 2495], [2866, 2493], [2863, 2490], [2861, 2487], [2857, 2486], [2852, 2483], [2849, 2480], [2846, 2478], [2840, 2476], [2833, 2474], [2831, 2471], [2828, 2469], [2826, 2467], [2823, 2464], [2820, 2461], [2818, 2459]]
44;124;NA;0.9345703125;0.856536101934875;0.8177518248558044;4134;3734;[2901, 2580, 3002, 2641];[2908, 2584, 2999, 2643];[[2999, 2587], [2982, 2580], [2946, 2584], [2909, 2609], [2901, 2618], [2901, 2628], [2911, 2641], [2947, 2641], [2954, 2634], [2965, 2632], [2993, 2609], [3002, 2597]];[[2995, 2587], [2977, 2584], [2959, 2586], [2953, 2588], [2947, 2586], [2945, 2584], [2943, 2586], [2937, 2588], [2932, 2593], [2928, 2599], [2923, 2602], [2919, 2604], [2916, 2605], [2914, 2607], [2911, 2610], [2909, 2612], [2908, 2621], [2909, 2631], [2911, 2633], [2913, 2635], [2915, 2637], [2918, 2639], [2920, 2641], [2931, 2643], [2943, 2641], [2947, 2639], [2951, 2637], [2955, 2635], [2959, 2633], [2965, 2631], [2971, 2629], [2975, 2627], [2979, 2625], [2981, 2623], [2983, 2621], [2985, 2619], [2987, 2615], [2989, 2611], [2991, 2609], [2993, 2607], [2995, 2603], [2997, 2599], [2999, 2595], [2997, 2591]]
45;108;NA;0.93603515625;0.8340048348106366;0.9066666960716248;3496;3332;[2928, 2819, 3011, 2887];[2928, 2816, 3011, 2891];[[3011, 2821], [3008, 2819], [2986, 2820], [2973, 2831], [2961, 2833], [2944, 2841], [2936, 2849], [2933, 2859], [2928, 2864], [2928, 2884], [2933, 2887], [2948, 2887], [2960, 2881], [2969, 2880], [3011, 2843]];[[3011, 2829], [3009, 2820], [3007, 2818], [2997, 2816], [2988, 2817], [2986, 2819], [2984, 2821], [2982, 2823], [2979, 2826], [2975, 2828], [2972, 2829], [2970, 2831], [2967, 2834], [2963, 2836], [2960, 2839], [2958, 2843], [2956, 2845], [2954, 2847], [2952, 2849], [2950, 2851], [2947, 2854], [2941, 2856], [2936, 2857], [2934, 2859], [2931, 2862], [2929, 2864], [2928, 2873], [2929, 2883], [2931, 2885], [2935, 2887], [2939, 2889], [2943, 2891], [2947, 2889], [2953, 2887], [2959, 2885], [2963, 2883], [2967, 2881], [2969, 2879], [2971, 2877], [2975, 2875], [2979, 2873], [2983, 2871], [2987, 2869], [2989, 2867], [2991, 2865], [2993, 2863], [2995, 2861], [2997, 2859], [2999, 2855], [3001, 2851], [3003, 2849], [3005, 2847], [3007, 2843], [3009, 2839]]
46;649;NA;0.90283203125;0.9085173501577287;0.9080684185028076;5216;5069;[2786, 2937, 2874, 3032];[2788, 2940, 2875, 3035];[[2869, 2954], [2848, 2951], [2834, 2937], [2829, 2940], [2828, 2956], [2786, 2997], [2786, 3015], [2796, 3032], [2841, 3031], [2844, 3028], [2845, 3022], [2857, 3007], [2859, 2998], [2865, 2993], [2866, 2985], [2873, 2978], [2874, 2961]];[[2871, 2959], [2867, 2956], [2863, 2954], [2855, 2952], [2847, 2950], [2845, 2947], [2843, 2943], [2835, 2940], [2828, 2947], [2826, 2955], [2824, 2957], [2822, 2959], [2820, 2961], [2818, 2963], [2815, 2966], [2813, 2968], [2812, 2971], [2810, 2975], [2807, 2978], [2803, 2980], [2800, 2981], [2798, 2983], [2796, 2985], [2794, 2987], [2791, 2990], [2789, 2992], [2788, 3011], [2803, 3031], [2819, 3033], [2827, 3035], [2835, 3033], [2839, 3031], [2843, 3027], [2845, 3023], [2847, 3021], [2849, 3019], [2851, 3015], [2853, 3011], [2855, 3005], [2857, 2999], [2859, 2995], [2861, 2991], [2863, 2989], [2865, 2987], [2867, 2985], [2869, 2983], [2871, 2979], [2873, 2975], [2875, 2969], [2873, 2963]]
47;339;NA;0.921875;0.8730320997750971;0.8716205954551697;4768;4393;[2605, 2809, 2708, 2873];[2608, 2812, 2711, 2871];[[2605, 2844], [2605, 2852], [2621, 2865], [2641, 2873], [2659, 2873], [2669, 2867], [2679, 2867], [2685, 2862], [2695, 2860], [2707, 2852], [2708, 2832], [2703, 2825], [2686, 2825], [2677, 2822], [2662, 2810], [2648, 2809], [2623, 2817], [2613, 2837]];[[2610, 2835], [2608, 2847], [2611, 2859], [2615, 2861], [2619, 2863], [2623, 2865], [2631, 2867], [2639, 2869], [2649, 2871], [2659, 2869], [2669, 2867], [2679, 2865], [2685, 2863], [2691, 2861], [2695, 2859], [2699, 2857], [2701, 2855], [2703, 2853], [2705, 2851], [2707, 2847], [2709, 2843], [2711, 2837], [2709, 2832], [2707, 2830], [2705, 2827], [2703, 2825], [2693, 2824], [2683, 2822], [2679, 2820], [2675, 2818], [2671, 2816], [2667, 2814], [2657, 2812], [2647, 2814], [2643, 2816], [2640, 2817], [2638, 2819], [2635, 2822], [2631, 2824], [2627, 2826], [2623, 2828], [2619, 2830], [2615, 2832], [2612, 2833]]
48;349;NA;0.92138671875;0.8422674060382008;0.845422089099884;4226;4744;[2457, 2450, 2536, 2531];[2453, 2444, 2540, 2531];[[2533, 2453], [2521, 2450], [2513, 2458], [2494, 2467], [2488, 2474], [2474, 2468], [2467, 2468], [2460, 2473], [2457, 2479], [2457, 2518], [2468, 2531], [2490, 2527], [2505, 2512], [2515, 2509], [2526, 2500], [2529, 2488], [2536, 2481], [2536, 2461]];[[2528, 2449], [2522, 2448], [2517, 2449], [2515, 2451], [2512, 2454], [2506, 2456], [2500, 2454], [2498, 2452], [2496, 2450], [2494, 2447], [2492, 2445], [2486, 2444], [2481, 2447], [2482, 2451], [2484, 2453], [2487, 2455], [2489, 2463], [2475, 2471], [2461, 2473], [2459, 2475], [2457, 2481], [2455, 2487], [2453, 2495], [2455, 2503], [2457, 2509], [2459, 2515], [2461, 2519], [2463, 2523], [2465, 2527], [2472, 2531], [2480, 2529], [2484, 2527], [2488, 2525], [2492, 2523], [2496, 2521], [2498, 2519], [2500, 2517], [2504, 2515], [2508, 2513], [2510, 2511], [2512, 2509], [2516, 2507], [2520, 2505], [2522, 2503], [2524, 2501], [2526, 2499], [2528, 2495], [2530, 2491], [2532, 2487], [2534, 2483], [2536, 2477], [2538, 2471], [2540, 2465], [2538, 2460], [2536, 2458], [2534, 2456], [2532, 2454], [2530, 2451]]
49;920;NA;0.85498046875;0.8401330765189984;0.917636513710022;5220;5289;[2876, 2937, 2977, 3021];[2877, 2939, 2980, 3023];[[2977, 2967], [2966, 2958], [2950, 2958], [2946, 2954], [2946, 2941], [2933, 2937], [2929, 2941], [2928, 2960], [2925, 2963], [2919, 2964], [2913, 2959], [2901, 2961], [2907, 2969], [2903, 2976], [2892, 2980], [2884, 2987], [2882, 2995], [2876, 3001], [2876, 3011], [2886, 3020], [2917, 3021], [2932, 3014], [2947, 3013], [2965, 3004], [2977, 2990]];[[2980, 2971], [2978, 2967], [2976, 2965], [2974, 2963], [2971, 2960], [2969, 2958], [2966, 2955], [2963, 2952], [2961, 2950], [2957, 2948], [2952, 2946], [2949, 2943], [2947, 2940], [2938, 2939], [2929, 2943], [2927, 2947], [2924, 2955], [2915, 2962], [2905, 2964], [2903, 2966], [2901, 2969], [2898, 2971], [2896, 2974], [2893, 2976], [2891, 2978], [2889, 2981], [2885, 2984], [2883, 2986], [2881, 2990], [2879, 2995], [2877, 3005], [2878, 3013], [2881, 3016], [2885, 3018], [2890, 3021], [2897, 3023], [2904, 3021], [2914, 3018], [2924, 3016], [2931, 3013], [2938, 3011], [2943, 3009], [2947, 3006], [2952, 3004], [2956, 3002], [2959, 3000], [2962, 2997], [2966, 2994], [2970, 2993], [2973, 2990], [2975, 2983], [2978, 2976]]
50;551;NA;0.90966796875;0.8713222261609358;0.8660303950309753;5505;5053;[2454, 2896, 2532, 3000];[2457, 2891, 2532, 2994];[[2501, 2896], [2487, 2901], [2479, 2908], [2477, 2922], [2481, 2935], [2467, 2946], [2459, 2948], [2454, 2967], [2475, 2986], [2490, 2985], [2495, 2980], [2506, 2994], [2516, 3000], [2524, 2995], [2527, 2987], [2526, 2957], [2532, 2945], [2532, 2910], [2523, 2899]];[[2490, 2891], [2481, 2914], [2479, 2938], [2476, 2940], [2474, 2943], [2471, 2945], [2469, 2947], [2467, 2950], [2464, 2952], [2461, 2955], [2459, 2958], [2457, 2964], [2461, 2970], [2466, 2973], [2468, 2975], [2471, 2978], [2474, 2981], [2476, 2983], [2480, 2985], [2485, 2982], [2492, 2980], [2499, 2982], [2502, 2986], [2505, 2990], [2511, 2994], [2517, 2993], [2520, 2990], [2522, 2986], [2525, 2981], [2527, 2964], [2529, 2947], [2532, 2928], [2530, 2910], [2528, 2908], [2525, 2905], [2523, 2903], [2520, 2900], [2517, 2897], [2509, 2896], [2499, 2893]]
51;946;NA;0.8447265625;0.8015681544028951;0.8040698766708374;4867;4094;[1385, 2577, 1459, 2667];[1391, 2572, 1462, 2663];[[1458, 2578], [1439, 2580], [1417, 2577], [1410, 2580], [1400, 2591], [1393, 2604], [1385, 2641], [1391, 2650], [1394, 2661], [1402, 2667], [1428, 2659], [1445, 2644], [1453, 2623], [1455, 2597], [1459, 2587]];[[1462, 2583], [1458, 2572], [1455, 2575], [1453, 2579], [1450, 2582], [1442, 2584], [1434, 2582], [1426, 2580], [1418, 2582], [1414, 2584], [1411, 2585], [1409, 2587], [1407, 2591], [1405, 2595], [1403, 2599], [1401, 2603], [1399, 2607], [1397, 2611], [1395, 2617], [1393, 2623], [1391, 2641], [1392, 2659], [1394, 2661], [1402, 2663], [1410, 2661], [1414, 2659], [1418, 2657], [1426, 2655], [1434, 2653], [1436, 2651], [1438, 2647], [1440, 2643], [1442, 2635], [1444, 2627], [1446, 2623], [1448, 2619], [1450, 2615], [1452, 2611], [1454, 2607], [1456, 2603], [1458, 2599], [1460, 2595]]
52;1031;NA;0.342529296875;0.8383219954648526;0.789202094078064;4113;3994;[1805, 2855, 1882, 2943];[1810, 2844, 1881, 2939];[[1826, 2855], [1822, 2871], [1807, 2891], [1805, 2901], [1809, 2906], [1828, 2905], [1829, 2912], [1819, 2929], [1819, 2936], [1823, 2942], [1832, 2943], [1840, 2942], [1859, 2931], [1872, 2929], [1880, 2920], [1882, 2903], [1880, 2890], [1872, 2881], [1859, 2874], [1847, 2874], [1840, 2871]];[[1827, 2844], [1822, 2861], [1820, 2879], [1818, 2881], [1816, 2883], [1813, 2886], [1811, 2888], [1810, 2897], [1813, 2907], [1817, 2905], [1824, 2903], [1830, 2905], [1828, 2907], [1826, 2911], [1824, 2915], [1822, 2921], [1820, 2927], [1818, 2929], [1820, 2931], [1822, 2935], [1833, 2939], [1845, 2937], [1855, 2935], [1865, 2937], [1869, 2939], [1873, 2931], [1875, 2923], [1877, 2919], [1879, 2915], [1881, 2905], [1879, 2895], [1877, 2891], [1875, 2888], [1873, 2886], [1871, 2883], [1869, 2881], [1865, 2880], [1861, 2878], [1853, 2876], [1845, 2874], [1841, 2872], [1837, 2868], [1835, 2863], [1833, 2853]]
53;-1;NA;NA;0.0;0.0;2697;0;[1660, 2881, 1712, 2955];[];[[1693, 2881], [1683, 2886], [1674, 2897], [1673, 2901], [1666, 2908], [1661, 2910], [1660, 2920], [1673, 2930], [1675, 2935], [1694, 2955], [1706, 2955], [1712, 2946], [1712, 2899], [1705, 2887], [1698, 2882]];[]
54;253;NA;0.92626953125;0.8864110045852438;0.8597769737243652;4615;4436;[1527, 2565, 1636, 2624];[1535, 2565, 1633, 2627];[[1527, 2594], [1527, 2604], [1530, 2607], [1549, 2608], [1556, 2615], [1567, 2616], [1573, 2622], [1581, 2624], [1624, 2623], [1635, 2612], [1636, 2608], [1635, 2597], [1625, 2585], [1605, 2580], [1595, 2568], [1588, 2565], [1558, 2568], [1546, 2575]];[[1538, 2578], [1535, 2593], [1537, 2606], [1541, 2609], [1552, 2613], [1562, 2616], [1573, 2620], [1584, 2624], [1602, 2627], [1620, 2624], [1627, 2620], [1633, 2607], [1630, 2594], [1627, 2590], [1622, 2585], [1618, 2582], [1609, 2579], [1598, 2572], [1584, 2565], [1569, 2569], [1555, 2572], [1542, 2575]]
55;303;NA;0.923828125;0.8433115984983205;0.9450549483299255;5034;4295;[1501, 2495, 1588, 2585];[1502, 2496, 1589, 2583];[[1582, 2496], [1538, 2495], [1531, 2502], [1506, 2503], [1501, 2507], [1501, 2520], [1509, 2529], [1519, 2534], [1525, 2543], [1519, 2552], [1519, 2573], [1529, 2585], [1542, 2584], [1568, 2555], [1569, 2545], [1584, 2525], [1588, 2506]];[[1581, 2497], [1563, 2496], [1546, 2497], [1544, 2499], [1541, 2502], [1537, 2504], [1533, 2506], [1527, 2508], [1521, 2506], [1517, 2504], [1513, 2506], [1507, 2508], [1502, 2515], [1505, 2523], [1509, 2525], [1512, 2527], [1514, 2529], [1517, 2531], [1521, 2533], [1523, 2535], [1525, 2537], [1528, 2539], [1530, 2545], [1528, 2551], [1526, 2565], [1527, 2579], [1529, 2581], [1533, 2583], [1537, 2581], [1541, 2579], [1545, 2577], [1549, 2575], [1553, 2573], [1555, 2571], [1557, 2567], [1559, 2563], [1561, 2561], [1563, 2559], [1565, 2555], [1567, 2551], [1569, 2547], [1571, 2543], [1573, 2539], [1575, 2535], [1577, 2533], [1579, 2531], [1581, 2527], [1583, 2523], [1585, 2521], [1587, 2519], [1589, 2511], [1587, 2504], [1585, 2502], [1583, 2499]]
56;319;NA;0.9228515625;0.8375567322239031;0.8305603861808777;4855;4862;[1623, 2534, 1734, 2597];[1627, 2529, 1731, 2594];[[1734, 2549], [1722, 2537], [1712, 2534], [1695, 2538], [1663, 2537], [1645, 2552], [1635, 2553], [1623, 2565], [1624, 2576], [1645, 2596], [1667, 2595], [1674, 2591], [1686, 2597], [1693, 2595], [1701, 2579], [1722, 2570], [1732, 2561]];[[1627, 2568], [1629, 2579], [1631, 2582], [1634, 2584], [1636, 2587], [1639, 2590], [1642, 2592], [1655, 2594], [1670, 2591], [1679, 2589], [1689, 2587], [1693, 2584], [1697, 2583], [1700, 2580], [1703, 2577], [1708, 2575], [1712, 2572], [1717, 2570], [1721, 2568], [1724, 2566], [1727, 2563], [1729, 2560], [1731, 2552], [1729, 2543], [1727, 2541], [1724, 2538], [1722, 2536], [1719, 2533], [1716, 2530], [1708, 2529], [1699, 2530], [1697, 2533], [1693, 2536], [1681, 2538], [1670, 2536], [1662, 2533], [1655, 2531], [1653, 2529], [1651, 2530], [1649, 2533], [1646, 2540], [1644, 2547], [1641, 2550], [1636, 2552], [1632, 2554], [1630, 2556]]
57;550;NA;0.90966796875;0.8634122287968442;0.8860659003257751;5799;5538;[1795, 2567, 1897, 2663];[1794, 2567, 1888, 2665];[[1884, 2567], [1855, 2569], [1848, 2576], [1836, 2580], [1830, 2591], [1816, 2600], [1805, 2616], [1803, 2629], [1796, 2639], [1795, 2652], [1799, 2661], [1805, 2663], [1826, 2661], [1847, 2643], [1857, 2642], [1888, 2611], [1888, 2601], [1896, 2593], [1897, 2588], [1896, 2579]];[[1888, 2573], [1872, 2567], [1855, 2569], [1851, 2572], [1847, 2573], [1844, 2575], [1842, 2578], [1840, 2580], [1837, 2583], [1835, 2585], [1832, 2587], [1830, 2590], [1828, 2592], [1825, 2595], [1823, 2597], [1820, 2599], [1817, 2603], [1813, 2605], [1809, 2606], [1806, 2609], [1804, 2611], [1801, 2614], [1798, 2617], [1796, 2619], [1794, 2623], [1797, 2628], [1799, 2633], [1797, 2637], [1794, 2647], [1796, 2656], [1798, 2658], [1801, 2661], [1804, 2664], [1813, 2665], [1822, 2663], [1827, 2661], [1831, 2659], [1833, 2657], [1836, 2654], [1838, 2652], [1840, 2649], [1843, 2647], [1846, 2644], [1851, 2641], [1855, 2639], [1860, 2637], [1864, 2635], [1867, 2633], [1869, 2630], [1871, 2628], [1875, 2625], [1877, 2622], [1879, 2611], [1881, 2599], [1883, 2590], [1886, 2580]]
58;827;NA;0.8818359375;0.8888676723314874;0.8510422110557556;5092;4800;[1448, 2583, 1515, 2696];[1447, 2588, 1510, 2699];[[1459, 2583], [1455, 2589], [1453, 2623], [1448, 2633], [1448, 2645], [1470, 2670], [1472, 2682], [1482, 2696], [1500, 2695], [1510, 2682], [1515, 2664], [1504, 2633], [1504, 2615], [1477, 2584]];[[1470, 2588], [1459, 2595], [1457, 2603], [1455, 2607], [1453, 2611], [1451, 2615], [1449, 2619], [1447, 2631], [1449, 2643], [1451, 2647], [1452, 2651], [1454, 2653], [1457, 2655], [1459, 2657], [1463, 2659], [1467, 2663], [1469, 2667], [1471, 2675], [1473, 2683], [1475, 2687], [1476, 2691], [1478, 2693], [1481, 2695], [1483, 2697], [1488, 2699], [1494, 2697], [1498, 2695], [1502, 2693], [1504, 2691], [1506, 2685], [1508, 2679], [1510, 2661], [1508, 2643], [1506, 2635], [1504, 2627], [1502, 2623], [1500, 2619], [1498, 2613], [1496, 2607], [1494, 2603], [1492, 2600], [1490, 2598], [1488, 2596], [1486, 2594], [1484, 2591], [1482, 2589]]
59;430;NA;0.91748046875;0.8902030356790853;0.8923011422157288;4970;4619;[1851, 2708, 1953, 2776];[1856, 2710, 1955, 2775];[[1851, 2730], [1851, 2744], [1860, 2758], [1890, 2776], [1923, 2775], [1945, 2763], [1953, 2753], [1953, 2743], [1946, 2734], [1927, 2727], [1911, 2714], [1900, 2713], [1890, 2708], [1871, 2709], [1871, 2723], [1854, 2727]];[[1859, 2728], [1856, 2740], [1858, 2751], [1860, 2754], [1863, 2756], [1865, 2758], [1868, 2761], [1871, 2764], [1875, 2765], [1879, 2768], [1884, 2770], [1889, 2773], [1906, 2775], [1922, 2773], [1929, 2770], [1936, 2769], [1938, 2766], [1941, 2763], [1946, 2761], [1950, 2757], [1952, 2752], [1955, 2750], [1952, 2747], [1950, 2742], [1948, 2738], [1946, 2736], [1943, 2733], [1941, 2730], [1934, 2729], [1927, 2726], [1922, 2724], [1917, 2722], [1910, 2719], [1903, 2717], [1900, 2714], [1898, 2711], [1884, 2710], [1871, 2711], [1868, 2714], [1865, 2717], [1863, 2719], [1861, 2723]]
60;198;NA;0.92822265625;0.9241706161137441;0.9310522675514221;3863;3851;[1847, 2479, 1944, 2537];[1849, 2480, 1944, 2539];[[1847, 2489], [1847, 2501], [1853, 2508], [1868, 2511], [1890, 2531], [1899, 2535], [1908, 2533], [1926, 2537], [1934, 2533], [1944, 2521], [1943, 2513], [1935, 2502], [1919, 2489], [1909, 2486], [1900, 2479], [1861, 2479], [1855, 2481]];[[1851, 2483], [1849, 2495], [1850, 2507], [1852, 2509], [1856, 2511], [1860, 2513], [1863, 2515], [1865, 2517], [1868, 2519], [1872, 2517], [1874, 2515], [1876, 2517], [1878, 2519], [1880, 2521], [1882, 2523], [1884, 2525], [1886, 2527], [1888, 2529], [1891, 2531], [1893, 2533], [1898, 2535], [1904, 2533], [1910, 2531], [1916, 2533], [1920, 2535], [1924, 2537], [1930, 2539], [1936, 2533], [1938, 2527], [1940, 2525], [1942, 2523], [1944, 2517], [1942, 2511], [1940, 2507], [1938, 2504], [1936, 2502], [1932, 2500], [1928, 2498], [1926, 2496], [1924, 2494], [1922, 2491], [1920, 2489], [1914, 2488], [1908, 2486], [1906, 2483], [1904, 2481], [1878, 2480], [1853, 2481]]
61;509;NA;0.91162109375;0.8987764182424917;0.8313953280448914;3531;3297;[1763, 2683, 1865, 2727];[1766, 2684, 1869, 2723];[[1763, 2705], [1766, 2713], [1778, 2721], [1795, 2722], [1813, 2727], [1821, 2723], [1846, 2722], [1863, 2714], [1865, 2697], [1862, 2690], [1852, 2685], [1803, 2683], [1777, 2691]];[[1769, 2696], [1766, 2703], [1767, 2711], [1769, 2713], [1773, 2715], [1777, 2717], [1785, 2719], [1793, 2721], [1819, 2723], [1845, 2721], [1851, 2719], [1857, 2717], [1859, 2715], [1861, 2713], [1863, 2711], [1865, 2709], [1867, 2707], [1869, 2701], [1867, 2696], [1865, 2694], [1863, 2691], [1861, 2689], [1855, 2688], [1849, 2686], [1839, 2684], [1829, 2686], [1825, 2688], [1821, 2686], [1809, 2684], [1797, 2686], [1789, 2688], [1781, 2690], [1777, 2692], [1773, 2694]]
62;207;NA;0.927734375;0.8559758479843722;0.8831040263175964;4944;5507;[1466, 2406, 1537, 2519];[1462, 2404, 1541, 2519];[[1525, 2406], [1520, 2408], [1514, 2425], [1494, 2426], [1494, 2439], [1488, 2442], [1470, 2441], [1466, 2446], [1470, 2454], [1486, 2456], [1491, 2463], [1491, 2467], [1468, 2493], [1469, 2504], [1479, 2519], [1491, 2519], [1509, 2508], [1526, 2490], [1536, 2472], [1537, 2421]];[[1533, 2411], [1527, 2404], [1522, 2405], [1520, 2407], [1518, 2411], [1516, 2415], [1513, 2420], [1509, 2424], [1505, 2422], [1499, 2420], [1493, 2418], [1487, 2416], [1482, 2419], [1484, 2423], [1486, 2427], [1487, 2431], [1489, 2433], [1492, 2435], [1494, 2437], [1492, 2439], [1489, 2442], [1485, 2444], [1481, 2442], [1471, 2440], [1462, 2447], [1469, 2455], [1477, 2457], [1479, 2459], [1481, 2461], [1484, 2463], [1486, 2467], [1484, 2471], [1481, 2474], [1479, 2476], [1478, 2479], [1476, 2483], [1473, 2486], [1471, 2488], [1470, 2499], [1471, 2511], [1473, 2513], [1477, 2515], [1481, 2517], [1489, 2519], [1497, 2517], [1499, 2515], [1501, 2513], [1503, 2511], [1505, 2509], [1507, 2507], [1509, 2505], [1511, 2503], [1513, 2501], [1515, 2499], [1517, 2497], [1519, 2495], [1521, 2493], [1523, 2491], [1525, 2489], [1527, 2487], [1529, 2483], [1531, 2479], [1533, 2477], [1535, 2475], [1537, 2469], [1539, 2463], [1541, 2445], [1539, 2427], [1537, 2423], [1535, 2419]]
63;934;NA;0.84912109375;0.7766103243490178;0.7811890244483948;4266;3512;[1506, 2963, 1572, 3043];[1510, 2964, 1577, 3035];[[1568, 2977], [1554, 2972], [1551, 2968], [1541, 2963], [1530, 2963], [1517, 2970], [1512, 2976], [1512, 2985], [1507, 2998], [1506, 3036], [1510, 3043], [1539, 3043], [1547, 3037], [1558, 3022], [1569, 3018], [1572, 2983]];[[1533, 2964], [1518, 2967], [1516, 2971], [1513, 2974], [1511, 2976], [1510, 3005], [1527, 3035], [1545, 3033], [1547, 3031], [1549, 3029], [1551, 3027], [1553, 3025], [1557, 3023], [1561, 3021], [1569, 3019], [1577, 3015], [1575, 3011], [1573, 3007], [1571, 3003], [1569, 2989], [1563, 2976], [1557, 2974], [1555, 2972], [1553, 2970], [1551, 2967], [1549, 2965]]
64;373;NA;0.92041015625;0.8260673142082674;0.8742616176605225;4351;3733;[1745, 2523, 1824, 2613];[1747, 2524, 1821, 2608];[[1749, 2524], [1745, 2532], [1746, 2555], [1760, 2570], [1763, 2581], [1776, 2598], [1779, 2606], [1788, 2613], [1807, 2609], [1823, 2591], [1824, 2586], [1815, 2567], [1794, 2546], [1793, 2526], [1788, 2523], [1781, 2531], [1775, 2531], [1768, 2524]];[[1760, 2524], [1747, 2537], [1748, 2551], [1751, 2553], [1755, 2556], [1760, 2558], [1762, 2560], [1765, 2563], [1768, 2566], [1770, 2578], [1773, 2590], [1775, 2595], [1777, 2599], [1779, 2601], [1782, 2604], [1785, 2606], [1796, 2608], [1807, 2606], [1809, 2604], [1812, 2602], [1814, 2599], [1817, 2596], [1820, 2594], [1821, 2585], [1820, 2576], [1817, 2574], [1814, 2571], [1812, 2566], [1810, 2562], [1808, 2560], [1805, 2557], [1803, 2555], [1800, 2552], [1797, 2544], [1795, 2537], [1793, 2533], [1791, 2529], [1789, 2526], [1786, 2524], [1784, 2526], [1779, 2529], [1774, 2526]]
65;249;NA;0.92626953125;0.8888023369036028;0.9113368391990662;4806;4893;[1544, 2785, 1626, 2868];[1546, 2781, 1626, 2870];[[1567, 2787], [1562, 2806], [1551, 2812], [1544, 2821], [1546, 2840], [1566, 2851], [1579, 2853], [1591, 2863], [1603, 2868], [1620, 2863], [1626, 2843], [1626, 2832], [1620, 2813], [1609, 2800], [1606, 2792], [1599, 2786], [1585, 2788], [1580, 2785], [1570, 2785]];[[1584, 2781], [1565, 2783], [1563, 2785], [1561, 2795], [1558, 2804], [1556, 2807], [1553, 2809], [1550, 2812], [1548, 2815], [1546, 2826], [1548, 2837], [1550, 2839], [1553, 2843], [1556, 2845], [1562, 2846], [1569, 2849], [1577, 2851], [1584, 2854], [1586, 2856], [1588, 2858], [1592, 2862], [1594, 2864], [1598, 2866], [1603, 2868], [1605, 2870], [1608, 2868], [1612, 2866], [1616, 2864], [1619, 2862], [1621, 2854], [1623, 2847], [1626, 2840], [1623, 2833], [1621, 2823], [1619, 2814], [1616, 2809], [1614, 2804], [1611, 2800], [1609, 2795], [1607, 2790], [1605, 2786], [1603, 2784]]
66;524;NA;0.9111328125;0.8431451612903226;0.8270041942596436;4818;4324;[1877, 2538, 1956, 2643];[1880, 2543, 1950, 2641];[[1954, 2544], [1924, 2538], [1911, 2540], [1902, 2549], [1898, 2564], [1886, 2585], [1883, 2599], [1877, 2610], [1879, 2628], [1895, 2643], [1913, 2626], [1935, 2613], [1936, 2601], [1931, 2593], [1945, 2576], [1956, 2548]];[[1946, 2550], [1941, 2548], [1937, 2545], [1925, 2543], [1913, 2545], [1908, 2548], [1904, 2552], [1902, 2556], [1898, 2560], [1896, 2562], [1894, 2566], [1892, 2571], [1890, 2575], [1887, 2580], [1885, 2590], [1882, 2599], [1880, 2618], [1884, 2637], [1889, 2639], [1894, 2641], [1898, 2639], [1903, 2637], [1907, 2635], [1910, 2633], [1913, 2630], [1915, 2627], [1917, 2623], [1919, 2618], [1921, 2616], [1924, 2614], [1927, 2610], [1929, 2608], [1931, 2602], [1933, 2595], [1936, 2590], [1938, 2585], [1941, 2580], [1943, 2575], [1945, 2571], [1948, 2566], [1950, 2559], [1948, 2552]]
67;752;NA;0.892578125;0.7851753217931646;0.7425685524940491;4473;3571;[1699, 2552, 1776, 2642];[1707, 2558, 1769, 2641];[[1768, 2558], [1747, 2552], [1740, 2554], [1732, 2578], [1700, 2613], [1699, 2622], [1707, 2632], [1721, 2641], [1735, 2642], [1746, 2641], [1769, 2614], [1770, 2604], [1776, 2591], [1776, 2568]];[[1761, 2567], [1752, 2558], [1742, 2560], [1739, 2564], [1735, 2571], [1732, 2578], [1728, 2582], [1724, 2585], [1721, 2589], [1717, 2593], [1713, 2597], [1709, 2601], [1707, 2614], [1709, 2627], [1713, 2631], [1717, 2635], [1721, 2639], [1734, 2641], [1747, 2639], [1751, 2635], [1755, 2631], [1759, 2627], [1761, 2621], [1765, 2614], [1769, 2596], [1765, 2578]]
68;12;NA;0.95703125;0.81215360253365;0.8622754216194153;4895;4260;[1658, 2593, 1754, 2688];[1656, 2601, 1754, 2692];[[1662, 2600], [1658, 2610], [1661, 2630], [1668, 2639], [1670, 2647], [1698, 2675], [1711, 2683], [1733, 2688], [1753, 2682], [1754, 2668], [1732, 2651], [1729, 2635], [1709, 2615], [1700, 2613], [1691, 2598], [1672, 2593]];[[1677, 2601], [1656, 2614], [1660, 2628], [1664, 2635], [1666, 2641], [1670, 2645], [1673, 2649], [1677, 2652], [1680, 2656], [1684, 2659], [1687, 2663], [1691, 2666], [1696, 2671], [1699, 2675], [1705, 2677], [1713, 2681], [1720, 2684], [1727, 2688], [1734, 2692], [1740, 2689], [1744, 2686], [1748, 2681], [1752, 2677], [1754, 2675], [1751, 2671], [1747, 2664], [1745, 2658], [1741, 2655], [1736, 2650], [1733, 2646], [1727, 2644], [1720, 2640], [1716, 2637], [1713, 2633], [1708, 2628], [1704, 2621], [1701, 2614], [1697, 2607]]
69;99;NA;0.9365234375;0.9097004917299956;0.9195990562438965;6389;6427;[1696, 2922, 1797, 3010];[1699, 2920, 1797, 3013];[[1778, 2922], [1753, 2922], [1727, 2949], [1726, 2958], [1696, 2989], [1696, 2999], [1705, 3009], [1785, 3010], [1789, 3007], [1793, 2999], [1789, 2981], [1797, 2969], [1795, 2949], [1784, 2941]];[[1779, 2922], [1767, 2920], [1756, 2921], [1754, 2924], [1751, 2927], [1746, 2929], [1742, 2933], [1739, 2938], [1737, 2940], [1735, 2943], [1732, 2945], [1730, 2947], [1728, 2950], [1725, 2952], [1722, 2955], [1720, 2958], [1718, 2962], [1716, 2966], [1713, 2969], [1711, 2971], [1708, 2974], [1706, 2976], [1703, 2979], [1700, 2982], [1699, 2995], [1710, 3009], [1722, 3011], [1746, 3013], [1770, 3011], [1777, 3009], [1784, 3006], [1789, 3004], [1793, 2993], [1791, 2982], [1789, 2979], [1790, 2976], [1793, 2971], [1795, 2966], [1797, 2959], [1793, 2953], [1789, 2951], [1786, 2947], [1783, 2935], [1782, 2924]]
70;447;NA;0.916015625;0.898506151142355;0.8768267035484314;4346;4296;[1451, 2700, 1561, 2748];[1456, 2700, 1564, 2751];[[1451, 2737], [1452, 2741], [1461, 2747], [1468, 2748], [1512, 2747], [1519, 2743], [1533, 2742], [1553, 2732], [1561, 2725], [1561, 2708], [1550, 2700], [1486, 2700], [1473, 2707], [1473, 2713], [1464, 2720], [1452, 2723]];[[1456, 2735], [1464, 2746], [1474, 2749], [1488, 2751], [1503, 2749], [1517, 2746], [1531, 2744], [1536, 2742], [1541, 2739], [1546, 2737], [1549, 2735], [1552, 2733], [1554, 2730], [1557, 2728], [1560, 2725], [1562, 2723], [1564, 2716], [1561, 2709], [1559, 2704], [1515, 2700], [1470, 2702], [1472, 2704], [1475, 2709], [1472, 2714], [1469, 2717], [1464, 2719], [1460, 2721], [1458, 2723]]
71;635;NA;0.90478515625;0.8932228181374939;0.821129322052002;4025;3741;[1719, 2709, 1769, 2809];[1723, 2710, 1774, 2808];[[1746, 2709], [1736, 2715], [1730, 2729], [1719, 2734], [1723, 2754], [1722, 2793], [1733, 2807], [1753, 2809], [1762, 2799], [1769, 2782], [1769, 2747], [1764, 2733], [1763, 2717], [1751, 2709]];[[1746, 2710], [1737, 2714], [1735, 2719], [1732, 2723], [1730, 2728], [1727, 2731], [1724, 2734], [1723, 2742], [1725, 2752], [1728, 2764], [1725, 2776], [1723, 2778], [1725, 2781], [1728, 2790], [1729, 2799], [1731, 2801], [1735, 2804], [1737, 2807], [1746, 2808], [1755, 2807], [1757, 2804], [1760, 2801], [1762, 2799], [1764, 2790], [1766, 2781], [1769, 2773], [1771, 2766], [1774, 2759], [1771, 2752], [1769, 2745], [1766, 2738], [1764, 2728], [1762, 2719], [1760, 2717], [1757, 2714], [1755, 2711]]
72;38;NA;0.94482421875;0.798636926889715;0.744113028049469;4463;4246;[1621, 2650, 1705, 2729];[1631, 2643, 1703, 2736];[[1629, 2652], [1621, 2661], [1622, 2673], [1651, 2702], [1659, 2717], [1659, 2724], [1662, 2729], [1683, 2729], [1701, 2712], [1701, 2695], [1705, 2689], [1705, 2676], [1701, 2669], [1696, 2665], [1683, 2662], [1664, 2650], [1656, 2653], [1644, 2650]];[[1645, 2643], [1631, 2663], [1636, 2684], [1642, 2695], [1647, 2706], [1653, 2717], [1656, 2726], [1661, 2731], [1667, 2736], [1672, 2731], [1683, 2726], [1692, 2722], [1697, 2717], [1703, 2695], [1699, 2675], [1694, 2670], [1683, 2665], [1672, 2659], [1665, 2652], [1660, 2647]]
73;374;NA;0.92041015625;0.8180013236267373;0.8099707365036011;4482;3759;[1611, 2756, 1708, 2823];[1613, 2762, 1707, 2818];[[1611, 2797], [1617, 2809], [1628, 2818], [1642, 2823], [1672, 2823], [1708, 2800], [1708, 2778], [1706, 2774], [1692, 2770], [1670, 2774], [1659, 2772], [1636, 2757], [1627, 2756], [1621, 2766], [1631, 2780], [1617, 2788]];[[1613, 2795], [1615, 2804], [1617, 2806], [1622, 2808], [1627, 2811], [1634, 2813], [1641, 2815], [1660, 2818], [1679, 2815], [1686, 2813], [1693, 2812], [1695, 2809], [1698, 2806], [1700, 2804], [1702, 2800], [1704, 2795], [1707, 2788], [1705, 2781], [1703, 2779], [1700, 2776], [1697, 2773], [1686, 2772], [1674, 2774], [1667, 2777], [1660, 2774], [1655, 2772], [1650, 2769], [1647, 2766], [1645, 2764], [1634, 2762], [1623, 2764], [1625, 2766], [1627, 2773], [1625, 2781], [1622, 2784], [1617, 2786]]
74;729;NA;0.89501953125;0.7296739579034255;0.8238583207130432;4824;3558;[1697, 2774, 1755, 2885];[1699, 2781, 1750, 2885];[[1725, 2774], [1718, 2776], [1703, 2795], [1698, 2811], [1697, 2826], [1701, 2840], [1713, 2854], [1714, 2865], [1719, 2877], [1725, 2884], [1734, 2885], [1746, 2875], [1750, 2864], [1752, 2818], [1755, 2804], [1751, 2784], [1739, 2775]];[[1720, 2781], [1713, 2785], [1711, 2790], [1708, 2795], [1706, 2800], [1704, 2804], [1701, 2809], [1699, 2821], [1700, 2832], [1703, 2835], [1706, 2838], [1708, 2843], [1711, 2847], [1713, 2859], [1715, 2870], [1717, 2873], [1720, 2875], [1722, 2877], [1725, 2881], [1728, 2883], [1731, 2885], [1736, 2882], [1741, 2880], [1745, 2878], [1747, 2876], [1750, 2845], [1748, 2815], [1746, 2812], [1741, 2810], [1736, 2808], [1733, 2804], [1731, 2800], [1728, 2795], [1726, 2788]]
75;420;NA;0.91796875;0.8420655861289107;0.9041803479194641;5189;4585;[907, 2913, 988, 2990];[911, 2912, 986, 2991];[[979, 2913], [956, 2913], [941, 2927], [922, 2927], [915, 2933], [907, 2948], [907, 2974], [915, 2988], [927, 2990], [955, 2989], [964, 2983], [975, 2981], [987, 2973], [988, 2927], [986, 2920]];[[978, 2914], [966, 2912], [954, 2914], [950, 2916], [946, 2918], [942, 2920], [938, 2922], [934, 2924], [930, 2926], [926, 2928], [923, 2929], [921, 2931], [919, 2933], [917, 2935], [914, 2938], [912, 2940], [911, 2963], [912, 2987], [914, 2989], [928, 2991], [942, 2989], [948, 2987], [954, 2985], [956, 2983], [958, 2981], [960, 2979], [962, 2977], [966, 2975], [970, 2973], [972, 2971], [974, 2969], [976, 2967], [978, 2965], [980, 2963], [982, 2959], [984, 2955], [986, 2941], [984, 2927], [982, 2921], [980, 2916]]
76;1008;NA;0.71533203125;0.7341541267669859;0.6879183053970337;3891;3715;[1187, 2730, 1284, 2793];[1191, 2708, 1286, 2795];[[1188, 2752], [1187, 2760], [1195, 2774], [1218, 2786], [1232, 2788], [1239, 2792], [1273, 2793], [1284, 2782], [1284, 2767], [1276, 2757], [1261, 2753], [1246, 2744], [1237, 2736], [1236, 2730], [1231, 2731], [1232, 2740], [1228, 2745], [1204, 2742], [1194, 2746]];[[1230, 2708], [1227, 2715], [1229, 2723], [1231, 2729], [1233, 2735], [1235, 2739], [1231, 2743], [1226, 2742], [1222, 2740], [1218, 2742], [1204, 2744], [1191, 2749], [1194, 2755], [1198, 2757], [1200, 2759], [1202, 2761], [1205, 2763], [1207, 2767], [1205, 2771], [1203, 2775], [1206, 2779], [1210, 2781], [1214, 2783], [1218, 2785], [1222, 2787], [1226, 2789], [1236, 2791], [1246, 2793], [1262, 2795], [1278, 2793], [1280, 2791], [1282, 2789], [1284, 2787], [1286, 2777], [1282, 2768], [1278, 2766], [1272, 2764], [1266, 2762], [1260, 2760], [1254, 2758], [1250, 2756], [1246, 2754], [1244, 2751], [1242, 2749], [1244, 2747], [1246, 2739], [1244, 2731], [1242, 2725], [1240, 2719], [1238, 2715], [1236, 2712], [1234, 2710]]
77;558;NA;0.9091796875;0.9280117531831538;0.8987177014350891;3911;3963;[1359, 2901, 1455, 2953];[1362, 2900, 1457, 2955];[[1359, 2943], [1368, 2952], [1409, 2953], [1425, 2951], [1449, 2934], [1455, 2924], [1455, 2912], [1447, 2905], [1423, 2902], [1412, 2909], [1408, 2909], [1392, 2902], [1381, 2901], [1375, 2907], [1377, 2917], [1375, 2921], [1360, 2931]];[[1362, 2939], [1363, 2947], [1365, 2949], [1371, 2951], [1377, 2953], [1395, 2955], [1413, 2953], [1421, 2951], [1429, 2949], [1431, 2947], [1433, 2945], [1437, 2943], [1441, 2941], [1443, 2939], [1445, 2937], [1447, 2935], [1449, 2933], [1451, 2931], [1453, 2927], [1455, 2923], [1457, 2917], [1455, 2912], [1453, 2910], [1451, 2907], [1449, 2905], [1443, 2904], [1437, 2902], [1427, 2900], [1418, 2901], [1416, 2903], [1413, 2906], [1407, 2908], [1401, 2906], [1397, 2904], [1393, 2902], [1385, 2900], [1378, 2909], [1376, 2919], [1374, 2921], [1372, 2923], [1370, 2925], [1368, 2927], [1365, 2930], [1363, 2932]]
78;897;NA;0.865234375;0.8576342947869807;0.90342777967453;3561;3459;[968, 2727, 1048, 2801];[967, 2724, 1046, 2803];[[1047, 2727], [1018, 2727], [1013, 2737], [994, 2749], [974, 2767], [973, 2775], [968, 2780], [968, 2795], [975, 2801], [986, 2801], [994, 2796], [1004, 2795], [1009, 2790], [1014, 2790], [1026, 2782], [1041, 2759], [1042, 2749], [1048, 2739]];[[1042, 2727], [1034, 2724], [1027, 2725], [1025, 2727], [1023, 2729], [1021, 2731], [1019, 2733], [1017, 2735], [1015, 2737], [1013, 2739], [1011, 2741], [1009, 2743], [1006, 2746], [1002, 2748], [998, 2750], [994, 2752], [991, 2753], [989, 2755], [987, 2757], [985, 2759], [983, 2761], [981, 2763], [979, 2765], [977, 2767], [975, 2769], [973, 2771], [970, 2774], [968, 2776], [967, 2785], [968, 2795], [970, 2797], [973, 2799], [975, 2801], [982, 2803], [990, 2801], [994, 2799], [998, 2797], [1002, 2795], [1006, 2793], [1010, 2791], [1014, 2793], [1017, 2795], [1019, 2797], [1022, 2799], [1026, 2795], [1024, 2791], [1022, 2787], [1024, 2783], [1026, 2779], [1028, 2775], [1030, 2771], [1032, 2767], [1034, 2763], [1036, 2759], [1038, 2757], [1040, 2755], [1042, 2749], [1044, 2743], [1046, 2737], [1044, 2731]]
79;531;NA;0.91064453125;0.8586698337292161;0.9599802494049072;4168;3657;[1307, 2548, 1376, 2636];[1307, 2548, 1374, 2635];[[1367, 2548], [1340, 2549], [1338, 2552], [1338, 2569], [1319, 2590], [1309, 2597], [1307, 2604], [1308, 2622], [1319, 2633], [1343, 2636], [1351, 2633], [1361, 2622], [1362, 2612], [1367, 2607], [1369, 2596], [1376, 2584], [1376, 2559]];[[1366, 2550], [1354, 2548], [1343, 2551], [1341, 2555], [1339, 2563], [1337, 2571], [1335, 2575], [1333, 2579], [1330, 2582], [1326, 2584], [1322, 2586], [1318, 2588], [1315, 2589], [1313, 2591], [1310, 2594], [1308, 2596], [1307, 2607], [1308, 2619], [1310, 2621], [1313, 2623], [1315, 2625], [1320, 2627], [1326, 2629], [1330, 2631], [1334, 2633], [1342, 2635], [1350, 2633], [1352, 2631], [1354, 2627], [1356, 2623], [1358, 2615], [1360, 2607], [1362, 2603], [1364, 2599], [1366, 2595], [1368, 2591], [1370, 2585], [1372, 2579], [1374, 2569], [1372, 2559], [1370, 2555], [1368, 2552]]
80;682;NA;0.89892578125;0.8758604319962022;0.9631106853485107;4008;3895;[1122, 2754, 1208, 2823];[1122, 2753, 1206, 2823];[[1206, 2757], [1200, 2754], [1181, 2754], [1165, 2761], [1160, 2766], [1152, 2766], [1145, 2772], [1136, 2773], [1122, 2789], [1123, 2804], [1131, 2813], [1138, 2816], [1156, 2815], [1160, 2817], [1163, 2823], [1171, 2823], [1177, 2817], [1181, 2806], [1186, 2811], [1196, 2808], [1197, 2798], [1194, 2792], [1208, 2770]];[[1201, 2759], [1188, 2753], [1174, 2755], [1169, 2757], [1164, 2760], [1157, 2762], [1150, 2765], [1145, 2767], [1140, 2769], [1135, 2772], [1131, 2773], [1129, 2776], [1126, 2779], [1124, 2781], [1122, 2795], [1126, 2808], [1131, 2811], [1135, 2813], [1140, 2815], [1145, 2818], [1150, 2815], [1155, 2813], [1159, 2815], [1162, 2819], [1165, 2821], [1169, 2823], [1173, 2819], [1175, 2814], [1178, 2811], [1186, 2808], [1192, 2800], [1194, 2790], [1197, 2785], [1199, 2781], [1202, 2777], [1205, 2775], [1206, 2771], [1204, 2766]]
81;818;NA;0.88232421875;0.7465116279069768;0.793678879737854;2981;2276;[638, 2789, 691, 2862];[644, 2788, 687, 2863];[[646, 2790], [638, 2799], [638, 2809], [644, 2823], [643, 2831], [647, 2836], [648, 2842], [663, 2862], [677, 2862], [686, 2853], [691, 2836], [691, 2819], [686, 2805], [671, 2792], [658, 2789]];[[657, 2788], [648, 2789], [646, 2791], [644, 2801], [646, 2811], [648, 2815], [650, 2819], [652, 2829], [653, 2839], [655, 2841], [658, 2843], [660, 2847], [662, 2851], [664, 2857], [669, 2863], [675, 2861], [677, 2859], [679, 2857], [681, 2855], [683, 2851], [685, 2847], [687, 2827], [685, 2808], [683, 2806], [681, 2804], [679, 2802], [677, 2800], [675, 2798], [673, 2796], [671, 2794], [669, 2791], [667, 2789]]
82;673;NA;0.89990234375;0.8409926470588235;0.8243271112442017;3229;2780;[764, 2506, 831, 2576];[767, 2508, 826, 2579];[[829, 2516], [798, 2506], [787, 2507], [780, 2511], [771, 2529], [764, 2558], [765, 2568], [772, 2576], [791, 2576], [804, 2563], [830, 2528], [831, 2519]];[[822, 2518], [818, 2516], [814, 2514], [810, 2512], [806, 2510], [794, 2508], [783, 2509], [781, 2511], [778, 2514], [776, 2516], [775, 2525], [773, 2535], [771, 2541], [769, 2547], [767, 2559], [768, 2571], [770, 2573], [773, 2575], [775, 2577], [782, 2579], [790, 2577], [792, 2575], [794, 2573], [796, 2571], [798, 2569], [800, 2567], [802, 2563], [804, 2559], [806, 2555], [808, 2551], [810, 2547], [812, 2543], [814, 2541], [816, 2539], [818, 2537], [820, 2535], [822, 2533], [824, 2531], [826, 2525], [824, 2520]]
83;602;NA;0.9072265625;0.7333740085417938;0.743289053440094;2905;2777;[809, 3003, 901, 3041];[807, 3004, 910, 3035];[[809, 3007], [809, 3030], [819, 3037], [871, 3041], [886, 3040], [898, 3036], [901, 3032], [900, 3018], [891, 3013], [830, 3003], [817, 3003]];[[810, 3008], [807, 3017], [808, 3027], [810, 3029], [816, 3031], [822, 3033], [862, 3035], [902, 3033], [906, 3031], [910, 3023], [906, 3016], [902, 3014], [898, 3012], [894, 3010], [886, 3008], [878, 3006], [846, 3004], [814, 3006]]
84;372;NA;0.92041015625;0.8424068767908309;0.859649121761322;4146;3570;[512, 2874, 588, 2964];[516, 2877, 586, 2961];[[580, 2874], [558, 2874], [541, 2882], [526, 2895], [518, 2916], [512, 2947], [517, 2964], [547, 2949], [567, 2924], [584, 2909], [588, 2884]];[[586, 2888], [568, 2877], [549, 2879], [544, 2881], [540, 2883], [538, 2885], [535, 2889], [530, 2891], [526, 2893], [524, 2895], [521, 2902], [519, 2909], [516, 2933], [518, 2956], [520, 2959], [523, 2961], [525, 2959], [530, 2956], [534, 2955], [536, 2952], [539, 2950], [541, 2947], [543, 2945], [546, 2943], [548, 2940], [551, 2938], [553, 2935], [555, 2933], [558, 2931], [560, 2928], [562, 2926], [565, 2924], [567, 2921], [570, 2919], [572, 2916], [574, 2914], [578, 2911], [580, 2908], [582, 2904], [584, 2900]]
85;838;NA;0.87841796875;0.8911870503597122;0.9079365134239197;2099;2107;[104, 2688, 144, 2754];[104, 2688, 143, 2759];[[114, 2688], [108, 2693], [104, 2703], [104, 2726], [111, 2739], [123, 2752], [129, 2754], [138, 2753], [141, 2749], [144, 2738], [143, 2710], [124, 2689]];[[119, 2688], [108, 2689], [106, 2691], [104, 2711], [105, 2731], [107, 2733], [109, 2735], [111, 2737], [113, 2739], [115, 2741], [118, 2743], [120, 2747], [121, 2751], [123, 2753], [127, 2755], [131, 2757], [133, 2759], [135, 2757], [137, 2755], [139, 2753], [141, 2751], [143, 2737], [141, 2723], [139, 2711], [137, 2700], [135, 2698], [133, 2695], [131, 2691]]
86;866;NA;0.87255859375;0.7745637102557973;0.8057249188423157;4182;3241;[696, 2492, 778, 2564];[703, 2496, 774, 2563];[[756, 2492], [744, 2493], [722, 2510], [702, 2520], [696, 2532], [696, 2543], [701, 2549], [725, 2557], [732, 2564], [744, 2564], [762, 2555], [771, 2547], [773, 2540], [778, 2535], [778, 2514], [773, 2508], [771, 2501], [761, 2497]];[[762, 2497], [750, 2496], [739, 2497], [737, 2499], [735, 2501], [733, 2503], [731, 2505], [729, 2507], [726, 2510], [722, 2512], [718, 2514], [712, 2516], [707, 2517], [705, 2519], [703, 2533], [714, 2547], [726, 2549], [728, 2551], [730, 2553], [732, 2555], [734, 2557], [737, 2559], [739, 2561], [740, 2563], [742, 2561], [746, 2559], [750, 2557], [754, 2555], [758, 2553], [760, 2551], [762, 2549], [764, 2547], [766, 2545], [768, 2543], [770, 2539], [772, 2535], [774, 2521], [772, 2508], [770, 2506], [768, 2504], [766, 2502], [764, 2499]]
87;212;NA;0.927734375;0.8131288931480594;0.8399999737739563;5894;5458;[136, 2669, 245, 2753];[147, 2672, 245, 2756];[[230, 2672], [217, 2669], [211, 2674], [202, 2675], [164, 2706], [143, 2714], [136, 2724], [137, 2740], [142, 2747], [149, 2752], [158, 2753], [167, 2749], [191, 2748], [203, 2742], [220, 2742], [240, 2726], [245, 2715], [245, 2707], [239, 2684]];[[245, 2714], [242, 2701], [239, 2697], [232, 2694], [224, 2687], [221, 2680], [217, 2676], [206, 2672], [197, 2675], [193, 2678], [189, 2683], [181, 2687], [175, 2689], [172, 2693], [168, 2696], [165, 2700], [161, 2703], [158, 2707], [153, 2712], [149, 2715], [147, 2732], [149, 2749], [153, 2752], [160, 2756], [167, 2752], [185, 2749], [203, 2745], [214, 2742], [224, 2738], [232, 2734], [237, 2732], [241, 2728]]
88;780;NA;0.88818359375;0.8438683948155533;0.8153955936431885;4884;4363;[693, 2872, 808, 2933];[702, 2877, 806, 2932];[[808, 2898], [801, 2884], [788, 2874], [778, 2872], [772, 2882], [728, 2883], [722, 2887], [711, 2888], [694, 2896], [693, 2908], [702, 2919], [714, 2922], [721, 2927], [739, 2927], [749, 2932], [773, 2933], [792, 2925], [808, 2904]];[[806, 2902], [804, 2891], [802, 2889], [798, 2885], [796, 2881], [785, 2877], [773, 2879], [752, 2881], [731, 2883], [729, 2885], [725, 2889], [718, 2891], [711, 2893], [706, 2896], [702, 2907], [704, 2918], [706, 2920], [711, 2923], [716, 2925], [728, 2928], [740, 2930], [749, 2932], [759, 2930], [768, 2928], [778, 2925], [785, 2923], [792, 2920], [797, 2918], [801, 2916], [803, 2914]]
89;252;NA;0.92626953125;0.5481148768204709;0.6239316463470459;4849;6525;[502, 2756, 604, 2831];[512, 2758, 602, 2863];[[513, 2757], [502, 2769], [503, 2798], [510, 2806], [512, 2816], [533, 2821], [553, 2831], [604, 2816], [600, 2800], [591, 2793], [573, 2791], [540, 2756]];[[528, 2758], [512, 2779], [515, 2800], [519, 2807], [522, 2814], [526, 2832], [528, 2849], [532, 2852], [537, 2857], [540, 2861], [553, 2863], [568, 2860], [575, 2856], [581, 2854], [584, 2850], [588, 2847], [592, 2843], [596, 2838], [600, 2835], [602, 2818], [600, 2801], [596, 2798], [589, 2794], [582, 2790], [579, 2787], [575, 2783], [570, 2779], [567, 2775], [561, 2773], [553, 2769], [549, 2764], [545, 2761]]
90;726;NA;0.8955078125;0.7923076923076923;0.8802455067634583;3850;3606;[227, 2890, 318, 2951];[225, 2886, 314, 2951];[[234, 2890], [227, 2930], [244, 2942], [279, 2942], [288, 2950], [307, 2951], [316, 2935], [318, 2920], [297, 2913], [264, 2890]];[[228, 2890], [225, 2912], [229, 2932], [234, 2935], [241, 2937], [249, 2939], [265, 2942], [282, 2944], [287, 2947], [291, 2949], [301, 2951], [310, 2950], [312, 2947], [314, 2938], [313, 2929], [311, 2927], [301, 2924], [291, 2922], [287, 2920], [282, 2915], [279, 2909], [276, 2902], [275, 2896], [272, 2893], [268, 2891], [263, 2889], [246, 2886], [230, 2888]]
91;-1;NA;NA;0.0;0.0;4923;0;[754, 2731, 845, 2819];[];[[761, 2767], [754, 2781], [756, 2792], [769, 2798], [790, 2798], [805, 2794], [815, 2811], [842, 2819], [845, 2811], [844, 2795], [830, 2769], [838, 2760], [839, 2750], [836, 2741], [819, 2731], [804, 2732], [795, 2738], [777, 2758]];[]
92;796;NA;0.8857421875;0.8459465063238648;0.7469798922538757;4376;4527;[674, 2833, 779, 2887];[669, 2834, 782, 2899];[[777, 2839], [771, 2834], [750, 2833], [737, 2834], [729, 2839], [719, 2839], [712, 2844], [687, 2845], [674, 2851], [674, 2877], [694, 2887], [711, 2884], [736, 2884], [766, 2873], [777, 2863], [779, 2855]];[[782, 2852], [780, 2843], [778, 2841], [775, 2838], [772, 2835], [749, 2834], [725, 2836], [716, 2839], [706, 2841], [697, 2843], [688, 2847], [686, 2852], [683, 2857], [676, 2862], [669, 2866], [671, 2870], [673, 2873], [675, 2875], [678, 2877], [681, 2881], [683, 2890], [687, 2899], [692, 2897], [697, 2894], [701, 2893], [703, 2890], [706, 2887], [716, 2885], [725, 2882], [737, 2880], [749, 2877], [756, 2875], [764, 2873], [768, 2870], [772, 2869], [775, 2866], [778, 2863], [780, 2861]]
93;778;NA;0.88818359375;0.8547297297297297;0.931034505367279;4118;4666;[824, 2913, 905, 2996];[823, 2912, 906, 2999];[[896, 2914], [879, 2913], [855, 2928], [837, 2930], [824, 2939], [826, 2951], [836, 2954], [850, 2964], [851, 2982], [859, 2996], [876, 2996], [884, 2987], [885, 2978], [891, 2970], [892, 2962], [905, 2942], [905, 2923]];[[894, 2913], [882, 2912], [870, 2914], [864, 2916], [858, 2918], [850, 2920], [842, 2922], [836, 2924], [831, 2925], [829, 2927], [826, 2930], [824, 2932], [823, 2941], [824, 2951], [826, 2953], [832, 2955], [838, 2957], [840, 2959], [842, 2961], [844, 2963], [846, 2965], [849, 2967], [851, 2975], [853, 2983], [855, 2987], [856, 2991], [858, 2993], [861, 2995], [863, 2997], [868, 2999], [874, 2997], [878, 2995], [882, 2993], [884, 2991], [886, 2987], [888, 2983], [890, 2979], [892, 2975], [894, 2965], [896, 2955], [898, 2951], [900, 2947], [902, 2943], [904, 2939], [906, 2931], [904, 2924], [902, 2922], [900, 2920], [898, 2918], [896, 2915]]
94;538;NA;0.91064453125;0.8540216086434573;0.8423645496368408;4031;3691;[211, 2606, 273, 2703];[216, 2610, 276, 2703];[[222, 2608], [217, 2611], [212, 2625], [211, 2653], [221, 2674], [232, 2690], [239, 2697], [256, 2703], [268, 2696], [273, 2679], [269, 2671], [267, 2656], [253, 2636], [246, 2612], [235, 2606]];[[229, 2610], [221, 2611], [218, 2614], [216, 2640], [218, 2666], [221, 2671], [223, 2676], [225, 2680], [228, 2685], [230, 2690], [232, 2694], [234, 2696], [239, 2699], [244, 2701], [251, 2703], [257, 2702], [260, 2699], [263, 2696], [268, 2694], [272, 2690], [274, 2685], [276, 2680], [274, 2676], [272, 2671], [269, 2666], [267, 2661], [264, 2657], [262, 2652], [260, 2648], [258, 2645], [255, 2642], [253, 2637], [250, 2633], [248, 2626], [246, 2619], [244, 2617], [241, 2614], [238, 2611]]
95;167;NA;0.931640625;0.822818201802594;0.8471354842185974;4296;3996;[605, 2506, 685, 2591];[601, 2503, 683, 2586];[[610, 2514], [605, 2522], [605, 2536], [614, 2554], [648, 2588], [663, 2591], [675, 2589], [685, 2577], [685, 2558], [666, 2539], [655, 2532], [652, 2516], [642, 2506], [632, 2506], [625, 2511]];[[626, 2503], [612, 2507], [606, 2512], [601, 2529], [605, 2543], [610, 2548], [615, 2554], [621, 2559], [626, 2564], [631, 2570], [639, 2577], [644, 2582], [664, 2586], [683, 2566], [674, 2546], [664, 2541], [656, 2534], [651, 2523], [648, 2514], [642, 2509]]
96;674;NA;0.89990234375;0.8277098614506927;0.8449928164482117;5930;5283;[459, 2765, 528, 2888];[454, 2767, 524, 2885];[[483, 2765], [478, 2773], [459, 2784], [459, 2805], [469, 2824], [470, 2842], [486, 2858], [494, 2881], [506, 2888], [514, 2888], [521, 2882], [528, 2864], [527, 2837], [522, 2819], [522, 2796], [502, 2765]];[[468, 2777], [459, 2778], [457, 2781], [454, 2795], [456, 2808], [458, 2811], [462, 2814], [464, 2816], [468, 2818], [473, 2820], [476, 2823], [478, 2838], [481, 2852], [483, 2857], [485, 2862], [488, 2866], [489, 2870], [492, 2873], [495, 2876], [497, 2878], [501, 2880], [506, 2882], [513, 2885], [520, 2883], [522, 2881], [524, 2852], [522, 2823], [520, 2816], [517, 2809], [515, 2802], [512, 2795], [510, 2785], [508, 2776], [505, 2771], [494, 2767], [483, 2769], [481, 2771], [477, 2774]]
97;337;NA;0.921875;0.856304347826087;0.9193419218063354;4446;4093;[128, 2766, 212, 2855];[132, 2768, 211, 2855];[[179, 2766], [164, 2766], [155, 2774], [136, 2801], [129, 2820], [128, 2840], [130, 2849], [137, 2855], [147, 2855], [170, 2832], [208, 2815], [212, 2800], [207, 2790], [200, 2785], [185, 2785]];[[179, 2770], [171, 2768], [164, 2769], [162, 2771], [159, 2774], [157, 2776], [156, 2779], [154, 2783], [152, 2785], [150, 2787], [148, 2789], [146, 2791], [144, 2793], [142, 2795], [140, 2797], [138, 2799], [135, 2802], [133, 2804], [132, 2827], [135, 2851], [139, 2853], [143, 2855], [147, 2853], [151, 2851], [155, 2849], [157, 2847], [159, 2845], [161, 2843], [163, 2841], [165, 2839], [167, 2837], [169, 2835], [171, 2833], [175, 2831], [179, 2829], [187, 2827], [195, 2825], [199, 2823], [203, 2821], [205, 2819], [207, 2817], [209, 2815], [211, 2807], [209, 2800], [207, 2798], [205, 2795], [203, 2793], [195, 2792], [187, 2790], [185, 2787], [183, 2779], [181, 2772]]
98;2;NA;0.97900390625;0.5889712696941612;0.592334508895874;5463;8253;[776, 2782, 844, 2887];[762, 2740, 844, 2887];[[814, 2782], [793, 2791], [778, 2814], [776, 2827], [780, 2842], [791, 2854], [789, 2871], [796, 2869], [808, 2882], [816, 2887], [822, 2887], [831, 2883], [841, 2870], [844, 2821], [840, 2798], [834, 2789], [824, 2782]];[[814, 2740], [794, 2743], [789, 2749], [783, 2754], [778, 2760], [771, 2767], [766, 2772], [762, 2786], [767, 2803], [773, 2808], [767, 2813], [762, 2819], [766, 2822], [771, 2828], [776, 2833], [782, 2838], [789, 2845], [794, 2856], [798, 2865], [803, 2871], [810, 2878], [816, 2883], [825, 2887], [834, 2883], [839, 2878], [844, 2840], [839, 2803], [834, 2770]]
99;557;NA;0.9091796875;0.9072006160954948;0.8650793433189392;4941;4965;[683, 2559, 743, 2669];[687, 2560, 742, 2675];[[733, 2559], [712, 2560], [702, 2574], [688, 2587], [683, 2599], [688, 2620], [694, 2628], [689, 2648], [707, 2669], [725, 2669], [736, 2657], [737, 2610], [743, 2599], [743, 2587]];[[730, 2561], [726, 2560], [722, 2562], [716, 2564], [711, 2565], [709, 2567], [707, 2569], [705, 2571], [703, 2573], [701, 2575], [699, 2577], [697, 2579], [695, 2581], [693, 2583], [690, 2586], [688, 2588], [687, 2603], [689, 2619], [691, 2627], [689, 2635], [687, 2645], [688, 2655], [690, 2657], [694, 2659], [698, 2661], [700, 2663], [702, 2665], [705, 2667], [707, 2669], [710, 2671], [714, 2673], [716, 2675], [718, 2673], [722, 2671], [726, 2669], [728, 2667], [730, 2663], [732, 2659], [734, 2655], [736, 2651], [738, 2629], [740, 2607], [742, 2593], [740, 2579], [738, 2573], [736, 2568], [734, 2566], [732, 2563]]
100;514;NA;0.91162109375;0.8067515666060239;0.7245824337005615;4728;4210;[3100, 2119, 3210, 2193];[3109, 2129, 3214, 2198];[[3100, 2132], [3105, 2141], [3107, 2153], [3120, 2173], [3133, 2175], [3146, 2183], [3167, 2184], [3183, 2193], [3205, 2193], [3209, 2190], [3210, 2168], [3203, 2158], [3184, 2154], [3177, 2147], [3153, 2135], [3147, 2129], [3135, 2127], [3123, 2119], [3110, 2120]];[[3112, 2135], [3109, 2145], [3112, 2156], [3116, 2163], [3118, 2169], [3122, 2173], [3129, 2176], [3136, 2180], [3151, 2184], [3165, 2187], [3179, 2191], [3194, 2194], [3197, 2198], [3201, 2194], [3208, 2191], [3214, 2174], [3204, 2157], [3194, 2154], [3176, 2150], [3158, 2147], [3153, 2142], [3149, 2135], [3133, 2129], [3116, 2131]]
101;316;NA;0.9228515625;0.874491392801252;0.8409792184829712;3091;2898;[3198, 2283, 3256, 2361];[3200, 2288, 3259, 2363];[[3246, 2283], [3228, 2289], [3205, 2311], [3198, 2335], [3198, 2358], [3200, 2361], [3223, 2361], [3233, 2353], [3239, 2344], [3241, 2330], [3255, 2315], [3256, 2308], [3255, 2291]];[[3255, 2290], [3243, 2288], [3232, 2289], [3230, 2291], [3228, 2293], [3226, 2295], [3223, 2298], [3219, 2300], [3216, 2301], [3214, 2303], [3212, 2305], [3210, 2307], [3208, 2309], [3206, 2311], [3203, 2314], [3201, 2316], [3200, 2339], [3209, 2363], [3219, 2361], [3223, 2359], [3227, 2357], [3229, 2355], [3231, 2353], [3233, 2351], [3235, 2349], [3237, 2347], [3239, 2341], [3241, 2335], [3243, 2331], [3245, 2327], [3247, 2325], [3249, 2323], [3251, 2321], [3253, 2319], [3255, 2315], [3257, 2311], [3259, 2301], [3257, 2292]]
102;10;NA;0.95849609375;0.774452964279035;0.7912031412124634;5289;4199;[2649, 1974, 2752, 2045];[2661, 1977, 2754, 2049];[[2751, 1977], [2748, 1974], [2689, 1974], [2681, 1983], [2674, 1984], [2660, 1993], [2656, 2005], [2649, 2013], [2649, 2024], [2664, 2042], [2671, 2045], [2683, 2043], [2709, 2025], [2719, 2029], [2737, 2027], [2741, 2024], [2744, 2006], [2752, 1997]];[[2754, 1986], [2718, 1977], [2681, 1982], [2670, 1988], [2661, 2018], [2670, 2049], [2679, 2045], [2684, 2040], [2692, 2033], [2713, 2027], [2733, 2024], [2738, 2018], [2743, 2007], [2749, 1997]]
103;548;NA;0.90966796875;0.7366061421206007;0.7663714289665222;4385;3362;[3015, 2282, 3124, 2340];[3016, 2288, 3111, 2339];[[3124, 2294], [3120, 2287], [3113, 2282], [3082, 2283], [3073, 2285], [3066, 2291], [3045, 2292], [3015, 2316], [3015, 2328], [3018, 2331], [3046, 2340], [3058, 2339], [3066, 2334], [3087, 2333], [3117, 2314]];[[3111, 2309], [3109, 2299], [3107, 2295], [3105, 2292], [3103, 2290], [3087, 2288], [3071, 2290], [3065, 2292], [3059, 2294], [3053, 2296], [3047, 2298], [3043, 2300], [3039, 2302], [3035, 2304], [3032, 2305], [3030, 2307], [3027, 2310], [3023, 2312], [3020, 2313], [3018, 2315], [3016, 2321], [3019, 2327], [3023, 2329], [3027, 2331], [3031, 2333], [3055, 2335], [3079, 2337], [3081, 2339], [3083, 2337], [3087, 2335], [3091, 2331], [3093, 2327], [3095, 2325], [3097, 2323], [3099, 2321], [3105, 2319]]
104;158;NA;0.93212890625;0.8236381977135171;0.8302521109580994;5779;5068;[3061, 2051, 3159, 2136];[3066, 2057, 3157, 2133];[[3159, 2072], [3137, 2051], [3126, 2052], [3113, 2063], [3095, 2062], [3081, 2074], [3089, 2084], [3061, 2110], [3061, 2133], [3065, 2136], [3117, 2135], [3149, 2109], [3159, 2089]];[[3157, 2081], [3154, 2064], [3151, 2061], [3133, 2057], [3115, 2061], [3104, 2064], [3093, 2068], [3086, 2071], [3080, 2081], [3077, 2092], [3072, 2096], [3068, 2100], [3066, 2117], [3090, 2133], [3115, 2130], [3122, 2126], [3129, 2123], [3136, 2119], [3142, 2117], [3146, 2113], [3149, 2106], [3153, 2099]]
105;566;NA;0.9091796875;0.8693736832024517;0.8600472211837769;4867;4893;[2942, 1988, 3023, 2077];[2944, 1993, 3028, 2076];[[3012, 1989], [3008, 1988], [3002, 1995], [2987, 2003], [2982, 2003], [2976, 1998], [2966, 1998], [2961, 2001], [2958, 2011], [2945, 2025], [2942, 2036], [2943, 2064], [2953, 2075], [2968, 2077], [2985, 2069], [3021, 2029], [3023, 2001]];[[3021, 1999], [3008, 1993], [2993, 1996], [2982, 2000], [2972, 1996], [2965, 1993], [2959, 1995], [2955, 1999], [2951, 2009], [2948, 2020], [2944, 2045], [2950, 2069], [2957, 2073], [2965, 2076], [2972, 2073], [2979, 2069], [2985, 2067], [2988, 2063], [2992, 2060], [2996, 2056], [2999, 2052], [3003, 2049], [3006, 2045], [3010, 2042], [3015, 2037], [3018, 2033], [3021, 2027], [3024, 2020], [3028, 2013], [3024, 2006]]
106;807;NA;0.88427734375;0.7436570428696413;0.7389779090881348;5471;4494;[3166, 1948, 3242, 2057];[3163, 1967, 3237, 2056];[[3201, 1948], [3194, 1951], [3193, 2002], [3181, 2013], [3175, 2010], [3166, 2011], [3171, 2021], [3166, 2030], [3167, 2043], [3179, 2057], [3209, 2056], [3225, 2044], [3239, 2023], [3242, 1999], [3237, 1968], [3227, 1958], [3217, 1959]];[[3237, 1985], [3231, 1972], [3224, 1974], [3217, 1977], [3210, 1974], [3206, 1971], [3204, 1969], [3200, 1967], [3196, 1976], [3194, 1985], [3191, 1995], [3189, 2004], [3186, 2008], [3174, 2010], [3163, 2016], [3165, 2024], [3168, 2026], [3165, 2028], [3163, 2038], [3164, 2047], [3167, 2049], [3170, 2052], [3172, 2055], [3193, 2056], [3214, 2054], [3219, 2051], [3223, 2045], [3226, 2038], [3228, 2031], [3230, 2024], [3233, 2012], [3235, 2000]]
107;340;NA;0.921875;0.8692733017377567;0.8723404407501221;4571;4895;[3406, 2188, 3495, 2270];[3406, 2177, 3495, 2271];[[3493, 2198], [3480, 2188], [3469, 2188], [3450, 2204], [3433, 2188], [3429, 2188], [3427, 2203], [3435, 2211], [3438, 2219], [3429, 2224], [3408, 2245], [3406, 2254], [3408, 2268], [3423, 2270], [3431, 2262], [3451, 2261], [3460, 2252], [3472, 2251], [3492, 2232], [3495, 2212]];[[3419, 2177], [3411, 2179], [3412, 2180], [3415, 2182], [3417, 2185], [3419, 2187], [3422, 2190], [3424, 2192], [3427, 2195], [3430, 2200], [3432, 2205], [3435, 2212], [3432, 2219], [3430, 2221], [3427, 2224], [3425, 2226], [3423, 2229], [3419, 2232], [3417, 2234], [3416, 2238], [3413, 2243], [3410, 2246], [3408, 2248], [3406, 2260], [3412, 2271], [3419, 2268], [3427, 2266], [3434, 2264], [3441, 2261], [3448, 2259], [3455, 2256], [3462, 2254], [3470, 2252], [3476, 2250], [3478, 2248], [3481, 2244], [3484, 2242], [3485, 2238], [3488, 2233], [3490, 2229], [3493, 2224], [3495, 2212], [3493, 2201], [3491, 2198], [3489, 2196], [3486, 2194], [3483, 2190], [3481, 2188], [3477, 2186], [3472, 2189], [3467, 2191], [3462, 2194], [3453, 2196], [3443, 2194], [3441, 2191], [3439, 2189], [3436, 2186], [3434, 2184], [3431, 2181], [3428, 2179]]
108;315;NA;0.9228515625;0.825567899187531;0.8069241046905518;5364;5646;[3046, 2135, 3124, 2241];[3036, 2140, 3127, 2243];[[3085, 2135], [3077, 2140], [3066, 2169], [3061, 2174], [3048, 2176], [3046, 2181], [3050, 2186], [3062, 2190], [3060, 2202], [3073, 2221], [3076, 2232], [3089, 2241], [3101, 2241], [3109, 2236], [3120, 2235], [3124, 2231], [3124, 2184], [3122, 2177], [3115, 2170], [3114, 2158], [3092, 2135]];[[3087, 2140], [3076, 2141], [3074, 2143], [3072, 2151], [3070, 2159], [3068, 2163], [3066, 2167], [3063, 2170], [3059, 2172], [3055, 2174], [3051, 2176], [3048, 2177], [3046, 2179], [3043, 2182], [3039, 2184], [3036, 2191], [3037, 2199], [3039, 2197], [3045, 2195], [3051, 2193], [3055, 2191], [3059, 2195], [3058, 2199], [3056, 2203], [3054, 2207], [3051, 2210], [3049, 2212], [3048, 2217], [3051, 2223], [3055, 2221], [3057, 2219], [3059, 2217], [3063, 2215], [3067, 2217], [3070, 2219], [3072, 2223], [3073, 2227], [3075, 2229], [3078, 2231], [3080, 2235], [3081, 2239], [3083, 2241], [3089, 2243], [3095, 2241], [3097, 2239], [3099, 2237], [3101, 2235], [3103, 2233], [3107, 2231], [3111, 2233], [3115, 2235], [3119, 2233], [3121, 2231], [3123, 2229], [3125, 2227], [3127, 2211], [3125, 2195], [3123, 2191], [3121, 2187], [3119, 2183], [3117, 2179], [3115, 2175], [3113, 2171], [3111, 2165], [3109, 2159], [3107, 2155], [3105, 2152], [3103, 2150], [3101, 2147], [3099, 2143]]
109;338;NA;0.921875;0.8253031792854801;0.8038289546966553;5945;5193;[2974, 2227, 3074, 2302];[2980, 2232, 3079, 2299];[[2974, 2240], [2974, 2253], [2992, 2271], [2985, 2277], [2980, 2289], [2988, 2302], [3008, 2289], [3016, 2297], [3026, 2301], [3038, 2297], [3070, 2295], [3074, 2291], [3074, 2249], [3061, 2236], [3050, 2230], [3039, 2236], [3010, 2236], [3001, 2227], [2988, 2227]];[[2997, 2232], [2980, 2251], [2984, 2271], [2988, 2277], [2986, 2283], [2984, 2287], [2985, 2291], [2987, 2293], [2995, 2295], [3003, 2293], [3005, 2291], [3007, 2293], [3011, 2295], [3015, 2297], [3027, 2299], [3039, 2297], [3045, 2295], [3051, 2293], [3057, 2291], [3063, 2289], [3067, 2287], [3071, 2285], [3073, 2283], [3075, 2281], [3077, 2279], [3079, 2273], [3077, 2268], [3075, 2266], [3073, 2263], [3071, 2255], [3069, 2247], [3067, 2243], [3063, 2240], [3059, 2238], [3049, 2236], [3039, 2238], [3033, 2240], [3027, 2238], [3021, 2236], [3015, 2234]]
110;67;NA;0.939453125;0.8427128427128427;0.8042951226234436;4033;3629;[3311, 2303, 3397, 2367];[3309, 2308, 3400, 2362];[[3396, 2312], [3393, 2309], [3381, 2307], [3376, 2303], [3349, 2311], [3332, 2324], [3321, 2328], [3311, 2337], [3311, 2363], [3315, 2366], [3333, 2367], [3341, 2360], [3386, 2358], [3397, 2347]];[[3400, 2331], [3397, 2315], [3394, 2311], [3372, 2308], [3351, 2311], [3344, 2315], [3338, 2317], [3334, 2321], [3329, 2325], [3326, 2329], [3324, 2335], [3316, 2342], [3309, 2353], [3340, 2362], [3372, 2359], [3383, 2355], [3393, 2353], [3396, 2349]]
111;387;NA;0.91943359375;0.838070758996069;0.8107647895812988;6149;6008;[3351, 2057, 3441, 2180];[3345, 2064, 3436, 2176];[[3375, 2057], [3361, 2067], [3353, 2080], [3370, 2104], [3353, 2111], [3351, 2125], [3379, 2153], [3385, 2169], [3398, 2180], [3408, 2177], [3422, 2159], [3423, 2146], [3431, 2139], [3441, 2112], [3419, 2097], [3406, 2096], [3393, 2082], [3392, 2069]];[[3372, 2064], [3359, 2085], [3352, 2106], [3345, 2113], [3347, 2119], [3351, 2123], [3356, 2127], [3359, 2135], [3362, 2141], [3365, 2144], [3369, 2148], [3372, 2151], [3377, 2156], [3381, 2163], [3383, 2169], [3387, 2173], [3397, 2176], [3407, 2174], [3411, 2170], [3415, 2166], [3419, 2162], [3421, 2153], [3425, 2142], [3428, 2131], [3432, 2120], [3436, 2113], [3433, 2107], [3430, 2104], [3422, 2100], [3415, 2096], [3408, 2093], [3401, 2089], [3396, 2085], [3393, 2077], [3390, 2071], [3387, 2068]]
112;594;NA;0.908203125;0.7682284446908788;0.752109706401825;3607;2771;[2810, 1928, 2882, 2007];[2816, 1936, 2878, 2005];[[2819, 1933], [2810, 1944], [2817, 1966], [2829, 1981], [2855, 2006], [2872, 2007], [2882, 1996], [2881, 1977], [2876, 1971], [2873, 1961], [2852, 1936], [2842, 1928], [2831, 1928]];[[2832, 1936], [2816, 1949], [2819, 1963], [2823, 1970], [2825, 1976], [2829, 1980], [2832, 1983], [2836, 1987], [2841, 1992], [2844, 1995], [2850, 1998], [2857, 2001], [2864, 2005], [2870, 2002], [2874, 1999], [2878, 1984], [2874, 1970], [2870, 1963], [2868, 1957], [2864, 1953], [2861, 1950], [2857, 1946], [2852, 1941], [2849, 1938]]
113;954;NA;0.841796875;0.7383031117080815;0.7479307651519775;4419;3346;[2621, 2343, 2695, 2428];[2625, 2356, 2700, 2427];[[2652, 2343], [2643, 2344], [2630, 2352], [2626, 2357], [2621, 2373], [2626, 2383], [2627, 2420], [2639, 2428], [2652, 2422], [2657, 2414], [2665, 2422], [2675, 2421], [2680, 2411], [2695, 2393], [2687, 2373], [2670, 2353]];[[2640, 2356], [2629, 2357], [2627, 2359], [2625, 2373], [2627, 2387], [2629, 2403], [2630, 2419], [2632, 2421], [2635, 2423], [2637, 2425], [2642, 2427], [2648, 2425], [2650, 2423], [2652, 2419], [2654, 2415], [2656, 2413], [2658, 2411], [2660, 2415], [2662, 2419], [2664, 2421], [2668, 2423], [2672, 2419], [2674, 2415], [2676, 2411], [2678, 2407], [2680, 2405], [2682, 2403], [2684, 2401], [2688, 2399], [2692, 2397], [2694, 2395], [2696, 2393], [2698, 2391], [2700, 2389], [2698, 2388], [2696, 2386], [2692, 2384], [2688, 2382], [2684, 2380], [2680, 2378], [2676, 2376], [2672, 2374], [2668, 2372], [2664, 2370], [2662, 2368], [2660, 2366], [2658, 2364], [2656, 2362], [2654, 2359], [2652, 2357]]
114;76;NA;0.9384765625;0.8360998744594783;0.9252336621284485;6865;6298;[2594, 2260, 2701, 2363];[2597, 2264, 2700, 2363];[[2699, 2264], [2688, 2260], [2666, 2262], [2647, 2272], [2627, 2273], [2597, 2305], [2594, 2321], [2605, 2337], [2603, 2353], [2608, 2363], [2629, 2363], [2651, 2347], [2654, 2338], [2685, 2310], [2701, 2290]];[[2692, 2266], [2682, 2264], [2672, 2266], [2664, 2268], [2656, 2266], [2648, 2264], [2640, 2266], [2636, 2268], [2632, 2270], [2628, 2272], [2625, 2273], [2623, 2275], [2620, 2278], [2616, 2280], [2613, 2281], [2611, 2283], [2608, 2286], [2606, 2288], [2605, 2291], [2603, 2295], [2601, 2299], [2599, 2303], [2597, 2315], [2598, 2327], [2600, 2329], [2603, 2331], [2605, 2333], [2603, 2335], [2601, 2345], [2602, 2355], [2604, 2357], [2607, 2359], [2609, 2361], [2614, 2363], [2620, 2361], [2622, 2359], [2624, 2357], [2628, 2355], [2632, 2353], [2636, 2351], [2640, 2349], [2642, 2347], [2644, 2345], [2646, 2343], [2648, 2341], [2650, 2339], [2652, 2335], [2654, 2331], [2656, 2329], [2658, 2327], [2660, 2325], [2662, 2323], [2664, 2321], [2666, 2319], [2668, 2317], [2670, 2315], [2672, 2313], [2674, 2311], [2676, 2309], [2680, 2307], [2684, 2305], [2688, 2303], [2692, 2299], [2694, 2295], [2696, 2287], [2698, 2279], [2700, 2277], [2698, 2275], [2696, 2271], [2694, 2268]]
115;113;NA;0.935546875;0.8386318329661105;0.8950625061988831;8303;9221;[2761, 2213, 2880, 2340];[2756, 2216, 2883, 2343];[[2813, 2213], [2797, 2221], [2797, 2248], [2792, 2253], [2766, 2254], [2762, 2258], [2761, 2285], [2766, 2291], [2779, 2291], [2793, 2301], [2816, 2304], [2821, 2309], [2819, 2335], [2833, 2340], [2844, 2334], [2852, 2317], [2877, 2314], [2880, 2306], [2870, 2285], [2870, 2258], [2866, 2249], [2850, 2243], [2838, 2251], [2834, 2222], [2827, 2216]];[[2758, 2259], [2756, 2269], [2757, 2279], [2759, 2281], [2761, 2283], [2763, 2285], [2766, 2287], [2768, 2289], [2771, 2291], [2775, 2293], [2781, 2295], [2787, 2297], [2801, 2299], [2815, 2301], [2818, 2303], [2820, 2307], [2818, 2311], [2815, 2314], [2813, 2316], [2812, 2321], [2814, 2327], [2816, 2333], [2817, 2339], [2819, 2341], [2827, 2343], [2835, 2341], [2839, 2339], [2843, 2337], [2845, 2335], [2847, 2333], [2849, 2331], [2851, 2329], [2855, 2327], [2859, 2325], [2861, 2323], [2863, 2325], [2866, 2327], [2868, 2329], [2871, 2331], [2875, 2329], [2877, 2327], [2879, 2325], [2881, 2323], [2883, 2307], [2881, 2291], [2879, 2287], [2877, 2283], [2875, 2269], [2873, 2256], [2871, 2254], [2869, 2252], [2867, 2250], [2865, 2247], [2863, 2245], [2857, 2244], [2851, 2246], [2845, 2248], [2839, 2246], [2837, 2243], [2835, 2235], [2833, 2228], [2831, 2226], [2829, 2223], [2827, 2219], [2817, 2216], [2808, 2217], [2806, 2219], [2804, 2221], [2802, 2223], [2799, 2226], [2797, 2228], [2795, 2242], [2785, 2256], [2775, 2254], [2773, 2252], [2771, 2254], [2765, 2256], [2760, 2257]]
116;307;NA;0.923828125;0.8966156699119147;0.9240924119949341;6319;5954;[2559, 2040, 2639, 2157];[2558, 2043, 2641, 2155];[[2620, 2040], [2613, 2040], [2606, 2048], [2583, 2062], [2581, 2074], [2574, 2085], [2564, 2093], [2559, 2111], [2567, 2133], [2577, 2140], [2587, 2140], [2604, 2157], [2616, 2151], [2629, 2137], [2630, 2122], [2639, 2105], [2636, 2074], [2638, 2063], [2627, 2044]];[[2634, 2063], [2625, 2043], [2615, 2045], [2612, 2049], [2607, 2054], [2600, 2057], [2594, 2060], [2590, 2063], [2587, 2067], [2583, 2070], [2579, 2074], [2576, 2077], [2571, 2082], [2567, 2086], [2565, 2092], [2562, 2099], [2558, 2110], [2560, 2119], [2564, 2123], [2569, 2127], [2572, 2131], [2578, 2133], [2585, 2137], [2589, 2141], [2593, 2144], [2597, 2149], [2601, 2153], [2607, 2155], [2613, 2153], [2616, 2149], [2621, 2144], [2625, 2141], [2627, 2135], [2631, 2127], [2634, 2117], [2638, 2106], [2641, 2095], [2638, 2085]]
117;135;NA;0.93359375;0.8932665913127725;0.8785974383354187;5872;5853;[2911, 2145, 3009, 2235];[2908, 2152, 3007, 2235];[[2998, 2152], [2985, 2145], [2964, 2161], [2923, 2162], [2916, 2167], [2919, 2186], [2912, 2197], [2911, 2218], [2923, 2233], [2934, 2235], [2942, 2230], [2955, 2229], [2978, 2213], [2987, 2211], [2999, 2199], [3001, 2187], [3009, 2178], [3009, 2166]];[[3003, 2155], [2989, 2152], [2975, 2154], [2971, 2156], [2967, 2158], [2961, 2160], [2955, 2162], [2949, 2164], [2943, 2166], [2939, 2168], [2935, 2166], [2929, 2164], [2923, 2162], [2915, 2160], [2908, 2163], [2909, 2167], [2911, 2169], [2914, 2171], [2916, 2175], [2914, 2179], [2912, 2183], [2910, 2187], [2908, 2191], [2910, 2195], [2912, 2201], [2914, 2207], [2916, 2211], [2914, 2215], [2912, 2219], [2913, 2223], [2915, 2225], [2917, 2227], [2919, 2229], [2922, 2231], [2924, 2233], [2931, 2235], [2939, 2233], [2945, 2231], [2951, 2229], [2955, 2227], [2959, 2225], [2963, 2223], [2967, 2221], [2971, 2219], [2975, 2217], [2979, 2215], [2983, 2213], [2985, 2211], [2987, 2209], [2989, 2207], [2991, 2205], [2993, 2203], [2995, 2201], [2997, 2199], [2999, 2195], [3001, 2191], [3003, 2187], [3005, 2183], [3007, 2171], [3005, 2159]]
118;463;NA;0.9150390625;0.8514245761230554;0.9097446799278259;5666;4926;[2851, 2422, 2972, 2490];[2852, 2424, 2967, 2491];[[2971, 2430], [2955, 2422], [2937, 2426], [2901, 2427], [2879, 2435], [2860, 2449], [2851, 2465], [2851, 2478], [2863, 2490], [2896, 2490], [2905, 2482], [2916, 2481], [2929, 2474], [2943, 2471], [2958, 2461], [2964, 2449], [2972, 2442]];[[2967, 2431], [2965, 2428], [2963, 2426], [2953, 2424], [2943, 2426], [2937, 2428], [2931, 2430], [2911, 2432], [2891, 2434], [2883, 2436], [2875, 2438], [2873, 2440], [2871, 2438], [2869, 2436], [2868, 2441], [2866, 2447], [2864, 2449], [2862, 2451], [2860, 2453], [2858, 2455], [2855, 2458], [2853, 2460], [2852, 2467], [2853, 2475], [2855, 2477], [2859, 2479], [2863, 2481], [2865, 2483], [2867, 2485], [2870, 2487], [2872, 2489], [2879, 2491], [2887, 2489], [2893, 2487], [2899, 2485], [2905, 2483], [2911, 2481], [2919, 2479], [2927, 2477], [2933, 2475], [2939, 2473], [2941, 2471], [2943, 2469], [2945, 2467], [2947, 2465], [2949, 2463], [2951, 2461], [2953, 2459], [2955, 2455], [2959, 2451], [2963, 2447], [2965, 2443], [2967, 2441], [2963, 2440], [2960, 2441], [2958, 2443], [2955, 2440], [2957, 2435], [2959, 2433], [2961, 2431], [2963, 2433], [2965, 2435]]
119;556;NA;0.9091796875;0.9229048006509357;0.9573177695274353;4663;4790;[2796, 2111, 2890, 2201];[2796, 2112, 2891, 2203];[[2810, 2111], [2796, 2142], [2825, 2160], [2832, 2171], [2834, 2188], [2845, 2200], [2868, 2201], [2872, 2199], [2879, 2190], [2881, 2178], [2888, 2171], [2890, 2163], [2888, 2154], [2874, 2144], [2869, 2137], [2859, 2135], [2848, 2126], [2841, 2126], [2831, 2118], [2821, 2117], [2814, 2111]];[[2809, 2112], [2804, 2119], [2802, 2127], [2799, 2130], [2797, 2132], [2796, 2137], [2797, 2143], [2799, 2145], [2803, 2147], [2807, 2149], [2810, 2151], [2812, 2153], [2815, 2155], [2819, 2157], [2821, 2159], [2823, 2161], [2826, 2163], [2828, 2169], [2830, 2175], [2832, 2181], [2833, 2187], [2835, 2189], [2837, 2191], [2839, 2193], [2842, 2195], [2844, 2197], [2847, 2199], [2851, 2201], [2857, 2203], [2863, 2201], [2867, 2199], [2871, 2197], [2873, 2195], [2875, 2191], [2877, 2187], [2879, 2183], [2881, 2179], [2883, 2177], [2885, 2175], [2887, 2173], [2889, 2171], [2891, 2165], [2889, 2159], [2887, 2155], [2885, 2152], [2883, 2150], [2881, 2147], [2879, 2145], [2875, 2144], [2871, 2142], [2869, 2140], [2867, 2138], [2865, 2135], [2863, 2133], [2859, 2132], [2855, 2130], [2853, 2127], [2851, 2125], [2845, 2124], [2839, 2122], [2831, 2120], [2823, 2118], [2819, 2116], [2815, 2114]]
120;770;NA;0.8896484375;0.8090871196331805;0.8344623446464539;4384;4296;[2758, 2003, 2841, 2081];[2752, 2008, 2839, 2083];[[2777, 2004], [2765, 2014], [2758, 2026], [2772, 2041], [2774, 2053], [2781, 2061], [2783, 2069], [2795, 2081], [2831, 2081], [2841, 2069], [2841, 2058], [2835, 2051], [2834, 2041], [2826, 2033], [2822, 2017], [2814, 2016], [2796, 2003]];[[2761, 2016], [2752, 2025], [2753, 2035], [2755, 2037], [2757, 2039], [2759, 2041], [2761, 2043], [2763, 2045], [2766, 2047], [2768, 2049], [2771, 2051], [2775, 2053], [2780, 2055], [2784, 2059], [2786, 2063], [2788, 2067], [2790, 2071], [2792, 2075], [2797, 2079], [2803, 2081], [2813, 2083], [2823, 2081], [2827, 2079], [2831, 2077], [2833, 2075], [2835, 2073], [2837, 2071], [2839, 2065], [2837, 2059], [2835, 2053], [2833, 2048], [2831, 2046], [2829, 2043], [2827, 2039], [2825, 2035], [2823, 2027], [2825, 2019], [2827, 2013], [2823, 2008], [2820, 2009], [2818, 2011], [2816, 2013], [2814, 2015], [2811, 2018], [2809, 2019], [2807, 2015], [2805, 2012], [2803, 2010], [2789, 2008], [2776, 2009], [2774, 2011], [2771, 2014]]
121;411;NA;0.91845703125;0.8037843854348863;0.8963994383811951;6135;5209;[2756, 2339, 2852, 2431];[2764, 2340, 2851, 2431];[[2757, 2342], [2756, 2365], [2765, 2374], [2766, 2384], [2758, 2397], [2756, 2410], [2758, 2418], [2768, 2430], [2783, 2431], [2813, 2400], [2844, 2400], [2848, 2396], [2852, 2382], [2843, 2364], [2844, 2352], [2835, 2349], [2803, 2349], [2793, 2339], [2761, 2339]];[[2777, 2340], [2772, 2343], [2770, 2347], [2768, 2353], [2769, 2359], [2771, 2361], [2774, 2363], [2776, 2369], [2774, 2375], [2772, 2377], [2770, 2379], [2767, 2382], [2765, 2384], [2764, 2403], [2765, 2423], [2767, 2425], [2771, 2427], [2775, 2429], [2779, 2431], [2783, 2429], [2785, 2427], [2787, 2425], [2789, 2423], [2791, 2421], [2793, 2419], [2795, 2417], [2797, 2415], [2799, 2413], [2801, 2411], [2803, 2409], [2807, 2407], [2811, 2405], [2817, 2403], [2823, 2401], [2835, 2399], [2847, 2395], [2849, 2391], [2851, 2379], [2849, 2367], [2847, 2363], [2849, 2359], [2851, 2357], [2849, 2356], [2847, 2354], [2845, 2352], [2843, 2354], [2839, 2356], [2835, 2354], [2831, 2352], [2827, 2350], [2821, 2348], [2815, 2350], [2809, 2352], [2803, 2350], [2799, 2348], [2795, 2346], [2789, 2344], [2783, 2342]]
122;532;NA;0.91064453125;0.867172306495527;0.8043992519378662;5094;4507;[2852, 2373, 2974, 2431];[2860, 2372, 2967, 2427];[[2974, 2387], [2967, 2382], [2948, 2381], [2939, 2375], [2925, 2373], [2907, 2381], [2871, 2384], [2854, 2398], [2852, 2410], [2855, 2416], [2874, 2421], [2884, 2428], [2904, 2431], [2938, 2428], [2955, 2417], [2973, 2399]];[[2967, 2397], [2965, 2388], [2963, 2386], [2961, 2383], [2959, 2381], [2951, 2380], [2943, 2378], [2937, 2376], [2931, 2374], [2923, 2372], [2915, 2378], [2905, 2384], [2895, 2382], [2893, 2380], [2891, 2382], [2881, 2384], [2872, 2385], [2870, 2387], [2868, 2389], [2866, 2391], [2863, 2394], [2861, 2396], [2860, 2407], [2863, 2419], [2867, 2421], [2877, 2423], [2887, 2425], [2913, 2427], [2939, 2425], [2943, 2423], [2947, 2421], [2951, 2419], [2955, 2417], [2957, 2415], [2959, 2413], [2961, 2411], [2963, 2409], [2965, 2407]]
123;386;NA;0.91943359375;0.7566858940744625;0.7819232940673828;5581;4469;[1803, 1909, 1875, 2013];[1807, 1907, 1869, 2005];[[1810, 1909], [1806, 1911], [1803, 1918], [1809, 1937], [1803, 1946], [1803, 1975], [1830, 2004], [1839, 2006], [1847, 2013], [1859, 2012], [1868, 2005], [1875, 1992], [1868, 1952], [1850, 1922], [1834, 1909]];[[1816, 1914], [1807, 1945], [1809, 1976], [1813, 1980], [1817, 1984], [1821, 1988], [1827, 1990], [1834, 1994], [1841, 1998], [1848, 2001], [1859, 2005], [1869, 1977], [1865, 1949], [1862, 1938], [1859, 1928], [1856, 1925], [1852, 1921], [1848, 1918], [1844, 1913], [1840, 1909], [1834, 1907], [1827, 1910]]
124;862;NA;0.8740234375;0.8430476886533894;0.8155339956283569;4902;5185;[1507, 2245, 1580, 2347];[1506, 2240, 1577, 2359];[[1514, 2245], [1511, 2247], [1514, 2258], [1509, 2268], [1507, 2293], [1509, 2315], [1527, 2347], [1531, 2346], [1536, 2332], [1541, 2329], [1546, 2331], [1551, 2344], [1560, 2344], [1569, 2323], [1564, 2285], [1569, 2281], [1576, 2281], [1580, 2275], [1576, 2271], [1553, 2272], [1537, 2245]];[[1537, 2243], [1529, 2240], [1522, 2241], [1520, 2243], [1517, 2246], [1515, 2248], [1514, 2253], [1512, 2259], [1510, 2263], [1508, 2267], [1506, 2283], [1508, 2299], [1510, 2305], [1512, 2311], [1514, 2317], [1516, 2323], [1518, 2331], [1516, 2339], [1514, 2343], [1512, 2347], [1509, 2350], [1507, 2352], [1506, 2353], [1507, 2355], [1509, 2357], [1515, 2359], [1521, 2357], [1523, 2355], [1525, 2353], [1527, 2351], [1529, 2345], [1531, 2339], [1533, 2335], [1539, 2331], [1545, 2335], [1547, 2339], [1549, 2341], [1555, 2343], [1561, 2341], [1563, 2339], [1565, 2335], [1567, 2331], [1569, 2321], [1567, 2311], [1565, 2307], [1563, 2303], [1561, 2295], [1563, 2287], [1565, 2285], [1569, 2283], [1573, 2281], [1575, 2279], [1577, 2275], [1563, 2272], [1549, 2264], [1547, 2256], [1545, 2254], [1543, 2252], [1541, 2250], [1539, 2247]]
125;154;NA;0.93212890625;0.8789395624768261;0.8687132596969604;5383;4752;[1532, 2020, 1604, 2125];[1534, 2024, 1605, 2119];[[1584, 2020], [1564, 2026], [1554, 2046], [1542, 2059], [1534, 2074], [1532, 2085], [1534, 2110], [1537, 2115], [1552, 2124], [1568, 2125], [1578, 2119], [1585, 2110], [1592, 2095], [1595, 2080], [1602, 2071], [1604, 2059], [1598, 2027]];[[1589, 2025], [1579, 2024], [1570, 2025], [1568, 2027], [1566, 2029], [1564, 2031], [1561, 2034], [1559, 2036], [1558, 2039], [1556, 2043], [1553, 2046], [1551, 2048], [1550, 2051], [1548, 2055], [1545, 2058], [1543, 2060], [1542, 2063], [1540, 2067], [1537, 2070], [1535, 2072], [1534, 2089], [1535, 2107], [1537, 2109], [1540, 2111], [1542, 2113], [1545, 2115], [1549, 2117], [1559, 2119], [1569, 2117], [1575, 2115], [1581, 2113], [1583, 2111], [1585, 2105], [1587, 2099], [1589, 2095], [1591, 2091], [1593, 2087], [1595, 2083], [1597, 2077], [1599, 2071], [1601, 2069], [1603, 2067], [1605, 2059], [1601, 2051], [1597, 2041], [1595, 2032], [1593, 2030], [1591, 2027]]
126;210;NA;0.927734375;0.8510598386794223;0.8626366853713989;5204;4664;[1872, 1950, 1981, 2023];[1875, 1956, 1979, 2022];[[1975, 1960], [1956, 1950], [1932, 1950], [1920, 1956], [1884, 1958], [1872, 1967], [1873, 1990], [1876, 1995], [1885, 1995], [1896, 2002], [1901, 2023], [1905, 2022], [1912, 2010], [1927, 2014], [1955, 2013], [1957, 2000], [1952, 1989], [1981, 1976]];[[1875, 1975], [1877, 1988], [1879, 1991], [1882, 1994], [1885, 1996], [1890, 1999], [1894, 2003], [1897, 2008], [1899, 2013], [1901, 2017], [1903, 2019], [1906, 2022], [1907, 2020], [1910, 2018], [1913, 2014], [1934, 2012], [1955, 1999], [1962, 1984], [1969, 1982], [1971, 1979], [1975, 1976], [1977, 1974], [1979, 1970], [1977, 1966], [1975, 1964], [1971, 1960], [1969, 1958], [1925, 1956], [1880, 1958], [1878, 1960]]
127;49;NA;0.9423828125;0.8389939416192399;0.887269914150238;4663;5354;[1687, 2411, 1794, 2500];[1690, 2408, 1797, 2503];[[1687, 2414], [1687, 2426], [1723, 2461], [1725, 2469], [1721, 2478], [1744, 2500], [1759, 2500], [1768, 2483], [1787, 2483], [1794, 2479], [1794, 2476], [1780, 2469], [1780, 2461], [1788, 2454], [1791, 2440], [1785, 2432], [1757, 2431], [1729, 2442], [1704, 2412], [1690, 2411]];[[1697, 2408], [1690, 2419], [1692, 2431], [1694, 2435], [1695, 2439], [1697, 2441], [1699, 2443], [1701, 2445], [1703, 2447], [1705, 2449], [1707, 2451], [1709, 2453], [1711, 2455], [1713, 2457], [1716, 2459], [1718, 2465], [1716, 2471], [1714, 2473], [1712, 2475], [1710, 2477], [1711, 2479], [1713, 2481], [1721, 2483], [1729, 2485], [1732, 2487], [1734, 2491], [1735, 2495], [1737, 2497], [1740, 2499], [1742, 2501], [1751, 2503], [1761, 2501], [1763, 2499], [1765, 2495], [1767, 2491], [1769, 2487], [1781, 2483], [1793, 2481], [1795, 2479], [1797, 2477], [1795, 2476], [1793, 2474], [1791, 2472], [1789, 2470], [1787, 2467], [1785, 2465], [1787, 2463], [1789, 2457], [1791, 2451], [1793, 2443], [1791, 2436], [1789, 2434], [1781, 2432], [1773, 2430], [1771, 2428], [1769, 2430], [1757, 2432], [1745, 2434], [1741, 2436], [1737, 2438], [1733, 2440], [1729, 2438], [1725, 2435], [1721, 2431], [1719, 2428], [1717, 2426], [1715, 2424], [1713, 2422], [1711, 2419], [1709, 2415], [1707, 2412], [1705, 2410]]
128;148;NA;0.9326171875;0.8246415629431227;0.8534106016159058;5358;6223;[1539, 2377, 1658, 2450];[1542, 2372, 1657, 2455];[[1658, 2442], [1658, 2430], [1640, 2414], [1631, 2397], [1626, 2377], [1620, 2379], [1614, 2399], [1587, 2384], [1553, 2381], [1539, 2388], [1539, 2407], [1563, 2428], [1573, 2428], [1580, 2435], [1593, 2438], [1603, 2445], [1624, 2445], [1646, 2450]];[[1655, 2447], [1657, 2437], [1655, 2427], [1653, 2423], [1651, 2419], [1649, 2415], [1647, 2411], [1645, 2401], [1643, 2392], [1641, 2390], [1639, 2387], [1637, 2383], [1635, 2379], [1633, 2377], [1635, 2375], [1637, 2373], [1631, 2372], [1626, 2373], [1624, 2375], [1621, 2378], [1619, 2380], [1618, 2383], [1616, 2387], [1613, 2392], [1609, 2396], [1605, 2394], [1601, 2392], [1597, 2390], [1593, 2388], [1589, 2386], [1583, 2384], [1577, 2382], [1571, 2380], [1565, 2378], [1557, 2376], [1549, 2378], [1545, 2380], [1542, 2395], [1543, 2411], [1545, 2413], [1547, 2415], [1549, 2417], [1552, 2419], [1554, 2421], [1557, 2423], [1561, 2425], [1565, 2427], [1569, 2429], [1573, 2431], [1577, 2433], [1581, 2435], [1585, 2437], [1588, 2439], [1590, 2441], [1595, 2443], [1601, 2445], [1609, 2447], [1617, 2449], [1625, 2451], [1633, 2453], [1641, 2455], [1649, 2453], [1651, 2451], [1653, 2449]]
129;837;NA;0.87841796875;0.8431209794563187;0.9120879173278809;4503;4379;[1576, 1937, 1659, 2024];[1574, 1940, 1661, 2023];[[1648, 1937], [1635, 1946], [1619, 1949], [1614, 1955], [1601, 1957], [1589, 1942], [1584, 1943], [1583, 1953], [1598, 1966], [1600, 1978], [1596, 1982], [1578, 1983], [1576, 1988], [1588, 1993], [1609, 2017], [1620, 2024], [1631, 2024], [1645, 2014], [1645, 2005], [1659, 1980], [1659, 1954]];[[1657, 1945], [1651, 1940], [1645, 1942], [1637, 1944], [1629, 1946], [1625, 1948], [1622, 1949], [1620, 1951], [1618, 1953], [1616, 1955], [1613, 1958], [1607, 1960], [1601, 1958], [1599, 1956], [1597, 1954], [1595, 1952], [1593, 1950], [1591, 1947], [1589, 1945], [1583, 1944], [1578, 1947], [1580, 1951], [1582, 1957], [1583, 1963], [1585, 1965], [1588, 1967], [1590, 1969], [1593, 1971], [1597, 1973], [1600, 1975], [1602, 1977], [1588, 1979], [1574, 1985], [1581, 1991], [1589, 1993], [1593, 1995], [1597, 1997], [1600, 1999], [1602, 2003], [1604, 2007], [1606, 2011], [1607, 2015], [1609, 2017], [1615, 2019], [1621, 2021], [1625, 2023], [1629, 2021], [1633, 2019], [1637, 2017], [1639, 2015], [1641, 2011], [1643, 2007], [1645, 2001], [1647, 1995], [1649, 1991], [1651, 1987], [1653, 1983], [1655, 1979], [1657, 1973], [1659, 1967], [1661, 1959], [1659, 1951]]
130;75;NA;0.9384765625;0.8706064117419853;0.87095707654953;4751;4935;[1407, 2072, 1497, 2173];[1410, 2080, 1497, 2171];[[1474, 2072], [1469, 2076], [1467, 2089], [1446, 2107], [1438, 2098], [1426, 2103], [1424, 2118], [1430, 2129], [1407, 2146], [1407, 2156], [1418, 2171], [1429, 2173], [1447, 2167], [1469, 2150], [1486, 2130], [1487, 2121], [1495, 2113], [1497, 2093], [1492, 2089], [1480, 2089], [1476, 2084], [1477, 2075]];[[1493, 2086], [1487, 2084], [1481, 2082], [1475, 2080], [1470, 2083], [1468, 2087], [1466, 2089], [1464, 2091], [1461, 2094], [1449, 2096], [1438, 2097], [1436, 2099], [1434, 2101], [1432, 2103], [1429, 2106], [1427, 2108], [1426, 2119], [1422, 2131], [1418, 2133], [1416, 2135], [1413, 2138], [1411, 2140], [1410, 2151], [1412, 2163], [1414, 2167], [1425, 2171], [1437, 2169], [1443, 2167], [1449, 2165], [1453, 2163], [1457, 2161], [1459, 2159], [1461, 2157], [1465, 2155], [1469, 2153], [1471, 2151], [1473, 2149], [1475, 2147], [1477, 2145], [1479, 2143], [1481, 2139], [1483, 2135], [1485, 2131], [1487, 2127], [1489, 2123], [1491, 2119], [1493, 2115], [1495, 2111], [1497, 2099], [1495, 2088]]
131;640;NA;0.90380859375;0.8447237960339944;0.8673469424247742;5250;5169;[1365, 2342, 1473, 2430];[1370, 2340, 1469, 2427];[[1365, 2355], [1376, 2377], [1387, 2379], [1402, 2395], [1413, 2397], [1439, 2423], [1451, 2424], [1461, 2430], [1472, 2422], [1473, 2408], [1467, 2402], [1463, 2389], [1456, 2383], [1454, 2362], [1443, 2351], [1424, 2350], [1415, 2343], [1376, 2342]];[[1385, 2340], [1378, 2347], [1376, 2355], [1374, 2359], [1372, 2363], [1370, 2369], [1373, 2375], [1377, 2377], [1381, 2379], [1385, 2381], [1388, 2383], [1390, 2385], [1393, 2387], [1397, 2389], [1399, 2391], [1401, 2393], [1403, 2395], [1405, 2397], [1407, 2399], [1409, 2401], [1411, 2403], [1413, 2405], [1415, 2407], [1417, 2409], [1420, 2411], [1422, 2413], [1425, 2415], [1429, 2417], [1433, 2419], [1437, 2421], [1441, 2423], [1445, 2425], [1449, 2427], [1453, 2425], [1455, 2423], [1457, 2421], [1459, 2419], [1461, 2415], [1463, 2411], [1465, 2407], [1467, 2403], [1469, 2401], [1467, 2399], [1465, 2391], [1463, 2383], [1461, 2377], [1459, 2371], [1457, 2367], [1455, 2364], [1453, 2362], [1451, 2360], [1449, 2358], [1447, 2355], [1445, 2353], [1439, 2352], [1433, 2350], [1427, 2348], [1421, 2346], [1417, 2344], [1413, 2342], [1411, 2340], [1409, 2342], [1401, 2344], [1393, 2342]]
132;302;NA;0.923828125;0.8808757244043787;0.876239001750946;4427;4336;[1770, 2267, 1863, 2340];[1770, 2272, 1861, 2343];[[1862, 2277], [1851, 2267], [1840, 2267], [1823, 2279], [1815, 2290], [1798, 2287], [1790, 2293], [1787, 2301], [1770, 2316], [1772, 2332], [1789, 2340], [1800, 2340], [1810, 2337], [1826, 2337], [1842, 2328], [1856, 2326], [1848, 2317], [1863, 2295]];[[1861, 2287], [1859, 2276], [1857, 2274], [1845, 2272], [1834, 2273], [1832, 2275], [1830, 2277], [1828, 2279], [1826, 2281], [1824, 2283], [1822, 2285], [1820, 2287], [1817, 2290], [1813, 2292], [1809, 2290], [1803, 2288], [1797, 2290], [1793, 2292], [1789, 2294], [1785, 2296], [1782, 2299], [1780, 2303], [1778, 2307], [1774, 2311], [1770, 2323], [1773, 2335], [1777, 2337], [1780, 2339], [1782, 2341], [1791, 2343], [1801, 2341], [1811, 2339], [1821, 2337], [1825, 2335], [1829, 2333], [1833, 2331], [1837, 2329], [1847, 2327], [1857, 2323], [1855, 2319], [1853, 2313], [1855, 2307], [1857, 2303], [1859, 2299]]
133;665;NA;0.9013671875;0.703206106870229;0.7291666865348816;3053;2525;[1763, 2141, 1822, 2207];[1757, 2150, 1819, 2205];[[1810, 2141], [1784, 2144], [1771, 2151], [1763, 2159], [1763, 2185], [1776, 2201], [1790, 2207], [1795, 2207], [1800, 2204], [1805, 2192], [1819, 2188], [1816, 2175], [1822, 2162], [1822, 2149], [1820, 2145]];[[1763, 2157], [1757, 2174], [1759, 2191], [1763, 2194], [1770, 2198], [1777, 2201], [1784, 2205], [1791, 2201], [1798, 2198], [1804, 2195], [1808, 2192], [1813, 2187], [1816, 2184], [1819, 2167], [1795, 2150], [1770, 2154]]
134;681;NA;0.89892578125;0.7843420780830407;0.7781738638877869;4559;4079;[1790, 1986, 1880, 2057];[1794, 1991, 1888, 2061];[[1790, 1996], [1790, 2015], [1797, 2020], [1806, 2037], [1817, 2046], [1828, 2049], [1833, 2055], [1853, 2057], [1871, 2056], [1879, 2052], [1880, 2033], [1870, 2012], [1856, 2002], [1843, 1999], [1820, 1986], [1801, 1986]];[[1797, 1995], [1794, 2007], [1796, 2018], [1798, 2020], [1801, 2023], [1803, 2025], [1805, 2028], [1808, 2030], [1810, 2032], [1813, 2035], [1815, 2037], [1817, 2039], [1820, 2043], [1823, 2045], [1829, 2047], [1836, 2049], [1844, 2051], [1851, 2054], [1855, 2056], [1860, 2059], [1867, 2061], [1874, 2059], [1876, 2057], [1879, 2054], [1882, 2051], [1883, 2043], [1886, 2033], [1888, 2028], [1886, 2024], [1884, 2022], [1879, 2020], [1875, 2017], [1870, 2015], [1865, 2012], [1860, 2010], [1855, 2008], [1851, 2005], [1846, 2003], [1841, 2001], [1836, 1998], [1832, 1996], [1827, 1993], [1813, 1991], [1799, 1993]]
135;771;NA;0.8896484375;0.7908023483365949;0.7472229599952698;5052;4099;[1449, 2260, 1528, 2358];[1451, 2262, 1516, 2351];[[1449, 2272], [1452, 2312], [1460, 2329], [1472, 2341], [1484, 2342], [1499, 2351], [1505, 2358], [1517, 2358], [1528, 2338], [1527, 2321], [1505, 2296], [1502, 2283], [1493, 2268], [1485, 2261], [1477, 2260], [1467, 2262]];[[1472, 2262], [1456, 2266], [1453, 2270], [1451, 2285], [1453, 2299], [1456, 2313], [1457, 2327], [1460, 2329], [1463, 2332], [1465, 2335], [1469, 2336], [1474, 2339], [1479, 2341], [1484, 2343], [1487, 2347], [1489, 2349], [1495, 2351], [1503, 2348], [1507, 2346], [1511, 2344], [1514, 2342], [1516, 2332], [1514, 2323], [1511, 2318], [1509, 2313], [1507, 2306], [1504, 2299], [1502, 2292], [1499, 2285], [1497, 2280], [1495, 2275], [1492, 2270], [1491, 2266], [1488, 2264]]
136;609;NA;0.90673828125;0.84552067381317;0.8827410936355591;4878;4763;[1661, 2119, 1740, 2215];[1661, 2115, 1735, 2213];[[1728, 2121], [1706, 2119], [1682, 2139], [1678, 2166], [1673, 2174], [1661, 2183], [1667, 2203], [1679, 2213], [1695, 2215], [1703, 2207], [1711, 2205], [1721, 2193], [1733, 2161], [1738, 2155], [1740, 2145], [1739, 2130]];[[1716, 2117], [1710, 2115], [1704, 2117], [1701, 2119], [1698, 2122], [1693, 2124], [1689, 2126], [1687, 2128], [1684, 2132], [1681, 2134], [1680, 2145], [1677, 2157], [1675, 2167], [1673, 2176], [1670, 2179], [1668, 2181], [1665, 2184], [1662, 2186], [1661, 2193], [1663, 2200], [1666, 2205], [1667, 2209], [1670, 2211], [1686, 2213], [1702, 2212], [1704, 2210], [1708, 2206], [1710, 2204], [1712, 2200], [1714, 2195], [1716, 2190], [1719, 2186], [1721, 2181], [1724, 2176], [1726, 2169], [1728, 2162], [1731, 2157], [1733, 2152], [1735, 2140], [1734, 2129], [1731, 2127], [1727, 2124], [1722, 2122], [1719, 2119]]
137;295;NA;0.92431640625;0.8592866887546288;0.9178240895271301;5103;4437;[1568, 2269, 1632, 2377];[1570, 2272, 1631, 2376];[[1585, 2269], [1576, 2280], [1568, 2302], [1568, 2341], [1577, 2357], [1589, 2368], [1605, 2376], [1620, 2377], [1631, 2364], [1631, 2354], [1624, 2345], [1623, 2332], [1631, 2320], [1632, 2298], [1627, 2292], [1612, 2303], [1600, 2280], [1591, 2270]];[[1584, 2272], [1575, 2279], [1573, 2286], [1570, 2314], [1573, 2343], [1575, 2348], [1577, 2352], [1579, 2354], [1581, 2357], [1584, 2359], [1586, 2361], [1588, 2364], [1591, 2366], [1593, 2368], [1596, 2372], [1599, 2374], [1610, 2376], [1621, 2374], [1623, 2372], [1626, 2367], [1628, 2362], [1631, 2357], [1628, 2353], [1626, 2348], [1623, 2343], [1621, 2336], [1623, 2329], [1626, 2312], [1622, 2296], [1617, 2299], [1612, 2301], [1608, 2299], [1604, 2295], [1602, 2291], [1600, 2286], [1597, 2281], [1596, 2277], [1593, 2275]]
138;675;NA;0.89990234375;0.8983691798629165;0.9088757634162903;3906;4126;[1634, 2279, 1733, 2345];[1637, 2281, 1735, 2346];[[1636, 2303], [1634, 2316], [1639, 2322], [1672, 2340], [1687, 2345], [1698, 2345], [1723, 2331], [1733, 2319], [1732, 2306], [1709, 2302], [1701, 2285], [1690, 2279], [1686, 2281], [1686, 2294], [1683, 2296], [1651, 2297]];[[1639, 2304], [1637, 2313], [1639, 2322], [1641, 2324], [1646, 2327], [1650, 2329], [1655, 2332], [1660, 2334], [1665, 2336], [1670, 2339], [1674, 2341], [1679, 2343], [1691, 2346], [1703, 2343], [1708, 2341], [1712, 2339], [1717, 2336], [1721, 2335], [1724, 2332], [1727, 2329], [1729, 2327], [1731, 2323], [1733, 2318], [1735, 2313], [1734, 2309], [1731, 2307], [1728, 2304], [1726, 2301], [1717, 2300], [1708, 2295], [1705, 2290], [1703, 2288], [1698, 2285], [1693, 2283], [1689, 2281], [1685, 2282], [1682, 2285], [1679, 2290], [1667, 2295], [1655, 2297], [1648, 2300], [1642, 2301]]
139;1016;NA;0.6689453125;0.7663013698630137;0.6819830536842346;3556;2891;[1305, 1950, 1370, 2034];[1315, 1948, 1362, 2039];[[1349, 1950], [1332, 1950], [1326, 1954], [1321, 1964], [1317, 1985], [1307, 2004], [1305, 2021], [1320, 2033], [1330, 2034], [1339, 2030], [1356, 2008], [1360, 1999], [1368, 1991], [1370, 1982], [1361, 1974], [1357, 1962]];[[1346, 1949], [1338, 1948], [1331, 1949], [1329, 1951], [1326, 1954], [1324, 1956], [1323, 1971], [1321, 1987], [1319, 1993], [1317, 1999], [1315, 2015], [1317, 2031], [1319, 2035], [1326, 2039], [1334, 2035], [1336, 2031], [1338, 2027], [1340, 2023], [1342, 2021], [1344, 2019], [1346, 2015], [1348, 2011], [1350, 2009], [1352, 2007], [1354, 2003], [1358, 1999], [1362, 1989], [1360, 1979], [1358, 1973], [1356, 1967], [1354, 1961], [1352, 1956], [1350, 1954], [1348, 1951]]
140;888;NA;0.8671875;0.8979172023656466;0.9514544010162354;3813;3568;[1050, 2339, 1156, 2387];[1051, 2340, 1154, 2387];[[1156, 2371], [1147, 2345], [1133, 2339], [1123, 2339], [1080, 2351], [1060, 2353], [1050, 2359], [1050, 2370], [1059, 2377], [1105, 2387], [1123, 2387], [1136, 2383], [1146, 2383], [1153, 2379]];[[1154, 2363], [1152, 2355], [1150, 2351], [1148, 2347], [1146, 2343], [1126, 2340], [1106, 2342], [1102, 2344], [1098, 2346], [1088, 2348], [1078, 2350], [1066, 2352], [1055, 2353], [1053, 2355], [1051, 2361], [1052, 2367], [1054, 2369], [1057, 2371], [1059, 2373], [1064, 2375], [1070, 2377], [1076, 2379], [1082, 2381], [1090, 2383], [1098, 2385], [1106, 2387], [1114, 2385], [1126, 2383], [1138, 2381], [1144, 2379], [1150, 2375], [1152, 2371]]
141;943;NA;0.84716796875;0.7596631397106457;0.6666666865348816;4574;3575;[1264, 1933, 1344, 2023];[1265, 1943, 1325, 2023];[[1344, 1948], [1325, 1944], [1311, 1933], [1307, 1933], [1300, 1939], [1275, 1940], [1272, 1952], [1280, 1959], [1281, 1966], [1278, 1975], [1266, 1992], [1264, 2011], [1275, 2022], [1296, 2023], [1308, 2018], [1332, 1970], [1344, 1952]];[[1321, 1946], [1298, 1943], [1275, 1950], [1277, 1957], [1279, 1966], [1277, 1976], [1274, 1979], [1271, 1981], [1270, 1985], [1267, 1990], [1265, 2004], [1269, 2018], [1274, 2020], [1286, 2023], [1297, 2021], [1299, 2019], [1302, 2016], [1304, 2014], [1307, 2011], [1309, 2008], [1311, 2004], [1313, 2000], [1317, 1997], [1319, 1994], [1321, 1983], [1323, 1971], [1325, 1959], [1324, 1948]]
142;732;NA;0.89404296875;0.8642040924794048;0.9089328646659851;3519;3496;[1037, 2381, 1139, 2422];[1035, 2380, 1142, 2423];[[1139, 2398], [1132, 2385], [1126, 2383], [1098, 2381], [1063, 2383], [1054, 2389], [1060, 2396], [1059, 2398], [1045, 2402], [1038, 2409], [1037, 2416], [1044, 2422], [1120, 2422], [1133, 2414]];[[1035, 2415], [1078, 2423], [1122, 2421], [1124, 2419], [1126, 2417], [1130, 2415], [1134, 2413], [1136, 2411], [1138, 2409], [1140, 2407], [1142, 2399], [1140, 2392], [1138, 2390], [1134, 2388], [1130, 2386], [1118, 2384], [1107, 2385], [1105, 2387], [1102, 2386], [1092, 2384], [1082, 2382], [1064, 2380], [1047, 2385], [1050, 2391], [1054, 2393], [1057, 2395], [1059, 2397], [1055, 2399], [1050, 2402], [1046, 2404], [1042, 2406], [1038, 2408]]
143;165;NA;0.931640625;0.8582895955541834;0.8838409781455994;6116;5922;[1197, 2204, 1310, 2289];[1203, 2204, 1311, 2284];[[1197, 2235], [1197, 2246], [1207, 2263], [1203, 2281], [1208, 2287], [1220, 2289], [1254, 2284], [1267, 2277], [1279, 2275], [1287, 2268], [1307, 2267], [1310, 2264], [1310, 2244], [1297, 2229], [1276, 2230], [1247, 2213], [1239, 2204], [1233, 2209], [1242, 2217], [1237, 2223], [1208, 2223]];[[1209, 2223], [1203, 2237], [1205, 2251], [1208, 2256], [1205, 2261], [1203, 2273], [1228, 2284], [1255, 2281], [1264, 2279], [1274, 2277], [1278, 2274], [1283, 2272], [1290, 2270], [1298, 2267], [1302, 2265], [1306, 2263], [1309, 2261], [1311, 2249], [1309, 2238], [1307, 2235], [1302, 2233], [1298, 2231], [1283, 2228], [1269, 2226], [1267, 2223], [1264, 2221], [1261, 2218], [1259, 2215], [1255, 2214], [1250, 2212], [1247, 2208], [1244, 2206], [1238, 2204], [1232, 2208], [1234, 2213], [1236, 2216], [1226, 2219], [1217, 2221]]
144;629;NA;0.9052734375;0.8786127167630058;0.9194241166114807;4582;4518;[996, 1984, 1070, 2091];[998, 1986, 1068, 2090];[[1067, 1984], [1059, 1984], [1054, 1991], [1040, 1998], [1027, 1991], [1010, 1993], [998, 2005], [996, 2018], [998, 2033], [1004, 2040], [1006, 2055], [1014, 2076], [1023, 2089], [1040, 2091], [1048, 2086], [1051, 2038], [1049, 2030], [1043, 2023], [1052, 2006], [1061, 2001], [1070, 1987]];[[1021, 1986], [1012, 1988], [1010, 1990], [1007, 1993], [1005, 1995], [1002, 1998], [1000, 2001], [998, 2016], [1000, 2033], [1003, 2040], [1005, 2047], [1007, 2057], [1010, 2066], [1012, 2071], [1015, 2076], [1017, 2081], [1021, 2085], [1026, 2087], [1035, 2090], [1044, 2086], [1046, 2081], [1049, 2059], [1046, 2038], [1044, 2028], [1046, 2019], [1049, 2016], [1051, 2014], [1054, 2011], [1057, 2008], [1058, 2004], [1061, 2000], [1064, 1997], [1066, 1994], [1068, 1990], [1062, 1986], [1054, 1989], [1050, 1991], [1045, 1993], [1040, 1996], [1035, 1993], [1032, 1990], [1030, 1988]]
145;680;NA;0.89892578125;0.7999128160418483;0.7357684969902039;4587;3671;[1036, 2033, 1098, 2135];[1047, 2036, 1094, 2135];[[1057, 2033], [1052, 2036], [1049, 2043], [1042, 2076], [1036, 2085], [1036, 2097], [1044, 2106], [1044, 2120], [1048, 2131], [1055, 2135], [1068, 2135], [1077, 2131], [1079, 2113], [1096, 2087], [1098, 2063], [1088, 2042], [1068, 2033]];[[1060, 2036], [1051, 2051], [1049, 2067], [1047, 2099], [1048, 2131], [1050, 2133], [1060, 2135], [1070, 2133], [1072, 2131], [1074, 2129], [1076, 2127], [1078, 2119], [1080, 2111], [1082, 2107], [1084, 2103], [1086, 2099], [1088, 2095], [1090, 2089], [1092, 2083], [1094, 2069], [1092, 2055], [1090, 2049], [1088, 2044], [1086, 2042], [1078, 2040], [1070, 2038]]
146;784;NA;0.88720703125;0.9224313326551373;0.931148111820221;3845;3714;[530, 2123, 623, 2185];[532, 2124, 623, 2183];[[621, 2130], [610, 2123], [600, 2123], [578, 2136], [562, 2136], [545, 2130], [535, 2133], [530, 2139], [530, 2150], [534, 2160], [545, 2172], [543, 2184], [554, 2185], [561, 2179], [593, 2173], [609, 2164], [621, 2150], [623, 2141]];[[623, 2139], [621, 2128], [619, 2126], [605, 2124], [592, 2125], [590, 2127], [588, 2129], [586, 2131], [583, 2134], [567, 2136], [551, 2134], [545, 2132], [539, 2130], [537, 2128], [536, 2129], [534, 2131], [532, 2145], [533, 2159], [535, 2161], [538, 2163], [540, 2165], [544, 2167], [548, 2175], [551, 2183], [555, 2181], [559, 2179], [563, 2177], [579, 2175], [595, 2173], [599, 2171], [603, 2169], [605, 2167], [607, 2165], [609, 2163], [611, 2161], [613, 2159], [615, 2157], [617, 2155], [619, 2153], [621, 2151]]
147;32;NA;0.94677734375;0.7397231543624161;0.8147342801094055;3863;4432;[308, 2102, 385, 2187];[311, 2106, 394, 2188];[[316, 2103], [311, 2108], [308, 2130], [311, 2144], [317, 2154], [325, 2162], [363, 2186], [377, 2187], [385, 2180], [385, 2170], [375, 2146], [368, 2141], [369, 2134], [359, 2131], [351, 2125], [329, 2102]];[[326, 2106], [311, 2131], [315, 2156], [320, 2161], [331, 2167], [342, 2172], [349, 2179], [354, 2185], [369, 2188], [383, 2185], [388, 2179], [394, 2174], [388, 2169], [383, 2147], [379, 2127], [374, 2122], [358, 2117], [342, 2111]]
148;65;NA;0.939453125;0.8731401722787784;0.8714610934257507;6801;7551;[820, 2078, 925, 2186];[822, 2082, 930, 2190];[[820, 2095], [821, 2113], [847, 2135], [859, 2156], [880, 2176], [900, 2186], [918, 2185], [924, 2181], [925, 2168], [916, 2153], [924, 2146], [925, 2125], [917, 2114], [915, 2104], [908, 2103], [900, 2112], [890, 2106], [888, 2087], [883, 2078], [877, 2081], [874, 2098], [845, 2085], [833, 2085]];[[845, 2086], [826, 2088], [824, 2090], [822, 2105], [823, 2118], [826, 2121], [828, 2123], [830, 2125], [833, 2128], [835, 2130], [837, 2132], [840, 2135], [842, 2137], [845, 2140], [847, 2142], [849, 2144], [852, 2147], [854, 2149], [857, 2152], [860, 2157], [861, 2161], [864, 2163], [866, 2166], [868, 2168], [871, 2171], [873, 2173], [876, 2176], [879, 2179], [883, 2180], [887, 2182], [895, 2185], [902, 2187], [909, 2190], [916, 2187], [921, 2185], [925, 2181], [927, 2176], [930, 2171], [927, 2167], [925, 2162], [922, 2157], [920, 2155], [922, 2152], [925, 2133], [922, 2114], [920, 2107], [918, 2101], [916, 2098], [914, 2096], [911, 2098], [907, 2101], [903, 2102], [900, 2105], [897, 2101], [894, 2095], [891, 2088], [883, 2082], [873, 2086], [868, 2091], [864, 2089]]
149;68;NA;0.939453125;0.7938445667125172;0.7840046882629395;5374;5059;[329, 2303, 418, 2389];[333, 2310, 426, 2392];[[332, 2314], [329, 2333], [333, 2354], [372, 2387], [400, 2389], [407, 2386], [412, 2374], [408, 2358], [414, 2351], [418, 2335], [404, 2316], [374, 2303], [369, 2307], [372, 2323], [367, 2326], [352, 2314]];[[369, 2310], [333, 2335], [336, 2360], [342, 2366], [352, 2371], [363, 2376], [374, 2382], [385, 2387], [390, 2392], [394, 2389], [399, 2384], [406, 2376], [411, 2371], [415, 2357], [420, 2341], [426, 2335], [422, 2332], [417, 2326], [410, 2319], [404, 2314]]
150;245;NA;0.92626953125;0.8964665184086978;0.9207209944725037;3648;4027;[226, 2314, 314, 2393];[228, 2312, 315, 2395];[[233, 2315], [226, 2323], [227, 2331], [254, 2364], [281, 2387], [287, 2388], [293, 2393], [305, 2393], [311, 2389], [314, 2381], [312, 2365], [277, 2334], [274, 2322], [245, 2314]];[[245, 2312], [232, 2313], [230, 2315], [228, 2327], [229, 2339], [231, 2341], [233, 2343], [235, 2345], [238, 2347], [240, 2351], [241, 2355], [243, 2357], [245, 2359], [247, 2361], [250, 2363], [252, 2365], [255, 2367], [259, 2369], [261, 2371], [263, 2373], [265, 2375], [267, 2377], [270, 2379], [272, 2381], [275, 2383], [279, 2385], [282, 2387], [284, 2389], [289, 2391], [295, 2393], [301, 2395], [307, 2393], [309, 2391], [311, 2389], [313, 2387], [315, 2377], [313, 2367], [311, 2363], [309, 2360], [307, 2358], [305, 2355], [303, 2353], [299, 2352], [295, 2350], [293, 2348], [291, 2346], [289, 2343], [287, 2341], [283, 2339], [279, 2331], [277, 2324], [275, 2322], [269, 2320], [263, 2318], [261, 2315], [259, 2313]]
151;574;NA;0.90869140625;0.8980975289744151;0.8946987390518188;4265;4415;[251, 1971, 339, 2043];[252, 1972, 347, 2043];[[254, 1974], [251, 1987], [254, 2010], [268, 2023], [283, 2032], [291, 2041], [311, 2043], [322, 2037], [331, 2037], [337, 2033], [339, 2028], [338, 2015], [319, 1998], [315, 1983], [301, 1986], [279, 1972], [263, 1971]];[[254, 1975], [252, 1991], [253, 2007], [255, 2009], [257, 2011], [259, 2013], [262, 2015], [264, 2017], [267, 2019], [271, 2021], [274, 2023], [276, 2025], [279, 2027], [283, 2029], [285, 2031], [287, 2033], [289, 2035], [291, 2037], [294, 2039], [296, 2041], [307, 2043], [319, 2041], [329, 2039], [339, 2037], [341, 2035], [343, 2033], [341, 2031], [339, 2025], [341, 2019], [343, 2017], [345, 2015], [347, 2011], [339, 2008], [331, 2006], [327, 2004], [323, 2000], [321, 1995], [319, 1991], [317, 1987], [315, 1983], [313, 1980], [311, 1982], [305, 1984], [299, 1982], [293, 1980], [287, 1978], [285, 1975], [283, 1973], [269, 1972], [256, 1973]]
152;143;NA;0.93310546875;0.8120139968895801;0.870917558670044;4279;5042;[89, 2096, 176, 2176];[92, 2090, 176, 2179];[[92, 2112], [89, 2120], [93, 2131], [130, 2172], [156, 2176], [175, 2172], [176, 2151], [159, 2138], [163, 2126], [163, 2110], [160, 2105], [149, 2115], [145, 2126], [136, 2112], [132, 2097], [123, 2096], [114, 2106]];[[101, 2109], [92, 2120], [94, 2131], [96, 2134], [99, 2137], [102, 2142], [103, 2146], [105, 2148], [108, 2150], [110, 2153], [113, 2156], [116, 2161], [117, 2165], [120, 2167], [123, 2170], [125, 2173], [132, 2174], [139, 2177], [153, 2179], [167, 2177], [169, 2175], [172, 2172], [175, 2169], [176, 2161], [175, 2152], [172, 2150], [169, 2146], [167, 2139], [164, 2132], [162, 2125], [164, 2118], [167, 2113], [164, 2108], [162, 2103], [160, 2099], [158, 2097], [156, 2095], [154, 2096], [152, 2099], [148, 2102], [146, 2104], [144, 2102], [140, 2099], [138, 2094], [132, 2090], [125, 2091], [123, 2094], [120, 2099], [115, 2104], [110, 2107]]
153;850;NA;0.8759765625;0.8398381722989052;0.7955422401428223;3679;4052;[701, 2324, 767, 2411];[703, 2324, 778, 2415];[[703, 2334], [701, 2342], [709, 2352], [710, 2364], [718, 2373], [719, 2385], [728, 2397], [743, 2410], [756, 2411], [766, 2403], [765, 2393], [767, 2360], [736, 2324], [724, 2333]];[[708, 2328], [703, 2339], [705, 2351], [707, 2355], [709, 2359], [711, 2363], [713, 2367], [715, 2371], [717, 2375], [719, 2381], [720, 2387], [722, 2389], [725, 2391], [727, 2395], [729, 2399], [731, 2405], [732, 2411], [734, 2413], [736, 2415], [738, 2413], [740, 2411], [742, 2409], [746, 2407], [750, 2405], [762, 2403], [774, 2401], [776, 2399], [778, 2393], [776, 2388], [774, 2386], [772, 2384], [770, 2382], [768, 2379], [766, 2365], [762, 2352], [758, 2350], [756, 2348], [754, 2346], [752, 2343], [750, 2339], [748, 2335], [746, 2331], [744, 2328], [742, 2326], [734, 2324], [727, 2325], [725, 2327], [722, 2330], [718, 2332], [714, 2330]]
154;963;NA;0.83642578125;0.8166023166023166;0.7501556873321533;4103;3425;[470, 2114, 543, 2202];[478, 2115, 539, 2194];[[517, 2114], [509, 2114], [503, 2126], [487, 2124], [479, 2142], [476, 2157], [470, 2164], [477, 2174], [486, 2197], [494, 2202], [505, 2202], [519, 2192], [525, 2179], [543, 2158], [542, 2146], [523, 2131], [524, 2121]];[[520, 2121], [511, 2115], [501, 2122], [499, 2129], [496, 2127], [494, 2124], [492, 2127], [487, 2129], [483, 2131], [481, 2133], [478, 2136], [481, 2138], [483, 2148], [481, 2157], [478, 2169], [481, 2181], [483, 2186], [485, 2190], [487, 2192], [501, 2194], [515, 2193], [517, 2190], [520, 2186], [522, 2181], [524, 2176], [527, 2171], [530, 2168], [535, 2166], [539, 2157], [536, 2148], [534, 2143], [532, 2139], [530, 2136], [527, 2134], [525, 2132], [522, 2128]]
155;871;NA;0.87158203125;0.7884116460074949;0.6930692791938782;3002;3202;[3543, 1659, 3595, 1730];[3548, 1660, 3603, 1739];[[3554, 1660], [3548, 1667], [3546, 1677], [3543, 1681], [3543, 1698], [3551, 1723], [3560, 1730], [3573, 1730], [3591, 1725], [3594, 1716], [3595, 1702], [3592, 1686], [3585, 1680], [3576, 1661], [3569, 1659]];[[3563, 1660], [3552, 1663], [3550, 1667], [3548, 1695], [3549, 1723], [3551, 1725], [3554, 1727], [3556, 1729], [3559, 1731], [3563, 1733], [3566, 1735], [3568, 1737], [3575, 1739], [3583, 1737], [3587, 1735], [3591, 1733], [3593, 1731], [3595, 1719], [3597, 1707], [3599, 1705], [3601, 1703], [3603, 1697], [3601, 1692], [3599, 1690], [3597, 1687], [3595, 1685], [3589, 1684], [3583, 1682], [3581, 1679], [3579, 1671], [3577, 1664], [3575, 1662]]
156;849;NA;0.8759765625;0.7643778319972115;0.8706304430961609;2802;2260;[3194, 1913, 3244, 1979];[3196, 1912, 3243, 1975];[[3194, 1916], [3194, 1926], [3198, 1932], [3195, 1948], [3202, 1971], [3218, 1979], [3228, 1979], [3237, 1969], [3244, 1953], [3244, 1923], [3229, 1913], [3216, 1913], [3204, 1917]];[[3239, 1914], [3229, 1912], [3220, 1913], [3218, 1915], [3215, 1918], [3213, 1920], [3211, 1924], [3209, 1928], [3207, 1926], [3205, 1923], [3203, 1921], [3199, 1920], [3196, 1927], [3197, 1935], [3199, 1937], [3202, 1939], [3204, 1943], [3202, 1947], [3199, 1950], [3197, 1952], [3196, 1955], [3197, 1959], [3199, 1961], [3202, 1963], [3204, 1967], [3205, 1971], [3207, 1973], [3217, 1975], [3227, 1973], [3229, 1971], [3231, 1967], [3233, 1963], [3235, 1959], [3237, 1955], [3239, 1947], [3241, 1939], [3243, 1927], [3241, 1916]]
157;643;NA;0.9033203125;0.8973003061508489;0.8708614706993103;3417;3400;[3528, 1730, 3602, 1807];[3524, 1732, 3607, 1807];[[3601, 1736], [3593, 1730], [3584, 1730], [3564, 1736], [3555, 1742], [3543, 1744], [3542, 1748], [3545, 1752], [3546, 1760], [3528, 1787], [3528, 1805], [3535, 1807], [3546, 1806], [3580, 1780], [3594, 1766], [3602, 1754]];[[3603, 1739], [3601, 1736], [3599, 1734], [3591, 1732], [3583, 1734], [3573, 1736], [3563, 1738], [3553, 1740], [3544, 1741], [3542, 1743], [3540, 1747], [3542, 1751], [3544, 1759], [3542, 1767], [3539, 1770], [3537, 1772], [3536, 1775], [3534, 1779], [3532, 1781], [3530, 1783], [3527, 1786], [3525, 1788], [3524, 1795], [3529, 1803], [3535, 1805], [3541, 1807], [3547, 1805], [3549, 1803], [3551, 1801], [3553, 1799], [3555, 1797], [3557, 1795], [3559, 1793], [3561, 1791], [3563, 1789], [3567, 1787], [3571, 1785], [3573, 1783], [3575, 1781], [3579, 1779], [3583, 1777], [3585, 1775], [3587, 1773], [3589, 1771], [3591, 1769], [3593, 1767], [3595, 1765], [3597, 1763], [3599, 1759], [3601, 1755], [3603, 1751], [3605, 1747], [3607, 1745], [3605, 1743]]
158;413;NA;0.91845703125;0.8057349929100363;0.846394956111908;6325;5136;[3468, 1409, 3584, 1486];[3473, 1414, 3581, 1484];[[3475, 1419], [3475, 1432], [3492, 1447], [3488, 1451], [3475, 1452], [3468, 1466], [3478, 1478], [3496, 1486], [3521, 1486], [3535, 1482], [3546, 1486], [3573, 1485], [3582, 1474], [3584, 1462], [3573, 1449], [3555, 1434], [3545, 1433], [3508, 1409], [3488, 1409]];[[3480, 1418], [3477, 1425], [3479, 1431], [3481, 1434], [3484, 1436], [3486, 1439], [3489, 1442], [3492, 1444], [3489, 1447], [3486, 1450], [3481, 1452], [3477, 1454], [3475, 1456], [3473, 1466], [3474, 1474], [3477, 1477], [3481, 1479], [3486, 1482], [3524, 1484], [3563, 1482], [3567, 1479], [3571, 1478], [3574, 1475], [3576, 1470], [3578, 1466], [3581, 1463], [3579, 1462], [3577, 1459], [3574, 1456], [3571, 1454], [3565, 1452], [3558, 1450], [3553, 1447], [3548, 1445], [3543, 1443], [3539, 1438], [3536, 1433], [3534, 1431], [3532, 1428], [3529, 1426], [3526, 1423], [3524, 1420], [3517, 1419], [3510, 1416], [3496, 1414], [3482, 1416]]
159;812;NA;0.88330078125;0.7610666666666667;0.751011312007904;3615;2989;[3495, 1880, 3547, 1969];[3500, 1884, 3551, 1963];[[3507, 1880], [3499, 1889], [3495, 1903], [3500, 1941], [3512, 1957], [3525, 1963], [3531, 1969], [3539, 1969], [3547, 1948], [3547, 1921], [3543, 1914], [3542, 1899], [3526, 1880]];[[3515, 1884], [3504, 1885], [3502, 1887], [3500, 1899], [3502, 1911], [3504, 1921], [3506, 1931], [3508, 1935], [3510, 1939], [3512, 1943], [3514, 1947], [3516, 1951], [3517, 1955], [3519, 1957], [3522, 1959], [3524, 1961], [3533, 1963], [3543, 1961], [3545, 1959], [3547, 1957], [3549, 1955], [3551, 1939], [3549, 1923], [3547, 1919], [3545, 1915], [3543, 1909], [3541, 1904], [3539, 1902], [3537, 1899], [3535, 1895], [3533, 1892], [3531, 1890], [3529, 1887], [3527, 1885]]
160;932;NA;0.85009765625;0.8468277143615609;0.8571428656578064;3384;3573;[3538, 1476, 3607, 1536];[3538, 1470, 3607, 1540];[[3607, 1484], [3601, 1478], [3595, 1476], [3580, 1477], [3574, 1481], [3562, 1483], [3544, 1500], [3538, 1511], [3538, 1526], [3546, 1533], [3587, 1533], [3592, 1536], [3599, 1536], [3607, 1515]];[[3600, 1476], [3587, 1470], [3574, 1473], [3570, 1476], [3567, 1480], [3563, 1484], [3558, 1488], [3551, 1492], [3545, 1494], [3542, 1498], [3538, 1516], [3544, 1532], [3551, 1536], [3566, 1540], [3580, 1536], [3591, 1532], [3600, 1527], [3604, 1519], [3607, 1501], [3604, 1484]]
161;537;NA;0.91064453125;0.8067294211896655;0.7333682775497437;4799;4222;[3474, 1593, 3566, 1676];[3492, 1596, 3562, 1676];[[3564, 1603], [3553, 1594], [3537, 1593], [3522, 1607], [3505, 1615], [3474, 1648], [3478, 1658], [3490, 1668], [3522, 1669], [3530, 1675], [3539, 1676], [3551, 1649], [3566, 1636], [3563, 1626]];[[3558, 1599], [3541, 1596], [3524, 1599], [3520, 1601], [3516, 1603], [3513, 1605], [3511, 1608], [3508, 1610], [3506, 1612], [3504, 1615], [3501, 1617], [3499, 1619], [3496, 1623], [3493, 1625], [3492, 1643], [3496, 1662], [3501, 1664], [3505, 1666], [3510, 1669], [3517, 1671], [3524, 1673], [3532, 1676], [3538, 1674], [3540, 1672], [3543, 1665], [3545, 1658], [3548, 1654], [3551, 1652], [3552, 1648], [3555, 1643], [3558, 1640], [3560, 1638], [3562, 1619], [3560, 1601]]
162;652;NA;0.90185546875;0.8719101123595505;0.9381226301193237;3962;3535;[3302, 1547, 3389, 1607];[3304, 1548, 3387, 1607];[[3389, 1563], [3384, 1557], [3368, 1549], [3348, 1547], [3337, 1549], [3323, 1560], [3314, 1562], [3305, 1569], [3302, 1580], [3303, 1599], [3320, 1607], [3338, 1602], [3357, 1602], [3364, 1597], [3374, 1594], [3389, 1579]];[[3387, 1569], [3385, 1564], [3383, 1562], [3379, 1560], [3375, 1558], [3371, 1556], [3367, 1554], [3365, 1551], [3363, 1549], [3349, 1548], [3336, 1549], [3334, 1551], [3332, 1553], [3330, 1555], [3327, 1558], [3321, 1560], [3316, 1563], [3314, 1567], [3312, 1569], [3310, 1571], [3307, 1574], [3305, 1576], [3304, 1589], [3305, 1603], [3307, 1605], [3317, 1607], [3327, 1605], [3335, 1603], [3343, 1601], [3351, 1599], [3359, 1597], [3363, 1595], [3367, 1593], [3371, 1591], [3375, 1589], [3377, 1587], [3379, 1585], [3381, 1583], [3383, 1579], [3385, 1575]]
163;123;NA;0.9345703125;0.9039223454833597;0.9032846689224243;4681;4930;[3422, 1765, 3502, 1864];[3424, 1764, 3499, 1867];[[3495, 1773], [3476, 1765], [3467, 1770], [3456, 1783], [3453, 1794], [3444, 1802], [3434, 1823], [3426, 1829], [3422, 1851], [3430, 1864], [3463, 1864], [3471, 1860], [3473, 1850], [3482, 1842], [3483, 1822], [3487, 1818], [3496, 1818], [3502, 1814], [3492, 1801]];[[3491, 1766], [3479, 1764], [3468, 1765], [3466, 1767], [3463, 1770], [3461, 1772], [3460, 1775], [3458, 1779], [3455, 1782], [3453, 1784], [3452, 1787], [3450, 1791], [3448, 1795], [3446, 1799], [3443, 1802], [3441, 1804], [3440, 1807], [3438, 1811], [3436, 1815], [3434, 1819], [3431, 1822], [3429, 1824], [3428, 1827], [3426, 1831], [3424, 1845], [3425, 1859], [3427, 1861], [3437, 1863], [3447, 1865], [3455, 1867], [3463, 1865], [3465, 1863], [3467, 1861], [3469, 1859], [3471, 1857], [3473, 1855], [3475, 1851], [3477, 1847], [3479, 1843], [3481, 1839], [3483, 1835], [3485, 1831], [3487, 1825], [3491, 1819], [3495, 1817], [3497, 1815], [3499, 1813], [3497, 1811], [3495, 1807], [3493, 1803], [3491, 1797], [3493, 1791], [3495, 1779], [3493, 1768]]
164;937;NA;0.84814453125;0.7588136541689984;0.7925617694854736;3537;2749;[3232, 1896, 3287, 1973];[3236, 1900, 3283, 1975];[[3275, 1896], [3251, 1900], [3234, 1918], [3232, 1958], [3235, 1970], [3240, 1973], [3262, 1973], [3268, 1967], [3277, 1964], [3285, 1954], [3282, 1943], [3287, 1936], [3286, 1916], [3279, 1900]];[[3279, 1905], [3267, 1900], [3256, 1901], [3254, 1903], [3252, 1905], [3250, 1907], [3247, 1910], [3245, 1912], [3244, 1917], [3242, 1923], [3240, 1935], [3238, 1947], [3236, 1957], [3237, 1967], [3239, 1969], [3242, 1971], [3244, 1973], [3251, 1975], [3259, 1973], [3265, 1971], [3271, 1969], [3273, 1967], [3275, 1963], [3277, 1959], [3279, 1957], [3281, 1955], [3283, 1951], [3279, 1947], [3275, 1943], [3277, 1939], [3279, 1931], [3281, 1923], [3283, 1917], [3281, 1911]]
165;285;NA;0.9248046875;0.8087538788175731;0.9273949861526489;5840;5235;[3421, 1623, 3515, 1717];[3425, 1624, 3514, 1718];[[3445, 1623], [3441, 1627], [3440, 1666], [3441, 1671], [3452, 1681], [3449, 1689], [3434, 1696], [3421, 1712], [3425, 1716], [3434, 1717], [3460, 1716], [3469, 1709], [3479, 1707], [3488, 1714], [3502, 1715], [3515, 1702], [3514, 1679], [3502, 1649], [3489, 1643], [3469, 1625]];[[3448, 1624], [3435, 1625], [3436, 1627], [3439, 1629], [3441, 1632], [3443, 1634], [3447, 1637], [3449, 1649], [3447, 1661], [3444, 1673], [3442, 1685], [3439, 1690], [3437, 1695], [3435, 1697], [3432, 1699], [3429, 1702], [3427, 1705], [3425, 1711], [3441, 1718], [3458, 1715], [3484, 1713], [3509, 1711], [3512, 1709], [3514, 1695], [3512, 1680], [3509, 1675], [3508, 1671], [3505, 1669], [3501, 1667], [3496, 1664], [3493, 1662], [3491, 1660], [3488, 1656], [3485, 1647], [3481, 1638], [3477, 1636], [3474, 1633], [3471, 1630], [3467, 1629], [3462, 1626]]
166;276;NA;0.92529296875;0.8998354102986127;0.8759274482727051;4081;3999;[3108, 1530, 3185, 1619];[3110, 1534, 3190, 1619];[[3124, 1531], [3108, 1560], [3108, 1565], [3124, 1582], [3148, 1593], [3149, 1609], [3157, 1619], [3175, 1618], [3185, 1604], [3184, 1576], [3165, 1556], [3154, 1539], [3140, 1530]];[[3133, 1534], [3120, 1538], [3117, 1543], [3114, 1546], [3112, 1549], [3110, 1557], [3112, 1566], [3114, 1569], [3117, 1571], [3119, 1573], [3121, 1576], [3124, 1578], [3127, 1581], [3129, 1584], [3133, 1585], [3138, 1588], [3141, 1590], [3143, 1592], [3146, 1596], [3148, 1605], [3150, 1614], [3152, 1616], [3164, 1619], [3176, 1617], [3178, 1615], [3180, 1610], [3183, 1605], [3185, 1600], [3187, 1596], [3190, 1591], [3187, 1586], [3185, 1579], [3183, 1573], [3181, 1570], [3179, 1568], [3176, 1565], [3174, 1563], [3172, 1561], [3169, 1558], [3167, 1556], [3164, 1553], [3162, 1551], [3160, 1549], [3157, 1546], [3155, 1544], [3152, 1542], [3149, 1538], [3147, 1536]]
167;46;NA;0.943359375;0.8133107727016357;0.8709677457809448;6040;6820;[3054, 1813, 3164, 1896];[3047, 1816, 3162, 1898];[[3164, 1824], [3151, 1813], [3141, 1819], [3131, 1814], [3119, 1813], [3109, 1831], [3089, 1828], [3079, 1838], [3069, 1837], [3054, 1854], [3055, 1886], [3081, 1896], [3090, 1890], [3111, 1889], [3121, 1880], [3132, 1879], [3153, 1858], [3156, 1847], [3164, 1840]];[[3162, 1836], [3158, 1827], [3153, 1821], [3126, 1816], [3099, 1821], [3083, 1827], [3069, 1830], [3063, 1836], [3056, 1843], [3051, 1848], [3047, 1868], [3051, 1888], [3056, 1893], [3078, 1898], [3099, 1893], [3115, 1888], [3130, 1884], [3135, 1879], [3142, 1871], [3148, 1866], [3151, 1857], [3156, 1846]]
168;202;NA;0.92822265625;0.8313351498637602;0.8520752787590027;7145;6297;[3395, 1459, 3497, 1567];[3402, 1463, 3493, 1568];[[3407, 1465], [3401, 1480], [3404, 1501], [3395, 1513], [3395, 1518], [3405, 1528], [3405, 1563], [3409, 1567], [3432, 1566], [3451, 1546], [3459, 1555], [3472, 1558], [3481, 1567], [3493, 1566], [3497, 1562], [3497, 1547], [3489, 1540], [3476, 1513], [3458, 1492], [3455, 1477], [3444, 1465], [3431, 1459], [3420, 1459]];[[3422, 1463], [3402, 1512], [3405, 1561], [3408, 1565], [3419, 1568], [3428, 1566], [3432, 1562], [3436, 1559], [3439, 1555], [3444, 1550], [3448, 1547], [3451, 1550], [3456, 1555], [3459, 1559], [3476, 1561], [3493, 1548], [3489, 1534], [3486, 1527], [3483, 1521], [3480, 1517], [3476, 1513], [3473, 1510], [3469, 1506], [3465, 1503], [3461, 1498], [3457, 1487], [3455, 1478], [3451, 1474], [3446, 1469], [3443, 1466]]
169;703;NA;0.89697265625;0.7616252821670428;0.8259075880050659;4428;3376;[3335, 1801, 3395, 1902];[3340, 1808, 3395, 1899];[[3383, 1801], [3374, 1801], [3362, 1808], [3339, 1810], [3335, 1819], [3336, 1833], [3349, 1860], [3360, 1897], [3368, 1902], [3378, 1901], [3395, 1881], [3395, 1853], [3389, 1840], [3394, 1812]];[[3351, 1808], [3347, 1810], [3343, 1812], [3340, 1827], [3341, 1843], [3343, 1845], [3346, 1847], [3348, 1851], [3350, 1855], [3352, 1861], [3354, 1867], [3356, 1877], [3358, 1887], [3360, 1891], [3363, 1895], [3367, 1897], [3371, 1899], [3375, 1897], [3379, 1895], [3383, 1893], [3385, 1891], [3387, 1889], [3389, 1887], [3391, 1885], [3393, 1883], [3395, 1867], [3393, 1852], [3391, 1850], [3389, 1847], [3387, 1843], [3385, 1839], [3383, 1831], [3381, 1824], [3379, 1822], [3377, 1820], [3375, 1818], [3373, 1815], [3371, 1813], [3363, 1812], [3355, 1810]]
170;264;NA;0.92578125;0.8880516684607105;0.9014112949371338;6271;6007;[1881, 1469, 1999, 1553];[1885, 1472, 2000, 1551];[[1881, 1482], [1883, 1502], [1904, 1520], [1925, 1524], [1929, 1531], [1930, 1545], [1944, 1553], [1958, 1550], [1967, 1542], [1972, 1526], [1999, 1508], [1999, 1490], [1989, 1482], [1985, 1471], [1980, 1473], [1973, 1484], [1956, 1486], [1949, 1479], [1928, 1469], [1891, 1470], [1885, 1473]];[[1886, 1480], [1885, 1495], [1890, 1511], [1896, 1513], [1899, 1515], [1901, 1517], [1910, 1519], [1920, 1521], [1922, 1523], [1924, 1525], [1927, 1527], [1929, 1537], [1930, 1547], [1932, 1549], [1944, 1551], [1956, 1549], [1960, 1547], [1964, 1543], [1966, 1539], [1968, 1537], [1970, 1535], [1972, 1531], [1974, 1527], [1976, 1525], [1978, 1523], [1980, 1521], [1984, 1519], [1988, 1517], [1990, 1515], [1992, 1513], [1994, 1511], [1996, 1509], [1998, 1507], [2000, 1501], [1998, 1495], [1996, 1491], [1994, 1488], [1992, 1486], [1990, 1484], [1988, 1482], [1986, 1479], [1984, 1475], [1980, 1472], [1977, 1473], [1975, 1475], [1972, 1478], [1956, 1480], [1940, 1478], [1934, 1476], [1928, 1474], [1910, 1472], [1893, 1473], [1891, 1475], [1888, 1478]]
171;172;NA;0.93115234375;0.8418509298579587;0.8921646475791931;6673;5905;[1976, 1374, 2085, 1480];[1970, 1376, 2089, 1479];[[1990, 1374], [1983, 1391], [1983, 1403], [1977, 1413], [1976, 1427], [1986, 1446], [1995, 1454], [1997, 1466], [2011, 1480], [2025, 1480], [2046, 1443], [2066, 1439], [2082, 1426], [2085, 1416], [2083, 1403], [2079, 1398], [2068, 1394], [2034, 1401], [2025, 1400], [2004, 1377]];[[1997, 1376], [1990, 1377], [1988, 1379], [1986, 1389], [1984, 1399], [1982, 1405], [1980, 1411], [1977, 1414], [1973, 1416], [1970, 1421], [1971, 1427], [1973, 1429], [1975, 1431], [1977, 1433], [1979, 1435], [1981, 1437], [1983, 1439], [1985, 1441], [1987, 1443], [1989, 1445], [1991, 1447], [1993, 1449], [1996, 1451], [1998, 1455], [2000, 1459], [2002, 1465], [2003, 1471], [2005, 1473], [2008, 1475], [2010, 1477], [2017, 1479], [2025, 1477], [2029, 1475], [2033, 1471], [2035, 1467], [2037, 1459], [2039, 1451], [2041, 1447], [2045, 1443], [2049, 1441], [2055, 1439], [2061, 1437], [2065, 1435], [2069, 1433], [2073, 1431], [2077, 1429], [2079, 1427], [2081, 1425], [2083, 1423], [2085, 1419], [2087, 1415], [2089, 1411], [2087, 1408], [2085, 1406], [2065, 1404], [2045, 1406], [2033, 1408], [2021, 1406], [2019, 1403], [2017, 1399], [2015, 1396], [2013, 1394], [2011, 1391], [2009, 1387], [2007, 1383], [2005, 1379]]
172;103;NA;0.9365234375;0.7859437751004016;0.7985823750495911;7355;5986;[1992, 1826, 2104, 1931];[2000, 1835, 2105, 1926];[[2028, 1827], [2020, 1838], [2020, 1852], [2011, 1859], [2002, 1877], [1992, 1909], [2004, 1922], [2044, 1921], [2054, 1913], [2072, 1923], [2079, 1931], [2090, 1930], [2103, 1918], [2104, 1905], [2096, 1897], [2087, 1868], [2073, 1862], [2066, 1848], [2054, 1835], [2039, 1826]];[[2038, 1835], [2021, 1845], [2014, 1856], [2007, 1874], [2003, 1891], [2000, 1906], [2034, 1919], [2070, 1922], [2085, 1926], [2098, 1920], [2101, 1913], [2105, 1909], [2101, 1906], [2098, 1899], [2095, 1893], [2092, 1889], [2088, 1885], [2085, 1882], [2081, 1878], [2077, 1875], [2073, 1870], [2069, 1863], [2067, 1857], [2063, 1853], [2058, 1848], [2055, 1841]]
173;4;NA;0.9697265625;0.764830883655038;0.7179310917854309;5245;4721;[1951, 1703, 2053, 1791];[1942, 1698, 2046, 1780];[[2052, 1723], [2041, 1716], [2031, 1717], [2028, 1714], [2029, 1705], [2021, 1703], [2018, 1715], [2013, 1721], [1984, 1719], [1967, 1726], [1957, 1736], [1951, 1766], [1955, 1789], [1970, 1791], [1987, 1777], [1998, 1775], [2005, 1768], [2015, 1768], [2037, 1758], [2053, 1740]];[[2035, 1707], [2026, 1698], [2017, 1707], [2007, 1717], [1994, 1725], [1978, 1730], [1964, 1734], [1958, 1739], [1951, 1746], [1946, 1751], [1942, 1755], [1948, 1760], [1953, 1771], [1973, 1780], [1994, 1775], [2010, 1769], [2024, 1766], [2030, 1760], [2037, 1753], [2042, 1748], [2046, 1734], [2041, 1717]]
174;412;NA;0.91845703125;0.8701166180758018;0.9414590001106262;6682;6147;[2205, 1698, 2301, 1798];[2204, 1700, 2303, 1799];[[2297, 1699], [2242, 1698], [2217, 1711], [2206, 1730], [2205, 1784], [2211, 1795], [2218, 1798], [2235, 1796], [2253, 1769], [2264, 1760], [2277, 1757], [2299, 1734], [2301, 1709]];[[2303, 1711], [2297, 1710], [2289, 1707], [2275, 1705], [2261, 1702], [2244, 1700], [2227, 1702], [2225, 1705], [2223, 1702], [2220, 1700], [2219, 1702], [2221, 1704], [2223, 1709], [2221, 1714], [2218, 1717], [2215, 1719], [2214, 1723], [2212, 1728], [2209, 1747], [2207, 1766], [2204, 1776], [2206, 1784], [2208, 1787], [2207, 1790], [2204, 1795], [2211, 1799], [2218, 1796], [2227, 1794], [2236, 1792], [2239, 1790], [2241, 1788], [2243, 1785], [2246, 1782], [2249, 1780], [2250, 1776], [2253, 1771], [2256, 1768], [2261, 1765], [2265, 1764], [2267, 1761], [2270, 1759], [2272, 1757], [2275, 1753], [2280, 1751], [2284, 1749], [2286, 1747], [2289, 1744], [2292, 1741], [2293, 1737], [2296, 1733], [2298, 1723], [2301, 1714]]
175;727;NA;0.8955078125;0.7694380292532718;0.8144329786300659;4511;4683;[2109, 1747, 2192, 1830];[2103, 1751, 2196, 1834];[[2189, 1755], [2181, 1754], [2172, 1747], [2154, 1750], [2147, 1759], [2131, 1755], [2126, 1757], [2127, 1770], [2138, 1773], [2140, 1776], [2112, 1788], [2109, 1793], [2124, 1806], [2127, 1817], [2136, 1830], [2152, 1828], [2164, 1820], [2191, 1794], [2192, 1759]];[[2187, 1757], [2155, 1751], [2125, 1766], [2114, 1782], [2103, 1793], [2107, 1802], [2112, 1807], [2117, 1812], [2123, 1818], [2130, 1825], [2135, 1830], [2144, 1834], [2153, 1830], [2159, 1825], [2164, 1814], [2169, 1803], [2176, 1796], [2187, 1791], [2196, 1777], [2193, 1762]]
176;66;NA;0.939453125;0.908149359498501;0.8708125352859497;6964;7038;[2384, 1543, 2464, 1681];[2381, 1548, 2460, 1679];[[2427, 1543], [2406, 1555], [2398, 1570], [2387, 1569], [2384, 1588], [2385, 1596], [2423, 1674], [2428, 1679], [2441, 1681], [2454, 1674], [2464, 1647], [2456, 1627], [2455, 1601], [2445, 1580], [2443, 1557], [2431, 1543]];[[2411, 1548], [2409, 1550], [2404, 1552], [2400, 1554], [2397, 1556], [2394, 1559], [2392, 1562], [2390, 1566], [2388, 1571], [2385, 1574], [2382, 1576], [2381, 1587], [2383, 1599], [2386, 1604], [2387, 1608], [2390, 1610], [2393, 1613], [2395, 1618], [2397, 1623], [2400, 1628], [2402, 1633], [2405, 1640], [2406, 1646], [2409, 1648], [2411, 1651], [2413, 1653], [2417, 1656], [2419, 1664], [2421, 1670], [2423, 1672], [2426, 1675], [2428, 1678], [2437, 1679], [2446, 1678], [2448, 1675], [2451, 1673], [2453, 1671], [2456, 1668], [2459, 1665], [2460, 1647], [2458, 1628], [2455, 1618], [2453, 1609], [2451, 1599], [2448, 1590], [2446, 1578], [2444, 1566], [2441, 1559], [2440, 1552], [2437, 1550], [2428, 1548], [2418, 1550], [2416, 1552], [2413, 1550]]
177;80;NA;0.93798828125;0.8522510231923601;0.8327392935752869;7107;6470;[2260, 1393, 2380, 1488];[2276, 1395, 2379, 1489];[[2273, 1420], [2270, 1429], [2283, 1448], [2264, 1456], [2260, 1468], [2275, 1474], [2284, 1482], [2304, 1488], [2337, 1482], [2369, 1486], [2380, 1469], [2379, 1456], [2345, 1420], [2340, 1408], [2326, 1394], [2315, 1393], [2311, 1396], [2310, 1417], [2305, 1422], [2287, 1417]];[[2292, 1419], [2276, 1444], [2277, 1470], [2280, 1472], [2282, 1474], [2285, 1477], [2288, 1480], [2290, 1482], [2313, 1484], [2337, 1482], [2342, 1479], [2347, 1482], [2354, 1484], [2361, 1486], [2363, 1489], [2366, 1486], [2370, 1484], [2374, 1480], [2377, 1475], [2379, 1466], [2377, 1456], [2374, 1451], [2373, 1447], [2370, 1445], [2368, 1443], [2366, 1440], [2363, 1438], [2361, 1435], [2359, 1433], [2356, 1431], [2354, 1428], [2351, 1426], [2349, 1424], [2347, 1421], [2343, 1418], [2341, 1413], [2339, 1409], [2337, 1407], [2334, 1404], [2332, 1399], [2323, 1395], [2314, 1397], [2312, 1399], [2308, 1409]]
178;301;NA;0.923828125;0.8993915688830944;0.8858662843704224;4587;4154;[2356, 1675, 2450, 1745];[2361, 1676, 2448, 1743];[[2356, 1715], [2356, 1720], [2363, 1728], [2375, 1737], [2384, 1738], [2392, 1745], [2404, 1744], [2414, 1739], [2437, 1737], [2444, 1732], [2450, 1719], [2443, 1699], [2405, 1675], [2384, 1676], [2379, 1686], [2372, 1692], [2369, 1701]];[[2365, 1707], [2361, 1717], [2362, 1727], [2364, 1729], [2368, 1731], [2372, 1733], [2375, 1735], [2377, 1737], [2382, 1739], [2388, 1741], [2396, 1743], [2404, 1741], [2412, 1739], [2420, 1737], [2428, 1735], [2436, 1733], [2438, 1731], [2440, 1729], [2442, 1727], [2444, 1725], [2446, 1723], [2448, 1713], [2446, 1704], [2444, 1702], [2440, 1700], [2436, 1698], [2434, 1695], [2432, 1693], [2428, 1692], [2424, 1690], [2422, 1687], [2420, 1685], [2416, 1684], [2412, 1682], [2410, 1679], [2408, 1677], [2396, 1676], [2385, 1679], [2383, 1683], [2380, 1686], [2378, 1688], [2377, 1691], [2375, 1695], [2372, 1698], [2370, 1700], [2369, 1703]]
179;361;NA;0.9208984375;0.8465899616474905;0.8962172865867615;5471;5603;[2296, 1497, 2384, 1585];[2295, 1500, 2389, 1584];[[2372, 1497], [2367, 1497], [2362, 1504], [2351, 1509], [2343, 1504], [2301, 1504], [2297, 1507], [2296, 1521], [2306, 1536], [2299, 1543], [2299, 1550], [2302, 1554], [2321, 1558], [2324, 1575], [2330, 1585], [2342, 1583], [2355, 1572], [2376, 1578], [2383, 1575], [2384, 1543], [2365, 1518], [2374, 1510]];[[2297, 1504], [2295, 1518], [2297, 1532], [2299, 1534], [2302, 1537], [2304, 1544], [2306, 1551], [2308, 1553], [2311, 1555], [2313, 1558], [2316, 1561], [2319, 1566], [2320, 1570], [2323, 1572], [2328, 1575], [2332, 1577], [2347, 1579], [2361, 1582], [2363, 1584], [2366, 1582], [2373, 1579], [2379, 1578], [2382, 1575], [2385, 1572], [2387, 1570], [2389, 1566], [2386, 1561], [2384, 1556], [2382, 1551], [2379, 1547], [2377, 1542], [2374, 1537], [2372, 1532], [2370, 1528], [2367, 1523], [2365, 1520], [2367, 1518], [2370, 1515], [2373, 1513], [2374, 1506], [2370, 1500], [2366, 1502], [2361, 1505], [2356, 1507], [2354, 1509], [2351, 1507], [2344, 1505], [2337, 1502], [2318, 1500], [2300, 1501]]
180;0;NA;0.9833984375;0.8268817204301075;0.8101851940155029;4623;3872;[2311, 1879, 2407, 1960];[2315, 1885, 2405, 1955];[[2312, 1896], [2311, 1907], [2316, 1918], [2326, 1929], [2344, 1938], [2350, 1944], [2359, 1946], [2364, 1951], [2376, 1954], [2385, 1960], [2397, 1958], [2406, 1949], [2407, 1938], [2399, 1922], [2383, 1905], [2371, 1896], [2362, 1894], [2348, 1886], [2343, 1881], [2323, 1879]];[[2331, 1885], [2315, 1902], [2317, 1919], [2321, 1922], [2328, 1926], [2335, 1930], [2339, 1933], [2342, 1937], [2347, 1941], [2350, 1945], [2356, 1947], [2364, 1951], [2381, 1955], [2398, 1952], [2402, 1949], [2405, 1938], [2403, 1928], [2399, 1925], [2396, 1921], [2392, 1918], [2387, 1913], [2384, 1909], [2378, 1907], [2371, 1903], [2366, 1899], [2362, 1895], [2356, 1893], [2349, 1889]]
181;29;NA;0.947265625;0.901437050921587;0.8985726237297058;5982;6191;[2135, 1551, 2238, 1648];[2138, 1549, 2236, 1652];[[2191, 1552], [2183, 1557], [2178, 1575], [2136, 1610], [2135, 1617], [2148, 1629], [2195, 1629], [2213, 1648], [2232, 1647], [2237, 1642], [2238, 1614], [2230, 1605], [2228, 1582], [2219, 1566], [2218, 1556], [2207, 1551]];[[2196, 1549], [2185, 1550], [2183, 1553], [2180, 1556], [2177, 1558], [2176, 1569], [2169, 1581], [2161, 1584], [2159, 1586], [2157, 1588], [2154, 1591], [2152, 1593], [2150, 1596], [2147, 1598], [2145, 1600], [2142, 1604], [2139, 1606], [2138, 1615], [2139, 1623], [2142, 1626], [2170, 1628], [2199, 1633], [2201, 1638], [2204, 1640], [2207, 1643], [2209, 1646], [2213, 1647], [2218, 1650], [2220, 1652], [2223, 1650], [2227, 1647], [2231, 1646], [2234, 1643], [2236, 1624], [2234, 1605], [2231, 1598], [2229, 1591], [2227, 1584], [2224, 1577], [2222, 1572], [2219, 1567], [2217, 1562], [2215, 1558], [2213, 1556], [2210, 1553], [2208, 1550]]
182;395;NA;0.9189453125;0.8306613226452906;0.8265630602836609;4739;4396;[2116, 1673, 2207, 1761];[2117, 1672, 2212, 1751];[[2116, 1675], [2116, 1687], [2124, 1695], [2125, 1715], [2132, 1723], [2134, 1731], [2153, 1751], [2173, 1753], [2179, 1759], [2187, 1761], [2195, 1760], [2204, 1753], [2207, 1744], [2204, 1718], [2184, 1700], [2175, 1698], [2166, 1682], [2156, 1688], [2148, 1689], [2141, 1683], [2130, 1680], [2123, 1673]];[[2120, 1672], [2117, 1681], [2119, 1691], [2121, 1699], [2123, 1707], [2125, 1711], [2126, 1715], [2128, 1717], [2131, 1719], [2133, 1723], [2134, 1727], [2136, 1729], [2138, 1731], [2140, 1733], [2142, 1735], [2144, 1737], [2146, 1739], [2148, 1741], [2150, 1743], [2152, 1745], [2155, 1747], [2157, 1749], [2160, 1751], [2164, 1749], [2178, 1747], [2192, 1749], [2200, 1751], [2208, 1749], [2210, 1747], [2212, 1743], [2210, 1739], [2208, 1731], [2206, 1724], [2204, 1722], [2202, 1719], [2200, 1715], [2198, 1712], [2196, 1710], [2192, 1708], [2188, 1706], [2184, 1704], [2180, 1702], [2178, 1699], [2176, 1695], [2174, 1692], [2172, 1690], [2160, 1688], [2148, 1686], [2146, 1683], [2144, 1681], [2140, 1680], [2136, 1678], [2130, 1676], [2124, 1674]]
183;1;NA;0.982421875;0.8096269927255842;0.853210985660553;6247;5445;[2061, 1793, 2165, 1902];[2071, 1794, 2164, 1898];[[2063, 1797], [2061, 1810], [2070, 1826], [2070, 1852], [2082, 1874], [2096, 1875], [2104, 1868], [2116, 1879], [2118, 1898], [2122, 1902], [2155, 1884], [2165, 1872], [2155, 1852], [2106, 1802], [2091, 1793], [2072, 1793]];[[2085, 1794], [2071, 1825], [2075, 1855], [2080, 1861], [2087, 1868], [2092, 1873], [2101, 1877], [2112, 1888], [2123, 1898], [2134, 1893], [2144, 1888], [2153, 1884], [2159, 1879], [2164, 1868], [2160, 1859], [2155, 1854], [2148, 1846], [2143, 1841], [2134, 1837], [2123, 1827], [2117, 1816], [2112, 1811], [2105, 1803], [2100, 1798]]
184;505;NA;0.91162109375;0.8468691878487291;0.8442211151123047;4646;4291;[2311, 1578, 2407, 1656];[2313, 1584, 2404, 1659];[[2311, 1589], [2311, 1618], [2330, 1638], [2342, 1639], [2347, 1646], [2359, 1649], [2366, 1656], [2397, 1656], [2405, 1649], [2407, 1641], [2396, 1624], [2386, 1614], [2367, 1602], [2352, 1585], [2343, 1580], [2331, 1578]];[[2328, 1584], [2313, 1597], [2314, 1611], [2316, 1613], [2319, 1615], [2321, 1619], [2323, 1623], [2325, 1627], [2326, 1631], [2328, 1633], [2332, 1635], [2336, 1637], [2340, 1639], [2344, 1641], [2347, 1643], [2349, 1645], [2352, 1647], [2356, 1649], [2359, 1651], [2361, 1653], [2364, 1655], [2368, 1657], [2382, 1659], [2396, 1657], [2398, 1655], [2400, 1653], [2402, 1651], [2404, 1643], [2402, 1635], [2400, 1631], [2398, 1628], [2396, 1626], [2394, 1624], [2392, 1622], [2390, 1620], [2388, 1618], [2386, 1616], [2384, 1614], [2382, 1612], [2380, 1610], [2378, 1607], [2376, 1603], [2374, 1600], [2372, 1598], [2368, 1596], [2364, 1594], [2362, 1591], [2360, 1589], [2352, 1588], [2344, 1586]]
185;64;NA;0.939453125;0.905524861878453;0.964812695980072;5373;4974;[2031, 1692, 2108, 1794];[2033, 1692, 2108, 1795];[[2090, 1696], [2081, 1697], [2072, 1692], [2066, 1697], [2060, 1718], [2048, 1737], [2045, 1748], [2031, 1763], [2032, 1781], [2051, 1793], [2075, 1794], [2092, 1783], [2093, 1774], [2100, 1766], [2100, 1756], [2107, 1745], [2108, 1713], [2105, 1703]];[[2080, 1694], [2072, 1692], [2065, 1699], [2063, 1707], [2061, 1713], [2059, 1719], [2057, 1725], [2055, 1731], [2053, 1735], [2051, 1739], [2049, 1743], [2047, 1747], [2045, 1751], [2043, 1755], [2041, 1757], [2039, 1759], [2036, 1762], [2034, 1764], [2033, 1773], [2034, 1783], [2036, 1785], [2039, 1787], [2041, 1789], [2048, 1791], [2056, 1793], [2062, 1795], [2068, 1793], [2072, 1791], [2076, 1789], [2080, 1787], [2084, 1785], [2086, 1783], [2088, 1779], [2090, 1775], [2092, 1771], [2094, 1767], [2096, 1765], [2098, 1763], [2100, 1757], [2102, 1751], [2104, 1743], [2106, 1735], [2108, 1723], [2106, 1711], [2104, 1707], [2100, 1704], [2096, 1702], [2092, 1700], [2088, 1698], [2084, 1696]]
186;456;NA;0.91552734375;0.9100386100386101;0.970588207244873;5003;4891;[1911, 1657, 2013, 1722];[1913, 1657, 2012, 1722];[[1911, 1675], [1915, 1686], [1925, 1687], [1931, 1691], [1923, 1714], [1931, 1721], [1959, 1722], [1975, 1715], [1994, 1714], [1999, 1707], [1997, 1699], [1999, 1692], [2013, 1684], [2012, 1663], [2009, 1659], [2002, 1657], [1947, 1658]];[[1917, 1671], [1913, 1678], [1915, 1684], [1917, 1687], [1923, 1690], [1928, 1692], [1925, 1695], [1923, 1704], [1925, 1713], [1927, 1715], [1937, 1718], [1946, 1720], [1956, 1722], [1964, 1721], [1967, 1718], [1970, 1715], [1984, 1713], [1998, 1709], [2000, 1704], [2002, 1697], [2005, 1690], [2008, 1687], [2010, 1684], [2012, 1675], [2010, 1667], [2008, 1664], [2005, 1661], [2002, 1659], [1975, 1657], [1946, 1660], [1939, 1662], [1932, 1664], [1927, 1667], [1922, 1669]]
187;499;NA;0.91259765625;0.8392251815980629;0.6765791773796082;5632;5762;[2200, 1640, 2324, 1703];[2204, 1644, 2322, 1724];[[2200, 1691], [2214, 1703], [2261, 1703], [2279, 1694], [2309, 1694], [2323, 1683], [2324, 1672], [2314, 1663], [2313, 1653], [2309, 1649], [2297, 1656], [2267, 1641], [2255, 1640], [2249, 1647], [2205, 1667], [2201, 1671]];[[2211, 1668], [2209, 1672], [2207, 1677], [2204, 1689], [2206, 1700], [2208, 1702], [2218, 1704], [2227, 1702], [2251, 1700], [2274, 1698], [2277, 1696], [2280, 1697], [2285, 1700], [2289, 1702], [2293, 1705], [2295, 1710], [2297, 1714], [2299, 1716], [2302, 1720], [2304, 1722], [2306, 1724], [2308, 1722], [2310, 1720], [2312, 1717], [2310, 1715], [2308, 1710], [2305, 1705], [2303, 1700], [2305, 1696], [2308, 1693], [2313, 1690], [2317, 1689], [2320, 1686], [2322, 1679], [2320, 1672], [2317, 1665], [2315, 1658], [2312, 1655], [2315, 1653], [2317, 1650], [2311, 1649], [2304, 1651], [2299, 1654], [2294, 1651], [2287, 1649], [2280, 1646], [2266, 1644], [2251, 1646], [2246, 1649], [2242, 1651], [2237, 1654], [2232, 1656], [2225, 1658], [2219, 1660], [2216, 1662], [2213, 1666]]
188;159;NA;0.93212890625;0.6931792431452527;0.7507383227348328;4038;3434;[2329, 1847, 2413, 1917];[2328, 1837, 2411, 1909];[[2330, 1860], [2329, 1873], [2348, 1892], [2355, 1894], [2387, 1916], [2402, 1917], [2409, 1913], [2413, 1902], [2409, 1884], [2401, 1872], [2402, 1860], [2398, 1851], [2356, 1847], [2348, 1851], [2340, 1851]];[[2334, 1846], [2328, 1857], [2332, 1866], [2337, 1871], [2345, 1879], [2350, 1884], [2359, 1888], [2370, 1893], [2377, 1900], [2382, 1905], [2396, 1909], [2411, 1895], [2405, 1879], [2400, 1862], [2380, 1848], [2359, 1843], [2348, 1837], [2339, 1841]]
189;542;NA;0.91064453125;0.7752694732560504;0.8283371329307556;4719;4010;[1479, 1603, 1586, 1663];[1485, 1599, 1590, 1661];[[1479, 1629], [1485, 1640], [1517, 1650], [1525, 1656], [1543, 1662], [1554, 1663], [1574, 1656], [1586, 1645], [1585, 1621], [1564, 1605], [1552, 1606], [1545, 1611], [1528, 1603], [1510, 1605], [1489, 1613]];[[1488, 1620], [1485, 1627], [1491, 1633], [1498, 1636], [1512, 1640], [1527, 1643], [1531, 1648], [1535, 1652], [1541, 1654], [1548, 1658], [1555, 1661], [1562, 1658], [1569, 1654], [1575, 1652], [1579, 1648], [1584, 1643], [1587, 1640], [1590, 1630], [1587, 1621], [1584, 1617], [1577, 1614], [1569, 1610], [1552, 1606], [1534, 1603], [1527, 1599], [1519, 1603], [1512, 1606], [1505, 1610], [1498, 1614], [1492, 1616]]
190;265;NA;0.92578125;0.8924242424242425;0.8906194567680359;6324;6166;[1861, 1768, 1930, 1886];[1862, 1772, 1933, 1883];[[1876, 1768], [1865, 1780], [1861, 1798], [1863, 1863], [1866, 1879], [1885, 1886], [1901, 1870], [1915, 1878], [1925, 1875], [1921, 1862], [1913, 1854], [1920, 1846], [1929, 1815], [1930, 1800], [1926, 1790], [1903, 1786], [1894, 1770]];[[1883, 1772], [1870, 1775], [1868, 1779], [1866, 1783], [1864, 1787], [1862, 1811], [1864, 1835], [1866, 1857], [1867, 1879], [1869, 1881], [1879, 1883], [1889, 1881], [1893, 1879], [1897, 1875], [1901, 1871], [1905, 1873], [1908, 1875], [1910, 1877], [1915, 1879], [1921, 1875], [1919, 1872], [1917, 1870], [1915, 1867], [1913, 1861], [1917, 1855], [1921, 1853], [1923, 1851], [1925, 1833], [1927, 1815], [1929, 1811], [1931, 1807], [1933, 1801], [1931, 1795], [1929, 1791], [1919, 1788], [1909, 1782], [1903, 1776], [1897, 1774]]
191;939;NA;0.84814453125;0.45389317034281157;0.455680787563324;3648;7294;[1689, 1805, 1777, 1873];[1685, 1749, 1783, 1883];[[1692, 1819], [1689, 1842], [1695, 1861], [1706, 1866], [1715, 1865], [1727, 1873], [1740, 1870], [1740, 1858], [1748, 1837], [1761, 1824], [1777, 1819], [1772, 1813], [1753, 1812], [1747, 1807], [1717, 1805]];[[1763, 1753], [1745, 1749], [1728, 1755], [1724, 1763], [1720, 1767], [1716, 1771], [1714, 1777], [1710, 1784], [1705, 1789], [1698, 1792], [1692, 1795], [1689, 1798], [1685, 1809], [1689, 1820], [1692, 1834], [1695, 1847], [1698, 1851], [1702, 1854], [1705, 1858], [1709, 1862], [1713, 1865], [1716, 1869], [1720, 1872], [1724, 1877], [1728, 1881], [1734, 1883], [1740, 1870], [1744, 1856], [1747, 1848], [1751, 1841], [1754, 1838], [1758, 1834], [1763, 1829], [1770, 1826], [1776, 1823], [1779, 1820], [1783, 1813], [1769, 1806], [1754, 1802], [1758, 1798], [1761, 1791], [1765, 1784], [1769, 1770], [1766, 1757]]
192;216;NA;0.92724609375;0.8602952849658676;0.8847184777259827;5780;5938;[547, 1867, 658, 1944];[548, 1872, 659, 1947];[[549, 1892], [547, 1896], [549, 1915], [562, 1920], [570, 1932], [606, 1927], [616, 1931], [624, 1944], [629, 1942], [631, 1926], [645, 1914], [648, 1906], [658, 1896], [655, 1882], [636, 1867], [579, 1869]];[[549, 1892], [548, 1903], [551, 1915], [555, 1917], [559, 1919], [563, 1925], [567, 1931], [571, 1933], [573, 1935], [575, 1933], [593, 1931], [611, 1933], [614, 1935], [616, 1939], [617, 1943], [619, 1945], [623, 1947], [627, 1945], [629, 1943], [631, 1935], [633, 1927], [635, 1929], [637, 1931], [639, 1929], [641, 1927], [643, 1923], [645, 1919], [647, 1915], [649, 1911], [651, 1909], [653, 1907], [655, 1903], [657, 1899], [659, 1889], [657, 1880], [655, 1878], [653, 1875], [651, 1873], [617, 1872], [583, 1874], [575, 1876], [567, 1878], [563, 1880], [560, 1881], [558, 1883], [556, 1885], [554, 1887], [551, 1890]]
193;983;NA;0.81982421875;0.6974003466204506;0.6217354536056519;2455;2442;[-2, 1731, 31, 1813];[4, 1716, 35, 1815];[[8, 1731], [5, 1733], [-1, 1749], [-2, 1805], [4, 1812], [16, 1813], [22, 1812], [29, 1805], [31, 1798], [30, 1753], [25, 1738], [18, 1732]];[[13, 1716], [8, 1717], [6, 1719], [4, 1765], [5, 1811], [7, 1813], [13, 1815], [19, 1813], [21, 1811], [23, 1809], [25, 1807], [27, 1805], [29, 1803], [31, 1783], [33, 1763], [35, 1757], [33, 1751], [31, 1747], [29, 1743], [27, 1735], [25, 1727], [23, 1723], [21, 1720], [19, 1718]]
194;769;NA;0.8896484375;0.8802222222222222;0.9041645526885986;4257;4204;[386, 1810, 490, 1865];[388, 1808, 491, 1863];[[386, 1821], [388, 1833], [402, 1846], [402, 1856], [406, 1865], [425, 1857], [433, 1857], [445, 1864], [478, 1864], [490, 1853], [487, 1843], [479, 1833], [462, 1820], [450, 1817], [444, 1811], [402, 1810], [395, 1812]];[[390, 1811], [388, 1821], [389, 1831], [391, 1833], [394, 1835], [396, 1841], [397, 1847], [399, 1849], [402, 1851], [404, 1855], [405, 1859], [407, 1861], [413, 1863], [419, 1861], [421, 1859], [423, 1857], [427, 1855], [431, 1857], [434, 1859], [436, 1861], [443, 1863], [451, 1861], [457, 1859], [463, 1857], [465, 1855], [467, 1857], [469, 1859], [471, 1857], [473, 1855], [475, 1857], [481, 1859], [487, 1857], [489, 1855], [491, 1851], [489, 1847], [487, 1843], [485, 1840], [483, 1838], [481, 1836], [479, 1834], [477, 1831], [475, 1829], [471, 1828], [467, 1826], [465, 1823], [463, 1821], [459, 1820], [455, 1818], [453, 1816], [451, 1814], [449, 1811], [447, 1809], [419, 1808], [392, 1809]]
195;72;NA;0.93896484375;0.8279483037156704;0.894763708114624;6047;5268;[509, 1385, 575, 1498];[512, 1385, 574, 1504];[[527, 1385], [518, 1389], [509, 1409], [510, 1455], [516, 1469], [513, 1485], [520, 1497], [539, 1498], [547, 1496], [555, 1486], [571, 1455], [575, 1399], [570, 1392], [553, 1399], [538, 1386]];[[574, 1416], [557, 1392], [539, 1388], [528, 1385], [519, 1391], [515, 1398], [512, 1448], [518, 1497], [525, 1500], [528, 1504], [532, 1500], [539, 1497], [545, 1491], [549, 1484], [552, 1476], [556, 1469], [559, 1459], [563, 1448], [568, 1443], [571, 1439]]
196;711;NA;0.896484375;0.9179190751445087;0.8961039185523987;3440;3196;[34, 1766, 122, 1815];[35, 1767, 119, 1813];[[35, 1783], [34, 1799], [38, 1804], [84, 1815], [97, 1814], [109, 1809], [117, 1802], [122, 1788], [120, 1781], [115, 1777], [99, 1774], [86, 1767], [74, 1766], [47, 1767], [42, 1771]];[[36, 1781], [35, 1792], [36, 1803], [39, 1806], [55, 1808], [72, 1811], [89, 1813], [105, 1811], [107, 1809], [109, 1807], [112, 1804], [115, 1801], [117, 1799], [119, 1790], [117, 1781], [115, 1779], [105, 1776], [96, 1774], [93, 1771], [90, 1768], [70, 1767], [49, 1768], [47, 1771], [44, 1773], [42, 1776], [39, 1779]]
197;561;NA;0.9091796875;0.8297722470063396;0.9072690606117249;4018;3775;[0, 1661, 89, 1722];[6, 1662, 90, 1722];[[1, 1668], [0, 1681], [5, 1702], [16, 1715], [27, 1722], [48, 1719], [63, 1710], [74, 1709], [83, 1703], [89, 1691], [89, 1684], [84, 1678], [54, 1670], [36, 1661], [8, 1661]];[[24, 1662], [6, 1687], [8, 1713], [10, 1715], [17, 1718], [24, 1720], [29, 1722], [34, 1720], [43, 1718], [53, 1715], [60, 1713], [67, 1710], [74, 1708], [81, 1706], [83, 1704], [86, 1699], [88, 1695], [90, 1687], [89, 1681], [86, 1679], [83, 1675], [81, 1673], [74, 1671], [67, 1669], [55, 1667], [43, 1664]]
198;648;NA;0.9033203125;0.7871402042711235;0.7745664715766907;3517;4182;[27, 1482, 95, 1562];[18, 1478, 94, 1568];[[38, 1502], [27, 1524], [27, 1539], [40, 1549], [47, 1562], [66, 1552], [95, 1511], [91, 1486], [70, 1482]];[[80, 1480], [63, 1478], [47, 1480], [43, 1484], [40, 1494], [36, 1505], [32, 1512], [29, 1519], [24, 1524], [20, 1528], [18, 1534], [20, 1540], [24, 1543], [28, 1547], [31, 1550], [35, 1554], [38, 1558], [43, 1562], [47, 1566], [49, 1568], [51, 1566], [55, 1562], [59, 1559], [62, 1555], [67, 1550], [71, 1547], [73, 1541], [77, 1534], [81, 1529], [85, 1525], [87, 1516], [91, 1505], [94, 1498], [92, 1492], [88, 1488], [84, 1484]]
199;146;NA;0.9326171875;0.9298722044728435;0.9354248642921448;6002;6079;[798, 1699, 908, 1790];[800, 1700, 911, 1791];[[800, 1712], [798, 1726], [801, 1739], [824, 1765], [843, 1779], [866, 1790], [886, 1789], [896, 1779], [908, 1749], [902, 1736], [877, 1727], [848, 1723], [840, 1714], [840, 1699], [830, 1699], [821, 1707], [803, 1709]];[[802, 1707], [800, 1723], [801, 1739], [803, 1741], [805, 1743], [807, 1745], [809, 1747], [811, 1749], [813, 1751], [815, 1753], [817, 1755], [819, 1757], [821, 1759], [823, 1761], [825, 1763], [827, 1765], [829, 1767], [831, 1769], [833, 1771], [835, 1773], [837, 1775], [839, 1777], [842, 1779], [844, 1781], [849, 1783], [855, 1785], [859, 1787], [863, 1789], [871, 1791], [879, 1789], [883, 1787], [887, 1785], [891, 1783], [895, 1781], [897, 1779], [899, 1775], [901, 1771], [903, 1767], [905, 1763], [907, 1759], [909, 1755], [911, 1751], [909, 1747], [907, 1743], [905, 1740], [903, 1738], [899, 1736], [895, 1734], [891, 1732], [887, 1730], [877, 1728], [867, 1726], [857, 1724], [847, 1722], [845, 1719], [843, 1715], [841, 1711], [839, 1705], [825, 1700], [811, 1702], [807, 1704], [804, 1705]]
200;104;NA;0.9365234375;0.800417972831766;0.8253461122512817;5536;4802;[433, 1851, 537, 1926];[440, 1848, 533, 1930];[[433, 1870], [434, 1880], [440, 1890], [469, 1917], [483, 1925], [515, 1926], [537, 1914], [536, 1896], [490, 1851], [451, 1851], [442, 1856]];[[460, 1859], [440, 1873], [444, 1888], [449, 1893], [454, 1898], [460, 1904], [467, 1911], [472, 1916], [481, 1920], [492, 1925], [503, 1930], [513, 1925], [524, 1920], [533, 1900], [530, 1880], [524, 1875], [513, 1870], [503, 1864], [496, 1857], [490, 1852], [487, 1848], [481, 1854]]
201;220;NA;0.92724609375;0.7683795664696074;0.828733503818512;6055;5611;[204, 1413, 318, 1489];[211, 1409, 319, 1484];[[204, 1431], [208, 1443], [209, 1472], [233, 1488], [260, 1489], [272, 1482], [289, 1480], [306, 1471], [318, 1459], [318, 1445], [312, 1438], [296, 1433], [269, 1413], [248, 1413], [236, 1421], [234, 1438], [230, 1442], [221, 1442], [214, 1431]];[[214, 1428], [211, 1449], [213, 1470], [215, 1472], [218, 1474], [220, 1477], [223, 1480], [225, 1482], [253, 1484], [282, 1482], [287, 1479], [291, 1478], [293, 1475], [296, 1472], [303, 1470], [311, 1465], [315, 1460], [319, 1454], [306, 1447], [291, 1445], [288, 1442], [286, 1432], [282, 1424], [277, 1421], [270, 1419], [263, 1416], [253, 1414], [244, 1412], [237, 1409], [230, 1411], [228, 1413], [225, 1418], [221, 1423], [216, 1425]]
202;305;NA;0.923828125;0.8085386496144442;0.8911290168762207;4796;4820;[63, 1824, 169, 1892];[63, 1819, 167, 1894];[[63, 1877], [67, 1886], [77, 1889], [94, 1887], [103, 1892], [111, 1889], [127, 1873], [136, 1873], [160, 1866], [169, 1851], [169, 1842], [158, 1832], [126, 1832], [113, 1824], [100, 1824], [66, 1858]];[[167, 1847], [165, 1838], [163, 1836], [158, 1834], [153, 1831], [144, 1829], [134, 1826], [131, 1823], [129, 1821], [120, 1819], [110, 1822], [105, 1824], [102, 1830], [99, 1838], [97, 1840], [94, 1842], [92, 1845], [90, 1847], [87, 1850], [85, 1852], [82, 1855], [77, 1857], [73, 1859], [71, 1861], [67, 1865], [65, 1867], [63, 1876], [65, 1884], [67, 1887], [72, 1889], [77, 1892], [82, 1894], [86, 1892], [101, 1889], [114, 1888], [117, 1885], [120, 1882], [125, 1880], [129, 1877], [141, 1875], [152, 1873], [155, 1871], [158, 1868], [160, 1865], [162, 1861], [164, 1857]]
203;722;NA;0.8955078125;0.7951874650251819;0.7634590268135071;3421;2995;[20, 1806, 98, 1868];[24, 1812, 107, 1867];[[20, 1821], [21, 1833], [43, 1848], [43, 1854], [49, 1864], [56, 1868], [68, 1861], [88, 1854], [94, 1848], [98, 1839], [94, 1818], [80, 1809], [58, 1806], [36, 1807], [27, 1813]];[[26, 1815], [24, 1827], [29, 1839], [35, 1841], [39, 1843], [43, 1851], [45, 1859], [47, 1861], [50, 1863], [52, 1865], [57, 1867], [63, 1863], [67, 1859], [71, 1857], [77, 1855], [83, 1853], [85, 1851], [87, 1849], [89, 1847], [91, 1845], [95, 1843], [99, 1841], [101, 1839], [103, 1837], [105, 1835], [107, 1831], [105, 1828], [103, 1826], [101, 1823], [99, 1821], [95, 1820], [91, 1818], [81, 1816], [71, 1814], [49, 1812], [28, 1813]]
204;809;NA;0.88427734375;0.7946566570986973;0.8148854970932007;4323;3805;[441, 1769, 545, 1832];[447, 1771, 545, 1840];[[441, 1779], [441, 1798], [453, 1808], [470, 1809], [483, 1819], [487, 1832], [492, 1831], [500, 1819], [529, 1815], [541, 1808], [545, 1801], [545, 1792], [541, 1785], [532, 1784], [525, 1777], [514, 1776], [507, 1769], [453, 1770]];[[482, 1771], [447, 1788], [453, 1804], [460, 1808], [468, 1811], [475, 1815], [478, 1819], [482, 1822], [487, 1827], [490, 1834], [493, 1840], [495, 1834], [499, 1827], [503, 1822], [514, 1819], [525, 1815], [532, 1811], [538, 1809], [542, 1806], [545, 1798], [543, 1792], [539, 1789], [534, 1784], [531, 1780], [525, 1778], [518, 1775]]
205;192;NA;0.9287109375;0.9036844519186669;0.9540821313858032;6244;6208;[319, 1588, 428, 1680];[320, 1588, 431, 1679];[[426, 1621], [417, 1614], [410, 1615], [404, 1621], [397, 1621], [390, 1614], [380, 1611], [359, 1588], [355, 1592], [355, 1602], [362, 1617], [359, 1620], [341, 1622], [328, 1633], [319, 1650], [319, 1668], [334, 1680], [376, 1679], [387, 1672], [405, 1671], [428, 1651]];[[322, 1651], [320, 1661], [321, 1671], [323, 1673], [329, 1675], [335, 1677], [353, 1679], [371, 1677], [381, 1675], [391, 1673], [397, 1671], [403, 1669], [407, 1667], [411, 1665], [415, 1663], [419, 1661], [421, 1659], [423, 1657], [425, 1655], [427, 1653], [429, 1651], [431, 1639], [429, 1627], [427, 1623], [425, 1620], [423, 1618], [421, 1615], [419, 1613], [417, 1612], [415, 1614], [403, 1616], [391, 1614], [387, 1612], [383, 1610], [379, 1608], [375, 1606], [373, 1603], [371, 1599], [369, 1596], [367, 1594], [365, 1591], [363, 1589], [359, 1588], [356, 1595], [358, 1603], [360, 1609], [358, 1615], [356, 1617], [354, 1619], [351, 1622], [347, 1624], [343, 1626], [339, 1628], [336, 1629], [334, 1631], [332, 1635], [330, 1639], [327, 1642], [325, 1644], [324, 1647]]
206;384;NA;0.91943359375;0.8792377131394182;0.8957633972167969;4417;4951;[736, 1746, 831, 1819];[736, 1743, 834, 1822];[[828, 1765], [801, 1755], [791, 1746], [775, 1746], [757, 1776], [739, 1795], [736, 1805], [738, 1817], [741, 1819], [765, 1818], [788, 1807], [818, 1799], [829, 1790], [831, 1775]];[[736, 1807], [740, 1818], [744, 1820], [747, 1822], [749, 1820], [759, 1818], [768, 1815], [775, 1813], [783, 1811], [792, 1808], [802, 1806], [809, 1803], [816, 1801], [821, 1799], [825, 1797], [827, 1795], [829, 1790], [832, 1785], [834, 1778], [833, 1772], [830, 1769], [827, 1766], [825, 1764], [821, 1762], [816, 1760], [811, 1757], [806, 1755], [802, 1753], [797, 1750], [794, 1747], [791, 1745], [778, 1743], [764, 1752], [762, 1761], [760, 1764], [757, 1766], [755, 1768], [752, 1771], [750, 1773], [748, 1776], [744, 1779], [742, 1781], [740, 1788], [738, 1795]]
207;659;NA;0.9013671875;0.764410480349345;0.687077522277832;3782;4299;[680, 1731, 761, 1799];[679, 1708, 762, 1795];[[757, 1738], [752, 1735], [738, 1734], [730, 1731], [708, 1735], [694, 1744], [682, 1761], [680, 1784], [684, 1794], [697, 1799], [705, 1795], [718, 1781], [745, 1779], [755, 1773], [761, 1755]];[[734, 1710], [728, 1708], [722, 1710], [718, 1712], [715, 1713], [713, 1715], [711, 1719], [709, 1723], [707, 1725], [705, 1727], [703, 1729], [701, 1731], [698, 1734], [696, 1736], [695, 1739], [693, 1743], [691, 1747], [689, 1751], [686, 1754], [684, 1756], [683, 1759], [681, 1763], [679, 1773], [680, 1783], [682, 1785], [684, 1787], [686, 1789], [689, 1791], [691, 1793], [698, 1795], [706, 1793], [708, 1791], [710, 1789], [712, 1787], [714, 1785], [716, 1783], [718, 1781], [726, 1779], [734, 1777], [738, 1775], [742, 1773], [746, 1771], [750, 1769], [754, 1767], [758, 1765], [760, 1763], [762, 1753], [760, 1744], [758, 1742], [756, 1739], [754, 1737], [744, 1735], [734, 1731], [736, 1727], [738, 1719], [736, 1712]]
208;126;NA;0.9345703125;0.822257806244996;0.857686460018158;4837;4267;[638, 1763, 711, 1871];[641, 1771, 710, 1869];[[679, 1764], [661, 1763], [657, 1766], [650, 1779], [649, 1794], [641, 1805], [638, 1826], [642, 1862], [652, 1871], [659, 1870], [670, 1860], [680, 1862], [691, 1860], [691, 1856], [676, 1840], [711, 1814], [709, 1809], [693, 1803], [687, 1777]];[[681, 1780], [668, 1771], [655, 1773], [651, 1777], [648, 1791], [644, 1806], [641, 1834], [643, 1862], [646, 1865], [654, 1869], [661, 1865], [675, 1862], [688, 1856], [685, 1848], [681, 1841], [685, 1834], [688, 1831], [692, 1827], [695, 1823], [699, 1820], [704, 1815], [707, 1811], [710, 1806], [700, 1800], [689, 1796], [685, 1791]]
209;599;NA;0.9072265625;0.9180485923640571;0.9076517224311829;5086;4861;[313, 1746, 401, 1824];[312, 1748, 399, 1827];[[396, 1751], [382, 1746], [367, 1749], [360, 1754], [342, 1754], [336, 1761], [317, 1770], [313, 1779], [316, 1795], [334, 1811], [349, 1818], [361, 1819], [369, 1824], [384, 1824], [395, 1810], [396, 1792], [401, 1781]];[[314, 1771], [312, 1781], [313, 1791], [315, 1793], [317, 1795], [319, 1797], [321, 1799], [323, 1801], [326, 1803], [328, 1805], [331, 1807], [335, 1809], [339, 1811], [343, 1813], [349, 1815], [355, 1817], [359, 1819], [363, 1821], [371, 1823], [379, 1825], [381, 1827], [383, 1825], [385, 1823], [387, 1811], [389, 1799], [391, 1797], [393, 1795], [395, 1791], [397, 1787], [399, 1771], [397, 1755], [395, 1751], [381, 1748], [367, 1750], [355, 1752], [344, 1753], [342, 1755], [340, 1757], [338, 1759], [335, 1762], [329, 1764], [323, 1766], [319, 1768], [316, 1769]]
210;712;NA;0.896484375;0.8794475655430711;0.9116556644439697;4008;4021;[291, 1916, 379, 1984];[292, 1919, 381, 1985];[[368, 1925], [348, 1917], [332, 1916], [313, 1921], [292, 1936], [291, 1946], [294, 1950], [317, 1954], [312, 1973], [313, 1984], [320, 1983], [328, 1977], [343, 1977], [379, 1960], [376, 1936]];[[295, 1933], [292, 1942], [299, 1951], [306, 1954], [309, 1957], [311, 1966], [313, 1975], [315, 1977], [325, 1980], [334, 1982], [337, 1985], [339, 1982], [344, 1980], [348, 1978], [350, 1976], [353, 1973], [358, 1970], [363, 1968], [368, 1966], [372, 1964], [374, 1962], [377, 1958], [380, 1956], [381, 1952], [379, 1947], [376, 1940], [374, 1933], [372, 1928], [368, 1924], [363, 1922], [339, 1919], [315, 1922], [311, 1924], [306, 1927], [301, 1929], [297, 1931]]
211;442;NA;0.916015625;0.8627733717856284;0.8516320586204529;4139;3612;[519, 1808, 606, 1877];[524, 1812, 607, 1875];[[520, 1833], [519, 1844], [522, 1850], [540, 1870], [551, 1877], [564, 1877], [573, 1873], [594, 1870], [606, 1859], [605, 1848], [591, 1833], [570, 1823], [554, 1809], [538, 1808], [533, 1811], [527, 1818]];[[525, 1828], [524, 1839], [525, 1851], [527, 1853], [529, 1855], [531, 1857], [533, 1859], [535, 1861], [538, 1863], [540, 1869], [547, 1875], [555, 1873], [573, 1871], [591, 1869], [595, 1867], [599, 1865], [601, 1863], [603, 1861], [605, 1859], [607, 1853], [605, 1848], [603, 1846], [601, 1843], [599, 1839], [595, 1836], [591, 1834], [587, 1832], [583, 1830], [577, 1828], [571, 1826], [567, 1824], [563, 1822], [561, 1819], [559, 1817], [555, 1816], [551, 1814], [543, 1812], [536, 1813], [534, 1815], [532, 1819], [530, 1823], [527, 1826]]
212;39;NA;0.9443359375;0.880709426627794;0.9429157972335815;4000;3741;[170, 1855, 254, 1938];[168, 1856, 255, 1939];[[174, 1856], [170, 1865], [171, 1880], [177, 1886], [186, 1903], [221, 1938], [246, 1938], [254, 1923], [254, 1913], [247, 1904], [227, 1886], [220, 1874], [208, 1864], [190, 1855]];[[181, 1856], [172, 1857], [170, 1859], [168, 1869], [170, 1879], [172, 1883], [173, 1887], [175, 1889], [177, 1891], [179, 1893], [181, 1895], [183, 1897], [185, 1899], [187, 1901], [189, 1903], [191, 1905], [193, 1907], [195, 1909], [197, 1911], [199, 1913], [202, 1915], [204, 1919], [205, 1923], [207, 1925], [209, 1927], [211, 1929], [214, 1931], [216, 1933], [219, 1935], [223, 1937], [235, 1939], [247, 1937], [249, 1935], [251, 1931], [253, 1927], [255, 1921], [253, 1915], [251, 1911], [249, 1908], [247, 1906], [245, 1904], [243, 1902], [241, 1900], [239, 1898], [237, 1896], [235, 1894], [233, 1892], [231, 1890], [229, 1887], [227, 1885], [223, 1884], [219, 1882], [217, 1879], [215, 1877], [211, 1876], [207, 1874], [205, 1872], [203, 1870], [201, 1868], [199, 1866], [197, 1864], [195, 1862], [193, 1859], [191, 1857]]
213;18;NA;0.9541015625;0.884639303482587;0.8834180235862732;6068;6054;[230, 1673, 314, 1781];[233, 1671, 316, 1776];[[279, 1673], [268, 1684], [267, 1694], [248, 1706], [232, 1724], [230, 1753], [236, 1756], [250, 1743], [258, 1749], [255, 1765], [257, 1773], [266, 1775], [273, 1759], [280, 1762], [292, 1780], [302, 1781], [313, 1770], [314, 1761], [313, 1726], [306, 1711], [306, 1683], [299, 1674]];[[289, 1671], [276, 1673], [272, 1677], [268, 1684], [265, 1691], [261, 1695], [258, 1698], [254, 1702], [251, 1705], [247, 1709], [243, 1713], [239, 1717], [235, 1721], [233, 1738], [242, 1754], [253, 1761], [257, 1769], [260, 1772], [264, 1776], [266, 1773], [270, 1770], [274, 1765], [278, 1761], [282, 1765], [286, 1770], [290, 1773], [299, 1776], [309, 1770], [313, 1763], [316, 1752], [313, 1741], [309, 1713], [305, 1684], [302, 1677]]
214;638;NA;0.90380859375;0.8677212287941312;0.8679927587509155;4005;4142;[183, 1802, 288, 1876];[188, 1804, 291, 1879];[[288, 1837], [279, 1823], [271, 1820], [263, 1821], [246, 1802], [244, 1811], [247, 1817], [244, 1821], [230, 1829], [219, 1829], [209, 1835], [198, 1836], [183, 1850], [183, 1859], [202, 1874], [213, 1876], [230, 1874], [262, 1855], [281, 1849], [286, 1845]];[[283, 1827], [281, 1824], [279, 1822], [273, 1820], [267, 1818], [263, 1816], [259, 1814], [257, 1811], [255, 1807], [249, 1804], [244, 1809], [242, 1815], [240, 1817], [238, 1819], [235, 1822], [231, 1824], [227, 1826], [221, 1828], [215, 1830], [209, 1832], [203, 1834], [199, 1836], [196, 1837], [194, 1839], [191, 1842], [189, 1844], [188, 1851], [191, 1859], [195, 1861], [197, 1863], [199, 1865], [201, 1867], [203, 1869], [206, 1871], [208, 1873], [211, 1875], [215, 1877], [219, 1879], [223, 1877], [227, 1875], [231, 1873], [235, 1871], [239, 1869], [243, 1867], [247, 1865], [249, 1863], [251, 1861], [255, 1859], [259, 1857], [267, 1855], [275, 1853], [279, 1851], [283, 1849], [287, 1847], [291, 1843], [289, 1839], [287, 1835], [285, 1831]]
215;201;NA;0.92822265625;0.9042001787310099;0.8356000781059265;5512;5142;[148, 1624, 260, 1697];[154, 1629, 257, 1699];[[257, 1633], [251, 1629], [221, 1629], [204, 1624], [193, 1625], [174, 1640], [149, 1669], [148, 1677], [156, 1690], [167, 1697], [194, 1697], [225, 1674], [236, 1673], [253, 1664], [260, 1648]];[[257, 1649], [256, 1638], [253, 1636], [250, 1633], [248, 1630], [220, 1629], [191, 1631], [187, 1633], [183, 1635], [180, 1637], [177, 1640], [172, 1643], [168, 1644], [166, 1647], [164, 1652], [161, 1656], [158, 1660], [156, 1662], [154, 1675], [156, 1689], [158, 1691], [165, 1694], [172, 1696], [182, 1699], [191, 1696], [198, 1694], [205, 1692], [207, 1690], [210, 1687], [212, 1685], [215, 1682], [220, 1679], [225, 1677], [229, 1675], [234, 1672], [239, 1670], [244, 1668], [249, 1665], [253, 1664], [255, 1661]]
216;425;NA;0.91748046875;0.8997093023255814;0.9353287220001221;4084;3758;[186, 1519, 264, 1590];[188, 1520, 263, 1591];[[186, 1528], [186, 1545], [192, 1565], [207, 1569], [219, 1579], [238, 1590], [254, 1590], [261, 1584], [264, 1567], [263, 1552], [255, 1540], [248, 1536], [239, 1524], [233, 1522], [221, 1525], [211, 1520], [199, 1519], [194, 1520]];[[205, 1520], [192, 1521], [190, 1523], [188, 1537], [190, 1551], [192, 1557], [199, 1563], [207, 1567], [209, 1571], [211, 1573], [217, 1575], [223, 1577], [225, 1579], [227, 1581], [229, 1583], [231, 1585], [234, 1587], [236, 1589], [243, 1591], [251, 1589], [253, 1587], [255, 1585], [257, 1583], [259, 1577], [261, 1571], [263, 1563], [261, 1555], [259, 1549], [257, 1544], [255, 1542], [253, 1540], [251, 1538], [249, 1536], [247, 1534], [245, 1532], [243, 1530], [241, 1528], [239, 1526], [237, 1523], [235, 1521], [231, 1520], [227, 1522], [223, 1524], [219, 1522]]
217;731;NA;0.89404296875;0.8783808647654093;0.7820000052452087;5192;5017;[2474, 1243, 2573, 1328];[2481, 1236, 2580, 1331];[[2569, 1244], [2513, 1243], [2483, 1274], [2481, 1284], [2474, 1296], [2491, 1312], [2489, 1323], [2492, 1327], [2498, 1328], [2503, 1325], [2517, 1303], [2523, 1300], [2550, 1298], [2569, 1284], [2573, 1278], [2572, 1248]];[[2568, 1246], [2564, 1244], [2560, 1246], [2546, 1248], [2532, 1246], [2530, 1244], [2528, 1242], [2526, 1239], [2524, 1237], [2520, 1236], [2517, 1239], [2515, 1243], [2513, 1245], [2511, 1247], [2509, 1249], [2507, 1251], [2505, 1253], [2503, 1255], [2501, 1257], [2499, 1259], [2497, 1261], [2495, 1263], [2493, 1265], [2491, 1267], [2489, 1269], [2487, 1271], [2484, 1274], [2482, 1276], [2481, 1291], [2483, 1307], [2485, 1311], [2487, 1315], [2489, 1323], [2494, 1331], [2500, 1329], [2502, 1327], [2504, 1325], [2506, 1323], [2508, 1317], [2510, 1311], [2512, 1309], [2514, 1307], [2516, 1305], [2518, 1303], [2520, 1301], [2528, 1299], [2536, 1297], [2540, 1295], [2544, 1293], [2550, 1291], [2556, 1289], [2560, 1287], [2564, 1285], [2566, 1283], [2568, 1281], [2572, 1279], [2576, 1275], [2578, 1271], [2580, 1267], [2578, 1264], [2576, 1262], [2574, 1259], [2572, 1253], [2570, 1248]]
218;37;NA;0.94482421875;0.8669492907223219;0.8680318593978882;5903;5547;[2621, 958, 2731, 1036];[2622, 962, 2734, 1032];[[2624, 961], [2622, 985], [2630, 993], [2630, 999], [2621, 1007], [2622, 1023], [2636, 1036], [2696, 1036], [2727, 1018], [2731, 1005], [2725, 995], [2707, 988], [2694, 987], [2685, 979], [2675, 979], [2666, 972], [2655, 971], [2629, 958]];[[2635, 962], [2622, 979], [2626, 997], [2630, 1001], [2626, 1004], [2622, 1015], [2625, 1024], [2628, 1028], [2671, 1032], [2714, 1028], [2721, 1024], [2727, 1019], [2731, 1011], [2734, 1008], [2731, 1004], [2727, 997], [2718, 991], [2707, 988], [2696, 984], [2686, 980], [2678, 977], [2671, 973], [2661, 970], [2650, 966]]
219;360;NA;0.9208984375;0.8725429339954479;0.8146452903747559;4639;4411;[2543, 1049, 2608, 1143];[2548, 1053, 2613, 1142];[[2595, 1049], [2582, 1053], [2571, 1053], [2548, 1079], [2543, 1091], [2543, 1101], [2549, 1126], [2556, 1131], [2573, 1130], [2586, 1143], [2596, 1139], [2602, 1133], [2605, 1125], [2604, 1103], [2608, 1065], [2605, 1055]];[[2608, 1057], [2597, 1053], [2585, 1055], [2575, 1058], [2567, 1059], [2564, 1062], [2561, 1065], [2559, 1067], [2557, 1071], [2555, 1076], [2552, 1081], [2550, 1085], [2548, 1107], [2549, 1128], [2552, 1130], [2556, 1132], [2561, 1135], [2564, 1137], [2566, 1135], [2571, 1132], [2575, 1135], [2580, 1137], [2585, 1139], [2590, 1142], [2594, 1140], [2596, 1138], [2599, 1135], [2602, 1132], [2603, 1112], [2606, 1090], [2608, 1083], [2610, 1076], [2613, 1069], [2610, 1062]]
220;92;NA;0.93701171875;0.8634894991922456;0.9057681560516357;4556;4672;[2534, 1283, 2638, 1348];[2533, 1286, 2641, 1347];[[2638, 1292], [2634, 1286], [2627, 1283], [2615, 1284], [2604, 1291], [2583, 1286], [2566, 1294], [2567, 1301], [2559, 1306], [2556, 1315], [2544, 1321], [2534, 1330], [2534, 1340], [2547, 1348], [2561, 1348], [2573, 1343], [2593, 1342], [2601, 1337], [2617, 1334], [2628, 1327], [2637, 1317]];[[2641, 1302], [2640, 1296], [2637, 1294], [2634, 1290], [2632, 1288], [2621, 1286], [2609, 1289], [2587, 1291], [2566, 1294], [2561, 1296], [2556, 1298], [2552, 1301], [2548, 1302], [2545, 1305], [2543, 1314], [2541, 1324], [2537, 1327], [2535, 1329], [2533, 1336], [2535, 1342], [2537, 1344], [2559, 1347], [2580, 1344], [2587, 1342], [2595, 1340], [2602, 1337], [2609, 1335], [2614, 1333], [2618, 1330], [2623, 1328], [2627, 1326], [2630, 1324], [2633, 1321], [2635, 1318], [2637, 1314], [2639, 1309]]
221;650;NA;0.90283203125;0.783480544282645;0.902963399887085;4159;3312;[2824, 954, 2909, 1034];[2824, 960, 2908, 1035];[[2832, 958], [2824, 971], [2829, 978], [2831, 987], [2839, 996], [2850, 1004], [2859, 1006], [2874, 1019], [2881, 1021], [2889, 1034], [2900, 1034], [2909, 1019], [2909, 1000], [2882, 959], [2870, 955], [2841, 954]];[[2847, 960], [2829, 961], [2827, 964], [2824, 971], [2826, 977], [2828, 980], [2831, 982], [2833, 984], [2835, 987], [2838, 989], [2840, 992], [2843, 994], [2845, 996], [2847, 999], [2850, 1002], [2853, 1004], [2857, 1006], [2862, 1008], [2866, 1011], [2871, 1013], [2874, 1015], [2876, 1018], [2878, 1020], [2881, 1023], [2883, 1025], [2885, 1027], [2888, 1030], [2890, 1032], [2893, 1035], [2894, 1033], [2897, 1031], [2900, 1027], [2902, 1025], [2904, 1021], [2906, 1016], [2908, 1011], [2906, 1007], [2904, 1002], [2901, 997], [2899, 992], [2897, 988], [2895, 986], [2893, 984], [2890, 981], [2888, 979], [2885, 977], [2883, 974], [2881, 972], [2877, 969], [2875, 966], [2871, 965], [2866, 962]]
222;694;NA;0.8974609375;0.8187964841108857;0.8237842917442322;4376;3694;[2675, 1305, 2742, 1398];[2680, 1308, 2739, 1395];[[2729, 1305], [2719, 1311], [2698, 1307], [2691, 1312], [2689, 1328], [2697, 1348], [2692, 1357], [2684, 1358], [2675, 1369], [2677, 1380], [2691, 1381], [2699, 1394], [2707, 1398], [2727, 1396], [2738, 1387], [2741, 1376], [2742, 1358], [2738, 1339], [2733, 1330], [2734, 1313]];[[2705, 1308], [2692, 1309], [2690, 1311], [2688, 1319], [2690, 1327], [2692, 1331], [2694, 1335], [2696, 1339], [2698, 1343], [2700, 1347], [2698, 1351], [2695, 1354], [2689, 1356], [2684, 1357], [2682, 1359], [2680, 1369], [2683, 1379], [2687, 1377], [2689, 1375], [2691, 1377], [2694, 1379], [2696, 1383], [2698, 1387], [2700, 1391], [2709, 1395], [2719, 1393], [2723, 1391], [2727, 1389], [2729, 1387], [2731, 1385], [2733, 1383], [2735, 1381], [2737, 1379], [2739, 1361], [2737, 1343], [2735, 1339], [2733, 1335], [2731, 1329], [2729, 1323], [2727, 1319], [2725, 1316], [2723, 1314], [2721, 1311], [2719, 1309]]
223;120;NA;0.93505859375;0.8856948845631507;0.8917614817619324;4318;4013;[2695, 1351, 2785, 1437];[2696, 1356, 2787, 1439];[[2784, 1360], [2774, 1351], [2764, 1351], [2758, 1356], [2749, 1358], [2721, 1387], [2705, 1398], [2698, 1406], [2695, 1418], [2697, 1430], [2702, 1435], [2710, 1437], [2737, 1433], [2785, 1379]];[[2787, 1369], [2785, 1364], [2783, 1362], [2781, 1359], [2779, 1357], [2765, 1356], [2752, 1357], [2750, 1359], [2747, 1362], [2745, 1364], [2744, 1367], [2742, 1371], [2740, 1375], [2738, 1379], [2736, 1381], [2734, 1383], [2732, 1385], [2730, 1387], [2727, 1390], [2723, 1392], [2719, 1394], [2707, 1396], [2696, 1413], [2697, 1431], [2699, 1433], [2703, 1435], [2707, 1437], [2715, 1439], [2723, 1437], [2729, 1435], [2735, 1433], [2737, 1431], [2739, 1429], [2741, 1427], [2743, 1425], [2745, 1423], [2747, 1421], [2749, 1419], [2751, 1417], [2753, 1415], [2755, 1413], [2757, 1411], [2759, 1409], [2761, 1407], [2763, 1405], [2765, 1403], [2767, 1401], [2769, 1399], [2771, 1397], [2773, 1395], [2775, 1393], [2777, 1391], [2779, 1387], [2781, 1383], [2783, 1379], [2785, 1375]]
224;924;NA;0.85400390625;0.8710198803943753;0.8600871562957764;5716;5860;[2809, 1128, 2883, 1237];[2816, 1127, 2885, 1239];[[2864, 1128], [2849, 1129], [2833, 1143], [2820, 1182], [2815, 1189], [2809, 1210], [2815, 1222], [2825, 1232], [2836, 1230], [2850, 1237], [2860, 1233], [2879, 1200], [2883, 1174], [2881, 1151], [2874, 1142], [2872, 1132]];[[2872, 1131], [2857, 1127], [2844, 1133], [2841, 1140], [2837, 1147], [2833, 1154], [2830, 1162], [2826, 1169], [2823, 1176], [2819, 1183], [2816, 1208], [2818, 1232], [2821, 1236], [2839, 1239], [2856, 1237], [2860, 1233], [2863, 1230], [2867, 1226], [2872, 1221], [2875, 1218], [2878, 1208], [2881, 1197], [2885, 1172], [2881, 1147], [2878, 1140], [2875, 1134]]
225;915;NA;0.85595703125;0.8510936132983377;0.9545618891716003;5585;4994;[2624, 1213, 2724, 1293];[2625, 1212, 2724, 1295];[[2721, 1217], [2712, 1213], [2695, 1213], [2676, 1224], [2667, 1225], [2660, 1232], [2648, 1237], [2640, 1231], [2626, 1232], [2624, 1237], [2645, 1252], [2631, 1269], [2634, 1286], [2641, 1292], [2651, 1293], [2669, 1285], [2689, 1285], [2711, 1276], [2723, 1264], [2724, 1225]];[[2720, 1217], [2710, 1212], [2701, 1213], [2699, 1215], [2697, 1217], [2695, 1219], [2693, 1221], [2691, 1223], [2689, 1225], [2687, 1227], [2684, 1230], [2680, 1232], [2676, 1230], [2674, 1228], [2672, 1230], [2666, 1232], [2660, 1234], [2644, 1236], [2628, 1234], [2626, 1232], [2625, 1237], [2628, 1243], [2632, 1245], [2635, 1247], [2637, 1249], [2642, 1251], [2648, 1253], [2651, 1255], [2652, 1258], [2648, 1260], [2644, 1262], [2640, 1264], [2636, 1266], [2632, 1268], [2629, 1275], [2630, 1283], [2632, 1285], [2634, 1287], [2636, 1289], [2639, 1291], [2641, 1293], [2644, 1295], [2648, 1293], [2652, 1291], [2656, 1289], [2658, 1287], [2660, 1285], [2664, 1283], [2668, 1281], [2680, 1279], [2692, 1281], [2698, 1283], [2704, 1281], [2706, 1279], [2708, 1277], [2710, 1275], [2712, 1273], [2714, 1271], [2716, 1267], [2718, 1263], [2720, 1257], [2722, 1251], [2724, 1237], [2722, 1223]]
226;824;NA;0.8818359375;0.7673167451244116;0.7317562103271484;4225;3659;[2682, 900, 2755, 984];[2668, 904, 2759, 979];[[2740, 902], [2731, 900], [2718, 901], [2689, 931], [2682, 934], [2682, 942], [2686, 951], [2686, 969], [2696, 984], [2705, 984], [2718, 976], [2731, 964], [2741, 960], [2751, 947], [2755, 921], [2752, 911]];[[2759, 905], [2739, 904], [2719, 906], [2715, 908], [2711, 910], [2707, 912], [2704, 913], [2702, 915], [2700, 919], [2698, 923], [2695, 926], [2691, 928], [2687, 930], [2677, 932], [2668, 937], [2675, 943], [2683, 945], [2686, 947], [2688, 953], [2686, 959], [2684, 963], [2686, 967], [2688, 971], [2689, 975], [2691, 977], [2701, 979], [2711, 977], [2715, 975], [2719, 973], [2721, 971], [2723, 969], [2725, 967], [2727, 965], [2729, 963], [2731, 961], [2733, 959], [2735, 949], [2737, 939], [2739, 937], [2741, 935], [2743, 931], [2745, 927], [2747, 925], [2749, 923], [2751, 917], [2753, 911], [2755, 909], [2757, 907]]
227;474;NA;0.9140625;0.8317440135621954;0.7997311949729919;4706;3938;[2681, 1121, 2761, 1214];[2686, 1124, 2756, 1209];[[2755, 1124], [2747, 1121], [2735, 1122], [2703, 1135], [2704, 1144], [2697, 1153], [2688, 1173], [2686, 1189], [2681, 1200], [2687, 1211], [2695, 1214], [2715, 1213], [2731, 1200], [2736, 1185], [2746, 1172], [2761, 1142], [2761, 1133]];[[2752, 1127], [2738, 1124], [2723, 1127], [2716, 1129], [2710, 1135], [2707, 1143], [2705, 1145], [2703, 1147], [2699, 1151], [2697, 1153], [2695, 1157], [2693, 1162], [2691, 1171], [2688, 1181], [2686, 1193], [2688, 1204], [2690, 1206], [2699, 1209], [2708, 1207], [2711, 1205], [2714, 1201], [2719, 1199], [2723, 1197], [2725, 1195], [2727, 1193], [2730, 1190], [2732, 1188], [2734, 1186], [2737, 1183], [2739, 1181], [2742, 1178], [2745, 1175], [2746, 1171], [2749, 1166], [2751, 1162], [2754, 1157], [2756, 1143], [2754, 1129]]
228;544;NA;0.91064453125;0.8297690333618477;0.905083417892456;3298;3119;[1951, 1176, 2037, 1230];[1950, 1177, 2040, 1232];[[1951, 1178], [1952, 1185], [1960, 1189], [1961, 1198], [1967, 1204], [1966, 1212], [1971, 1221], [1977, 1226], [1988, 1229], [2002, 1230], [2013, 1228], [2029, 1212], [2031, 1205], [2036, 1201], [2037, 1197], [2036, 1183], [2028, 1180], [2017, 1179], [1989, 1183], [1958, 1176]];[[1974, 1177], [1950, 1183], [1952, 1189], [1956, 1193], [1959, 1196], [1963, 1200], [1967, 1203], [1970, 1207], [1974, 1211], [1977, 1214], [1981, 1218], [1984, 1221], [1989, 1226], [1993, 1230], [1999, 1232], [2006, 1228], [2013, 1225], [2019, 1222], [2023, 1219], [2026, 1212], [2030, 1205], [2034, 1200], [2038, 1196], [2040, 1190], [2038, 1184], [2034, 1181], [2024, 1177], [2013, 1181], [2006, 1184], [1999, 1181]]
229;-1;NA;NA;0.0;0.0;3040;0;[2351, 1221, 2411, 1292];[];[[2383, 1221], [2374, 1229], [2367, 1246], [2353, 1259], [2351, 1268], [2357, 1277], [2373, 1289], [2396, 1292], [2411, 1268], [2409, 1237], [2399, 1222]];[]
230;213;NA;0.927734375;0.5225095785440613;0.6814576387405396;3665;5872;[2192, 892, 2249, 999];[2168, 892, 2250, 996];[[2243, 892], [2221, 892], [2211, 903], [2215, 915], [2217, 923], [2217, 929], [2215, 933], [2211, 938], [2206, 943], [2199, 951], [2198, 953], [2197, 958], [2195, 964], [2193, 970], [2192, 976], [2192, 980], [2192, 983], [2194, 985], [2196, 987], [2198, 989], [2200, 991], [2202, 993], [2203, 995], [2205, 997], [2215, 999], [2228, 987], [2230, 970], [2239, 955], [2239, 938], [2249, 928], [2249, 898]];[[2250, 912], [2225, 892], [2198, 897], [2187, 903], [2178, 906], [2173, 912], [2168, 939], [2176, 964], [2187, 974], [2193, 985], [2198, 990], [2209, 996], [2218, 992], [2223, 987], [2228, 976], [2234, 965], [2239, 949], [2244, 933]]
231;8;NA;0.9599609375;0.8719611021069692;0.8977938890457153;5566;5984;[2362, 1096, 2435, 1215];[2358, 1098, 2434, 1218];[[2378, 1096], [2367, 1108], [2362, 1127], [2367, 1153], [2382, 1171], [2370, 1176], [2367, 1181], [2387, 1188], [2409, 1214], [2424, 1215], [2435, 1202], [2429, 1182], [2430, 1158], [2427, 1148], [2418, 1133], [2415, 1118], [2406, 1117], [2389, 1096]];[[2381, 1098], [2372, 1101], [2368, 1104], [2365, 1129], [2367, 1153], [2371, 1157], [2368, 1162], [2364, 1166], [2360, 1170], [2358, 1176], [2367, 1182], [2378, 1185], [2381, 1189], [2385, 1193], [2389, 1196], [2392, 1200], [2396, 1203], [2399, 1207], [2404, 1212], [2408, 1215], [2417, 1218], [2427, 1215], [2430, 1212], [2434, 1183], [2430, 1154], [2427, 1147], [2423, 1140], [2420, 1133], [2417, 1127], [2414, 1123], [2410, 1120], [2407, 1116], [2403, 1113], [2399, 1109], [2395, 1104], [2391, 1101]]
232;162;NA;0.931640625;0.9026927784577723;0.8760048151016235;7692;7853;[2080, 1197, 2217, 1291];[2085, 1192, 2216, 1295];[[2080, 1241], [2092, 1258], [2104, 1259], [2115, 1269], [2130, 1270], [2146, 1279], [2170, 1280], [2180, 1291], [2203, 1290], [2217, 1274], [2217, 1252], [2197, 1229], [2171, 1217], [2150, 1197], [2113, 1198], [2110, 1220], [2119, 1234]];[[2098, 1240], [2085, 1247], [2088, 1255], [2092, 1257], [2095, 1259], [2097, 1261], [2102, 1263], [2108, 1265], [2112, 1267], [2116, 1269], [2122, 1271], [2128, 1273], [2136, 1275], [2144, 1277], [2158, 1279], [2172, 1281], [2175, 1283], [2177, 1289], [2182, 1295], [2188, 1293], [2190, 1291], [2192, 1289], [2196, 1287], [2200, 1285], [2204, 1283], [2208, 1281], [2210, 1279], [2212, 1277], [2214, 1275], [2216, 1263], [2214, 1251], [2212, 1247], [2210, 1244], [2208, 1242], [2206, 1239], [2204, 1235], [2202, 1231], [2200, 1227], [2198, 1224], [2196, 1222], [2186, 1220], [2176, 1218], [2172, 1216], [2168, 1214], [2166, 1212], [2164, 1210], [2162, 1208], [2160, 1206], [2158, 1203], [2156, 1201], [2152, 1200], [2148, 1198], [2144, 1196], [2140, 1194], [2128, 1192], [2117, 1193], [2115, 1195], [2112, 1198], [2110, 1200], [2109, 1203], [2107, 1207], [2105, 1209], [2107, 1211], [2109, 1215], [2111, 1219], [2113, 1223], [2114, 1227], [2116, 1229], [2119, 1231], [2120, 1234], [2116, 1236], [2112, 1238]]
233;921;NA;0.85400390625;0.7990058353144586;0.8487489819526672;4440;3884;[1932, 1112, 2053, 1185];[1933, 1116, 2052, 1179];[[1932, 1142], [1937, 1149], [1955, 1150], [1968, 1158], [1971, 1172], [1999, 1185], [2020, 1182], [2030, 1175], [2040, 1175], [2053, 1181], [2040, 1164], [2021, 1141], [2002, 1128], [1984, 1119], [1973, 1117], [1967, 1112], [1953, 1116], [1947, 1134]];[[1939, 1135], [1933, 1141], [1934, 1147], [1936, 1149], [1946, 1151], [1956, 1153], [1960, 1155], [1964, 1157], [1966, 1159], [1968, 1161], [1970, 1163], [1972, 1165], [1975, 1167], [1977, 1169], [1982, 1171], [1988, 1173], [1992, 1175], [1996, 1177], [2004, 1179], [2012, 1177], [2016, 1175], [2020, 1173], [2028, 1171], [2036, 1173], [2039, 1175], [2041, 1177], [2046, 1179], [2052, 1175], [2050, 1172], [2048, 1170], [2046, 1168], [2044, 1166], [2042, 1164], [2040, 1162], [2038, 1159], [2036, 1157], [2032, 1156], [2028, 1154], [2024, 1152], [2020, 1150], [2018, 1148], [2016, 1146], [2014, 1144], [2012, 1142], [2010, 1140], [2008, 1138], [2006, 1136], [2004, 1134], [2002, 1131], [2000, 1129], [1996, 1128], [1992, 1126], [1988, 1124], [1984, 1122], [1980, 1120], [1976, 1118], [1964, 1116], [1953, 1117], [1951, 1119], [1949, 1123], [1947, 1127], [1945, 1131]]
234;633;NA;0.90478515625;0.8714425907752699;0.8745056986808777;5426;6016;[2013, 1321, 2118, 1397];[2013, 1324, 2116, 1403];[[2118, 1348], [2104, 1335], [2091, 1337], [2076, 1321], [2071, 1323], [2070, 1329], [2065, 1334], [2056, 1334], [2048, 1328], [2036, 1327], [2034, 1343], [2038, 1349], [2027, 1357], [2017, 1359], [2013, 1365], [2014, 1377], [2026, 1390], [2036, 1394], [2077, 1397], [2106, 1377], [2117, 1361]];[[2015, 1355], [2013, 1367], [2014, 1379], [2016, 1381], [2021, 1383], [2025, 1391], [2026, 1399], [2028, 1401], [2046, 1403], [2064, 1401], [2072, 1399], [2080, 1397], [2084, 1395], [2088, 1393], [2090, 1391], [2092, 1389], [2094, 1387], [2096, 1385], [2098, 1383], [2100, 1381], [2102, 1379], [2104, 1377], [2106, 1375], [2108, 1373], [2110, 1371], [2112, 1367], [2114, 1363], [2116, 1353], [2114, 1344], [2112, 1342], [2110, 1339], [2108, 1337], [2098, 1336], [2088, 1334], [2086, 1332], [2084, 1330], [2082, 1327], [2080, 1325], [2072, 1324], [2064, 1328], [2060, 1332], [2056, 1330], [2052, 1328], [2048, 1326], [2042, 1324], [2037, 1325], [2035, 1327], [2033, 1333], [2035, 1339], [2037, 1345], [2027, 1351], [2017, 1353]]
235;806;NA;0.88427734375;0.8424852329905929;0.7543317079544067;4500;3922;[2250, 1179, 2358, 1238];[2252, 1182, 2360, 1228];[[2358, 1193], [2346, 1183], [2311, 1179], [2297, 1180], [2276, 1189], [2262, 1190], [2251, 1199], [2250, 1219], [2254, 1222], [2262, 1222], [2273, 1230], [2292, 1230], [2300, 1224], [2308, 1225], [2313, 1235], [2318, 1238], [2322, 1235], [2322, 1227], [2326, 1223], [2346, 1222], [2356, 1214]];[[2252, 1207], [2254, 1218], [2256, 1220], [2261, 1223], [2266, 1225], [2297, 1228], [2328, 1225], [2335, 1223], [2342, 1220], [2347, 1218], [2351, 1217], [2353, 1214], [2355, 1209], [2358, 1205], [2360, 1202], [2358, 1200], [2355, 1195], [2354, 1191], [2351, 1189], [2330, 1186], [2308, 1184], [2301, 1182], [2294, 1184], [2282, 1186], [2270, 1189], [2266, 1191], [2261, 1193], [2256, 1196]]
236;454;NA;0.91552734375;0.8545653362493165;0.917936384677887;4875;5301;[2049, 1103, 2151, 1173];[2047, 1105, 2150, 1175];[[2149, 1129], [2136, 1127], [2128, 1133], [2122, 1133], [2118, 1128], [2117, 1106], [2114, 1103], [2103, 1103], [2087, 1118], [2078, 1115], [2064, 1137], [2050, 1151], [2049, 1162], [2060, 1173], [2074, 1173], [2086, 1168], [2095, 1173], [2132, 1173], [2150, 1162], [2151, 1153], [2145, 1139]];[[2150, 1147], [2149, 1134], [2146, 1131], [2134, 1129], [2122, 1124], [2119, 1119], [2117, 1112], [2106, 1105], [2095, 1107], [2092, 1109], [2089, 1112], [2080, 1115], [2071, 1116], [2068, 1119], [2066, 1124], [2064, 1128], [2061, 1131], [2059, 1133], [2057, 1135], [2054, 1138], [2051, 1141], [2049, 1143], [2047, 1157], [2049, 1170], [2051, 1173], [2063, 1175], [2075, 1173], [2089, 1170], [2103, 1173], [2108, 1175], [2113, 1173], [2127, 1170], [2141, 1169], [2143, 1166], [2146, 1163], [2149, 1161]]
237;725;NA;0.8955078125;0.8441920274324903;0.8938425779342651;4531;4074;[2247, 897, 2346, 958];[2252, 893, 2346, 958];[[2247, 907], [2254, 925], [2268, 939], [2274, 957], [2290, 955], [2297, 958], [2326, 958], [2346, 940], [2346, 930], [2319, 905], [2305, 898], [2257, 897]];[[2270, 893], [2252, 907], [2254, 920], [2256, 922], [2258, 925], [2261, 927], [2264, 930], [2266, 940], [2268, 949], [2270, 951], [2273, 954], [2276, 957], [2280, 958], [2285, 956], [2301, 953], [2318, 951], [2330, 949], [2341, 945], [2343, 940], [2346, 935], [2344, 931], [2342, 929], [2339, 926], [2337, 924], [2335, 922], [2332, 919], [2329, 916], [2327, 914], [2323, 912], [2318, 910], [2313, 907], [2308, 905], [2305, 902], [2303, 899], [2297, 898], [2289, 895]]
238;653;NA;0.90185546875;0.8857613620760676;0.8017241358757019;6660;7074;[1977, 989, 2080, 1089];[1975, 979, 2084, 1082];[[2074, 1009], [2056, 1002], [2037, 1002], [2028, 989], [2020, 993], [2018, 1000], [2009, 1001], [1996, 997], [1977, 1007], [1980, 1028], [1978, 1048], [1985, 1056], [1988, 1074], [1997, 1087], [2012, 1089], [2019, 1086], [2033, 1065], [2047, 1053], [2065, 1050], [2077, 1040], [2080, 1016]];[[2084, 1026], [2082, 1017], [2080, 1015], [2076, 1011], [2074, 1009], [2070, 1007], [2065, 1005], [2061, 1003], [2056, 1000], [2044, 998], [2032, 993], [2030, 988], [2027, 986], [2025, 984], [2022, 981], [2020, 979], [2018, 988], [2001, 998], [1985, 1000], [1983, 1002], [1980, 1007], [1978, 1011], [1975, 1014], [1978, 1016], [1980, 1028], [1978, 1040], [1975, 1050], [1980, 1059], [1985, 1064], [1987, 1069], [1990, 1073], [1991, 1077], [1994, 1080], [2008, 1082], [2022, 1081], [2024, 1078], [2027, 1075], [2030, 1073], [2031, 1069], [2033, 1064], [2037, 1061], [2044, 1058], [2051, 1056], [2056, 1054], [2061, 1051], [2065, 1049], [2069, 1047], [2072, 1045], [2074, 1042], [2076, 1040], [2080, 1037], [2082, 1035]]
239;176;NA;0.93115234375;0.8856498025202182;0.9034491181373596;4767;5259;[948, 1323, 1032, 1412];[946, 1325, 1035, 1414];[[957, 1325], [948, 1349], [949, 1360], [956, 1378], [948, 1383], [949, 1392], [976, 1394], [982, 1399], [989, 1412], [998, 1411], [1004, 1401], [1013, 1404], [1030, 1402], [1032, 1390], [1026, 1376], [1009, 1358], [994, 1336], [976, 1325], [966, 1323]];[[966, 1325], [950, 1331], [948, 1338], [946, 1352], [948, 1367], [950, 1374], [948, 1381], [946, 1386], [949, 1390], [954, 1392], [964, 1395], [973, 1397], [976, 1399], [978, 1402], [980, 1404], [983, 1406], [986, 1410], [988, 1412], [992, 1414], [996, 1412], [999, 1410], [1002, 1406], [1009, 1404], [1016, 1406], [1021, 1409], [1025, 1407], [1027, 1405], [1031, 1402], [1033, 1399], [1035, 1393], [1032, 1386], [1030, 1381], [1028, 1377], [1026, 1375], [1023, 1371], [1020, 1367], [1019, 1363], [1016, 1360], [1014, 1358], [1011, 1356], [1009, 1353], [1007, 1351], [1004, 1348], [1002, 1346], [1000, 1344], [997, 1341], [995, 1339], [992, 1337], [990, 1334], [988, 1332], [984, 1329], [982, 1326]]
240;890;NA;0.8671875;0.7667137951928903;0.7955096960067749;4112;4635;[109, 1066, 169, 1162];[104, 1070, 166, 1168];[[146, 1066], [136, 1085], [128, 1094], [115, 1092], [109, 1097], [112, 1138], [116, 1154], [127, 1159], [144, 1156], [151, 1161], [166, 1162], [168, 1157], [159, 1151], [156, 1138], [163, 1118], [163, 1108], [168, 1100], [169, 1082], [160, 1071]];[[121, 1077], [111, 1079], [108, 1083], [104, 1101], [108, 1119], [111, 1129], [113, 1139], [117, 1143], [121, 1146], [124, 1150], [129, 1154], [133, 1158], [142, 1160], [153, 1164], [156, 1168], [159, 1165], [162, 1162], [166, 1154], [162, 1147], [159, 1137], [162, 1126], [166, 1101], [164, 1077], [160, 1073], [146, 1070], [131, 1073]]
241;872;NA;0.87158203125;0.6969751208161804;0.7697063088417053;5210;4271;[43, 1131, 137, 1209];[47, 1120, 130, 1211];[[135, 1144], [120, 1134], [96, 1131], [90, 1134], [74, 1135], [62, 1149], [63, 1164], [55, 1169], [43, 1184], [45, 1200], [52, 1208], [84, 1209], [90, 1204], [98, 1202], [104, 1196], [112, 1194], [122, 1186], [136, 1161], [137, 1148]];[[96, 1123], [88, 1120], [82, 1126], [75, 1133], [68, 1137], [65, 1140], [61, 1151], [57, 1162], [54, 1169], [50, 1176], [47, 1187], [49, 1196], [53, 1200], [60, 1203], [67, 1207], [71, 1211], [74, 1207], [81, 1203], [87, 1201], [91, 1197], [94, 1194], [98, 1190], [102, 1187], [105, 1183], [110, 1178], [117, 1175], [123, 1172], [127, 1169], [130, 1162], [124, 1156], [117, 1152], [112, 1147], [109, 1137], [103, 1127]]
242;651;NA;0.90185546875;0.8960519740129935;0.8698593974113464;5771;5611;[30, 1297, 104, 1418];[36, 1296, 107, 1419];[[38, 1297], [30, 1308], [30, 1321], [33, 1326], [32, 1345], [41, 1351], [48, 1363], [48, 1374], [61, 1408], [75, 1417], [90, 1418], [103, 1403], [104, 1386], [97, 1358], [86, 1337], [85, 1325], [60, 1297]];[[39, 1300], [36, 1321], [38, 1343], [40, 1349], [42, 1355], [44, 1361], [46, 1367], [48, 1375], [50, 1383], [52, 1387], [54, 1391], [56, 1395], [57, 1399], [59, 1401], [61, 1403], [63, 1405], [66, 1407], [68, 1409], [71, 1411], [75, 1415], [89, 1419], [103, 1417], [101, 1415], [99, 1411], [101, 1407], [103, 1403], [105, 1399], [107, 1389], [105, 1379], [103, 1373], [101, 1367], [99, 1363], [97, 1359], [95, 1355], [93, 1351], [91, 1347], [89, 1343], [87, 1337], [85, 1331], [83, 1325], [81, 1320], [79, 1318], [77, 1316], [75, 1314], [73, 1312], [71, 1310], [69, 1308], [67, 1306], [65, 1304], [63, 1302], [61, 1299], [59, 1297], [51, 1296], [43, 1298]]
243;880;NA;0.86865234375;0.8004613610149942;0.9078168272972107;3432;2812;[285, 1388, 361, 1453];[288, 1388, 363, 1451];[[361, 1396], [353, 1389], [337, 1388], [330, 1393], [318, 1395], [306, 1400], [292, 1413], [287, 1421], [285, 1430], [286, 1442], [299, 1451], [322, 1453], [335, 1450], [341, 1443], [343, 1423], [360, 1411]];[[359, 1395], [357, 1392], [355, 1390], [343, 1388], [331, 1390], [325, 1392], [320, 1393], [318, 1395], [315, 1398], [311, 1400], [308, 1401], [306, 1403], [304, 1405], [302, 1407], [300, 1409], [298, 1411], [296, 1413], [294, 1415], [291, 1418], [289, 1420], [288, 1431], [305, 1443], [323, 1445], [325, 1447], [327, 1449], [329, 1451], [331, 1449], [333, 1447], [335, 1445], [337, 1443], [339, 1433], [341, 1423], [343, 1421], [347, 1419], [351, 1417], [353, 1415], [355, 1413], [357, 1411], [359, 1407], [361, 1403], [363, 1401], [361, 1399]]
244;611;NA;0.90673828125;0.6739177724603002;0.7360215187072754;4297;3398;[458, 967, 543, 1051];[469, 977, 545, 1053];[[468, 970], [458, 983], [459, 992], [473, 1002], [487, 1023], [497, 1028], [487, 1037], [476, 1041], [475, 1047], [498, 1049], [504, 1042], [514, 1039], [522, 1051], [531, 1048], [535, 1037], [543, 1029], [543, 1018], [537, 1011], [536, 1000], [514, 980], [497, 978], [480, 967]];[[482, 977], [469, 990], [472, 1004], [476, 1011], [478, 1017], [482, 1021], [487, 1026], [490, 1029], [487, 1033], [483, 1040], [500, 1046], [518, 1050], [525, 1053], [531, 1047], [534, 1040], [539, 1035], [543, 1032], [545, 1029], [542, 1026], [538, 1019], [532, 1013], [525, 1005], [521, 998], [518, 995], [511, 991], [503, 988], [499, 983], [495, 979]]
245;757;NA;0.89111328125;0.8840702348212397;0.8628472089767456;4635;4271;[718, 971, 796, 1067];[723, 976, 794, 1067];[[729, 971], [718, 984], [718, 998], [725, 1010], [727, 1022], [733, 1027], [737, 1037], [734, 1043], [734, 1052], [737, 1055], [748, 1052], [755, 1056], [762, 1066], [774, 1067], [785, 1058], [796, 1039], [793, 1028], [785, 1015], [770, 1002], [757, 980], [748, 972]];[[738, 976], [727, 977], [725, 979], [723, 995], [725, 1011], [727, 1015], [728, 1019], [730, 1021], [733, 1023], [735, 1029], [737, 1035], [739, 1037], [737, 1039], [735, 1043], [733, 1047], [731, 1049], [732, 1051], [734, 1053], [744, 1055], [754, 1057], [756, 1059], [758, 1061], [761, 1063], [763, 1065], [768, 1067], [774, 1065], [778, 1063], [782, 1061], [784, 1059], [786, 1055], [788, 1051], [790, 1047], [792, 1043], [794, 1035], [792, 1027], [790, 1021], [788, 1016], [786, 1014], [784, 1011], [782, 1009], [778, 1008], [774, 1006], [772, 1004], [770, 1002], [768, 1000], [766, 998], [764, 996], [762, 994], [760, 991], [758, 987], [756, 984], [754, 982], [752, 979], [750, 977]]
246;730;NA;0.89404296875;0.8824900909302867;0.8097530603408813;4147;3927;[147, 942, 227, 1014];[148, 948, 231, 1019];[[225, 944], [218, 942], [205, 943], [198, 947], [183, 949], [171, 954], [164, 960], [158, 961], [151, 968], [147, 986], [152, 1013], [165, 1014], [186, 1006], [205, 1006], [220, 985], [221, 965], [227, 953]];[[231, 953], [229, 952], [227, 950], [207, 948], [187, 950], [181, 952], [175, 954], [171, 956], [168, 957], [166, 959], [163, 962], [159, 964], [156, 965], [154, 967], [151, 970], [149, 972], [148, 991], [150, 1011], [152, 1015], [155, 1019], [159, 1017], [163, 1015], [167, 1013], [169, 1011], [171, 1009], [179, 1007], [187, 1005], [189, 1003], [191, 1005], [195, 1007], [199, 1005], [201, 1003], [203, 1001], [205, 999], [207, 997], [209, 995], [211, 993], [215, 991], [219, 987], [221, 983], [223, 971], [225, 959], [227, 957], [229, 955]]
247;334;NA;0.921875;0.9095262096774194;0.9305816292762756;3906;3671;[543, 939, 640, 1002];[544, 940, 643, 1003];[[543, 950], [545, 967], [572, 994], [605, 995], [618, 1002], [635, 1002], [638, 1000], [640, 989], [636, 981], [599, 948], [582, 945], [575, 939], [554, 939]];[[545, 948], [544, 957], [545, 967], [547, 969], [549, 971], [551, 973], [553, 975], [555, 977], [557, 979], [559, 981], [561, 983], [563, 985], [566, 987], [568, 989], [571, 991], [575, 993], [589, 995], [603, 997], [611, 999], [619, 1001], [629, 1003], [639, 1001], [641, 999], [643, 997], [641, 995], [639, 991], [637, 987], [635, 983], [633, 980], [631, 978], [629, 976], [627, 974], [625, 972], [623, 970], [621, 967], [619, 965], [615, 964], [611, 962], [607, 960], [603, 958], [601, 955], [599, 953], [595, 952], [591, 950], [583, 948], [575, 946], [571, 944], [567, 942], [559, 940], [552, 941], [550, 943], [547, 946]]
248;982;NA;0.8232421875;0.7979851537645811;0.8286516666412354;3765;3017;[212, 1139, 272, 1228];[212, 1148, 271, 1223];[[215, 1139], [218, 1150], [229, 1162], [231, 1169], [213, 1184], [212, 1217], [221, 1225], [229, 1228], [246, 1227], [256, 1220], [266, 1207], [272, 1193], [271, 1175], [266, 1165], [259, 1158], [253, 1158], [232, 1144]];[[229, 1148], [224, 1153], [225, 1159], [227, 1161], [230, 1163], [232, 1169], [230, 1175], [228, 1177], [226, 1179], [224, 1181], [222, 1183], [220, 1185], [218, 1187], [215, 1190], [213, 1192], [212, 1203], [215, 1215], [219, 1217], [222, 1219], [224, 1221], [235, 1223], [247, 1221], [251, 1219], [255, 1217], [257, 1215], [259, 1211], [261, 1207], [263, 1205], [265, 1203], [267, 1199], [269, 1195], [271, 1185], [269, 1175], [267, 1171], [265, 1168], [263, 1166], [261, 1163], [259, 1161], [253, 1160], [247, 1158], [245, 1155], [243, 1153], [239, 1152], [235, 1150]]
249;571;NA;0.90869140625;0.8183316848005275;0.9409397840499878;5872;5158;[4, 1188, 83, 1294];[8, 1188, 83, 1295];[[24, 1188], [19, 1191], [4, 1221], [4, 1270], [13, 1289], [25, 1294], [36, 1294], [55, 1287], [57, 1262], [60, 1259], [82, 1256], [83, 1240], [68, 1219], [60, 1212], [51, 1209], [40, 1188]];[[31, 1188], [20, 1191], [18, 1195], [16, 1199], [14, 1203], [12, 1207], [10, 1211], [8, 1237], [9, 1263], [11, 1265], [15, 1267], [19, 1269], [21, 1271], [23, 1273], [26, 1275], [28, 1285], [37, 1295], [47, 1293], [51, 1291], [55, 1283], [57, 1275], [59, 1269], [67, 1263], [75, 1261], [77, 1259], [79, 1257], [81, 1255], [83, 1247], [81, 1240], [79, 1238], [77, 1236], [75, 1234], [73, 1232], [71, 1230], [69, 1228], [67, 1226], [65, 1223], [63, 1219], [61, 1216], [59, 1214], [57, 1212], [55, 1210], [53, 1208], [51, 1206], [49, 1203], [47, 1199], [45, 1195], [43, 1191]]
250;739;NA;0.89306640625;0.8624620060790273;0.9077920317649841;5227;4577;[832, 1149, 908, 1245];[835, 1148, 910, 1243];[[841, 1149], [832, 1163], [832, 1181], [838, 1195], [845, 1203], [854, 1229], [870, 1245], [895, 1245], [908, 1211], [904, 1190], [895, 1173], [889, 1166], [864, 1150]];[[846, 1148], [839, 1151], [837, 1155], [835, 1175], [838, 1195], [842, 1197], [845, 1199], [847, 1203], [849, 1207], [851, 1213], [853, 1219], [855, 1225], [856, 1231], [858, 1233], [860, 1235], [862, 1237], [865, 1239], [867, 1241], [876, 1243], [886, 1241], [888, 1239], [890, 1237], [892, 1235], [894, 1231], [896, 1227], [898, 1225], [900, 1223], [902, 1221], [904, 1219], [906, 1217], [908, 1215], [910, 1209], [908, 1203], [906, 1199], [904, 1196], [902, 1194], [900, 1192], [898, 1190], [896, 1187], [894, 1179], [892, 1172], [890, 1170], [888, 1167], [886, 1165], [880, 1164], [874, 1162], [870, 1160], [866, 1158], [862, 1156], [858, 1154], [856, 1151], [854, 1149]]
251;278;NA;0.92529296875;0.8149165848871442;0.8293432593345642;4582;4665;[375, 1101, 464, 1186];[376, 1107, 458, 1189];[[393, 1102], [383, 1113], [375, 1138], [376, 1146], [382, 1157], [399, 1164], [410, 1178], [418, 1182], [428, 1174], [438, 1184], [445, 1186], [447, 1175], [464, 1159], [462, 1152], [420, 1110], [404, 1101]];[[406, 1107], [386, 1110], [381, 1116], [376, 1127], [381, 1137], [386, 1148], [390, 1157], [395, 1162], [401, 1168], [406, 1173], [413, 1180], [419, 1186], [433, 1189], [447, 1186], [453, 1180], [458, 1159], [454, 1139], [449, 1134], [444, 1128], [438, 1123], [431, 1116], [426, 1110]]
252;781;NA;0.88818359375;0.8321289605336298;0.8333333134651184;3582;3010;[593, 930, 689, 984];[598, 934, 688, 982];[[593, 946], [594, 951], [601, 958], [623, 972], [637, 984], [650, 984], [659, 979], [674, 976], [686, 969], [689, 963], [689, 958], [684, 949], [676, 944], [664, 942], [648, 930], [612, 930]];[[625, 934], [598, 947], [604, 960], [611, 964], [618, 967], [625, 971], [630, 976], [633, 979], [650, 982], [668, 978], [679, 974], [688, 961], [682, 948], [675, 945], [664, 941], [654, 937]]
253;48;NA;0.9423828125;0.8885048500390234;0.9550137519836426;8618;8320;[769, 1319, 909, 1423];[771, 1320, 906, 1423];[[895, 1319], [863, 1323], [840, 1345], [833, 1358], [818, 1349], [814, 1338], [801, 1325], [785, 1322], [769, 1335], [769, 1350], [808, 1379], [805, 1411], [819, 1423], [834, 1422], [854, 1404], [888, 1402], [906, 1396], [909, 1386], [891, 1376], [900, 1343]];[[772, 1332], [771, 1341], [772, 1351], [774, 1353], [777, 1355], [779, 1357], [782, 1359], [786, 1361], [790, 1363], [794, 1365], [798, 1367], [802, 1369], [805, 1371], [807, 1383], [805, 1395], [803, 1399], [805, 1403], [807, 1409], [808, 1415], [810, 1417], [813, 1419], [815, 1421], [822, 1423], [830, 1421], [834, 1419], [838, 1417], [842, 1415], [846, 1413], [848, 1411], [850, 1407], [864, 1403], [878, 1401], [884, 1399], [890, 1397], [892, 1395], [894, 1393], [896, 1391], [898, 1387], [894, 1384], [890, 1382], [888, 1379], [886, 1377], [890, 1375], [894, 1373], [898, 1371], [902, 1369], [904, 1367], [906, 1363], [904, 1360], [902, 1358], [900, 1355], [898, 1347], [900, 1339], [902, 1331], [900, 1324], [898, 1322], [888, 1320], [878, 1322], [872, 1324], [867, 1325], [865, 1327], [862, 1330], [858, 1332], [855, 1333], [853, 1335], [851, 1337], [849, 1339], [846, 1342], [844, 1344], [842, 1348], [838, 1352], [834, 1354], [830, 1356], [826, 1354], [824, 1352], [822, 1350], [820, 1348], [818, 1346], [816, 1343], [814, 1339], [812, 1336], [810, 1334], [808, 1332], [806, 1330], [804, 1327], [802, 1325], [798, 1324], [794, 1322], [790, 1320], [786, 1322], [782, 1324], [779, 1325], [777, 1327], [774, 1330]]
254;833;NA;0.87890625;0.8822736030828516;0.9394534230232239;4919;4850;[256, 1142, 309, 1266];[256, 1144, 307, 1267];[[302, 1142], [286, 1146], [274, 1145], [267, 1162], [264, 1198], [256, 1222], [256, 1240], [265, 1261], [272, 1266], [291, 1261], [298, 1250], [299, 1239], [304, 1229], [304, 1173], [309, 1163], [309, 1151]];[[275, 1144], [268, 1147], [266, 1151], [264, 1159], [266, 1167], [268, 1173], [270, 1179], [272, 1183], [270, 1187], [268, 1193], [266, 1199], [264, 1203], [262, 1207], [259, 1210], [257, 1212], [256, 1229], [258, 1247], [260, 1251], [262, 1255], [264, 1259], [265, 1263], [267, 1265], [277, 1267], [287, 1265], [289, 1263], [291, 1261], [293, 1259], [295, 1257], [297, 1255], [299, 1251], [301, 1247], [303, 1231], [305, 1215], [307, 1209], [305, 1203], [303, 1191], [305, 1179], [307, 1163], [295, 1148], [283, 1146]]
255;459;NA;0.9150390625;0.8612209802235598;0.878438413143158;5664;5159;[791, 1034, 866, 1145];[795, 1036, 866, 1139];[[802, 1034], [794, 1044], [791, 1055], [791, 1092], [798, 1111], [800, 1132], [811, 1142], [839, 1145], [850, 1132], [850, 1104], [846, 1094], [850, 1090], [864, 1089], [866, 1083], [855, 1078], [843, 1065], [839, 1046], [823, 1042], [813, 1034]];[[812, 1036], [803, 1037], [801, 1039], [799, 1047], [797, 1055], [795, 1079], [797, 1103], [799, 1115], [801, 1127], [803, 1131], [804, 1135], [806, 1137], [826, 1139], [846, 1135], [848, 1131], [850, 1117], [848, 1103], [846, 1097], [850, 1091], [854, 1093], [860, 1095], [866, 1089], [864, 1084], [862, 1082], [858, 1080], [854, 1078], [850, 1075], [846, 1065], [844, 1055], [842, 1051], [840, 1048], [838, 1046], [834, 1044], [830, 1042], [826, 1040], [822, 1038]]
256;95;NA;0.9365234375;0.8992550549840369;0.8399999737739563;5125;5583;[434, 1208, 547, 1273];[436, 1204, 555, 1271];[[547, 1219], [534, 1208], [505, 1209], [497, 1215], [468, 1216], [455, 1229], [444, 1233], [438, 1239], [434, 1251], [447, 1266], [461, 1267], [481, 1273], [503, 1261], [517, 1260], [536, 1252], [547, 1242]];[[555, 1227], [553, 1224], [551, 1222], [549, 1220], [547, 1218], [545, 1216], [543, 1214], [541, 1212], [539, 1210], [537, 1207], [535, 1205], [523, 1204], [511, 1206], [507, 1208], [503, 1210], [493, 1212], [483, 1214], [477, 1216], [471, 1218], [467, 1220], [463, 1222], [459, 1224], [455, 1226], [449, 1228], [444, 1229], [442, 1231], [439, 1234], [437, 1236], [436, 1249], [439, 1263], [443, 1265], [451, 1267], [459, 1269], [475, 1271], [491, 1269], [495, 1267], [499, 1265], [505, 1263], [511, 1261], [519, 1259], [527, 1257], [531, 1255], [535, 1253], [539, 1251], [543, 1249], [545, 1247], [547, 1245], [549, 1243], [551, 1237], [553, 1231]]
257;585;NA;0.908203125;0.8471755211835911;0.8767523169517517;5829;5158;[639, 971, 719, 1078];[640, 980, 719, 1075];[[668, 971], [656, 993], [655, 1012], [647, 1023], [647, 1034], [639, 1047], [640, 1072], [649, 1077], [662, 1077], [680, 1055], [690, 1062], [691, 1073], [697, 1078], [703, 1074], [707, 1063], [717, 1055], [719, 1049], [718, 1032], [701, 1013], [702, 1002], [713, 994], [705, 984], [696, 987], [683, 972]];[[667, 984], [656, 997], [654, 1011], [652, 1017], [653, 1023], [655, 1025], [654, 1027], [652, 1033], [650, 1039], [647, 1042], [645, 1044], [644, 1047], [642, 1051], [640, 1059], [643, 1067], [647, 1069], [659, 1071], [671, 1067], [673, 1063], [675, 1061], [677, 1059], [679, 1057], [681, 1055], [683, 1057], [686, 1059], [688, 1063], [690, 1067], [692, 1071], [697, 1075], [703, 1073], [705, 1071], [707, 1067], [709, 1063], [711, 1061], [713, 1059], [715, 1057], [717, 1055], [719, 1047], [717, 1039], [715, 1035], [713, 1031], [711, 1027], [709, 1023], [707, 1019], [705, 1015], [703, 1007], [705, 999], [707, 997], [709, 995], [711, 991], [709, 988], [707, 986], [703, 984], [699, 982], [689, 980], [679, 982]]
258;927;NA;0.85205078125;0.8051581325301205;0.7047138214111328;5098;4491;[847, 938, 937, 1037];[862, 941, 931, 1032];[[859, 941], [856, 945], [856, 961], [860, 972], [849, 977], [847, 982], [882, 1010], [895, 1037], [900, 1035], [901, 1016], [905, 1009], [922, 1021], [934, 1020], [937, 1016], [937, 1003], [929, 989], [927, 968], [915, 951], [890, 949], [872, 938]];[[872, 941], [862, 968], [865, 996], [868, 999], [872, 1003], [875, 1007], [880, 1011], [884, 1019], [886, 1024], [890, 1028], [897, 1032], [904, 1021], [908, 1010], [911, 1014], [916, 1019], [920, 1022], [926, 1024], [931, 997], [928, 968], [924, 961], [918, 955], [911, 952], [897, 948], [883, 945]]
259;578;NA;0.90869140625;0.8779282576866764;0.8941895961761475;5281;4980;[185, 1222, 275, 1310];[187, 1224, 272, 1313];[[212, 1227], [197, 1238], [188, 1255], [185, 1266], [187, 1282], [193, 1287], [207, 1287], [213, 1281], [220, 1280], [224, 1283], [225, 1296], [233, 1310], [259, 1310], [273, 1292], [275, 1281], [268, 1266], [256, 1252], [251, 1233], [245, 1226], [233, 1222], [224, 1222]];[[210, 1229], [206, 1233], [204, 1238], [201, 1241], [196, 1244], [192, 1245], [190, 1248], [187, 1264], [189, 1280], [191, 1282], [208, 1285], [225, 1292], [227, 1299], [229, 1302], [232, 1304], [234, 1306], [237, 1309], [240, 1312], [249, 1313], [257, 1312], [260, 1309], [262, 1307], [264, 1305], [268, 1302], [270, 1299], [272, 1286], [270, 1272], [268, 1270], [265, 1267], [263, 1265], [260, 1263], [258, 1260], [255, 1257], [253, 1248], [250, 1238], [248, 1233], [244, 1229], [239, 1227], [227, 1224], [215, 1227]]
260;749;NA;0.892578125;0.8640403555128513;0.8991712927818298;4001;3759;[147, 1168, 213, 1261];[148, 1164, 211, 1263];[[200, 1171], [186, 1168], [175, 1189], [156, 1205], [148, 1217], [147, 1247], [148, 1258], [151, 1261], [170, 1259], [206, 1226], [212, 1209], [213, 1188], [209, 1180]];[[195, 1165], [191, 1164], [188, 1165], [186, 1167], [184, 1173], [182, 1179], [180, 1183], [178, 1187], [175, 1190], [167, 1192], [160, 1197], [158, 1203], [156, 1207], [154, 1211], [151, 1214], [149, 1216], [148, 1227], [150, 1239], [152, 1249], [153, 1259], [155, 1261], [163, 1263], [171, 1261], [173, 1259], [175, 1257], [177, 1255], [179, 1253], [181, 1251], [183, 1247], [185, 1243], [187, 1241], [189, 1239], [191, 1237], [193, 1235], [195, 1231], [197, 1227], [199, 1225], [201, 1223], [203, 1221], [205, 1219], [207, 1211], [209, 1203], [211, 1193], [209, 1183], [207, 1179], [205, 1176], [203, 1174], [201, 1172], [199, 1170], [197, 1167]]
261;345;NA;0.92138671875;0.9102587298715397;0.918024480342865;5222;5336;[691, 1083, 771, 1179];[692, 1080, 771, 1175];[[743, 1083], [733, 1085], [728, 1094], [719, 1101], [699, 1103], [698, 1121], [703, 1136], [696, 1154], [691, 1159], [691, 1165], [694, 1171], [709, 1179], [720, 1178], [734, 1172], [746, 1163], [760, 1145], [763, 1131], [768, 1125], [771, 1102], [760, 1091]];[[751, 1081], [741, 1080], [732, 1083], [730, 1087], [728, 1091], [726, 1095], [723, 1098], [717, 1100], [711, 1098], [709, 1096], [707, 1098], [703, 1100], [700, 1123], [698, 1147], [695, 1150], [693, 1152], [692, 1161], [693, 1171], [695, 1173], [713, 1175], [731, 1173], [733, 1171], [735, 1169], [739, 1167], [743, 1165], [745, 1163], [747, 1161], [749, 1159], [751, 1157], [753, 1155], [755, 1153], [757, 1151], [759, 1147], [761, 1143], [763, 1137], [765, 1131], [767, 1123], [769, 1115], [771, 1105], [769, 1096], [767, 1094], [763, 1092], [759, 1090], [757, 1088], [755, 1086], [753, 1083]]
262;151;NA;0.9326171875;0.6967539267015707;0.9001659154891968;4604;3498;[338, 1061, 402, 1174];[340, 1063, 402, 1168];[[393, 1062], [381, 1061], [371, 1064], [362, 1076], [361, 1087], [354, 1094], [354, 1104], [346, 1113], [346, 1124], [338, 1140], [340, 1162], [354, 1173], [359, 1174], [366, 1167], [377, 1162], [387, 1132], [394, 1124], [401, 1103], [396, 1095], [402, 1074], [400, 1066]];[[402, 1076], [385, 1063], [369, 1065], [365, 1069], [362, 1076], [358, 1083], [354, 1090], [351, 1097], [347, 1108], [344, 1119], [340, 1144], [353, 1168], [366, 1165], [370, 1162], [373, 1137], [377, 1112], [382, 1107], [389, 1103], [395, 1097], [398, 1090]]
263;693;NA;0.8974609375;0.8179528280283948;0.8429068326950073;4318;3621;[3329, 328, 3402, 408];[3332, 332, 3399, 411];[[3380, 329], [3352, 328], [3343, 337], [3342, 353], [3337, 359], [3336, 374], [3330, 381], [3329, 387], [3330, 398], [3339, 408], [3360, 408], [3373, 394], [3382, 393], [3395, 384], [3396, 378], [3402, 370], [3402, 354], [3394, 342]];[[3375, 333], [3363, 332], [3352, 333], [3350, 335], [3347, 338], [3345, 340], [3344, 355], [3342, 371], [3340, 373], [3338, 375], [3335, 378], [3333, 380], [3332, 393], [3335, 407], [3339, 409], [3345, 411], [3351, 409], [3355, 407], [3359, 405], [3363, 403], [3367, 401], [3369, 399], [3371, 397], [3375, 395], [3379, 393], [3381, 391], [3383, 389], [3385, 387], [3387, 385], [3389, 383], [3391, 381], [3393, 379], [3395, 375], [3397, 371], [3399, 363], [3397, 355], [3395, 351], [3393, 348], [3391, 346], [3387, 344], [3383, 342], [3381, 340], [3379, 338], [3377, 335]]
264;139;NA;0.93310546875;0.8477656617489844;0.8688156008720398;4607;4035;[3339, 861, 3439, 922];[3340, 860, 3435, 927];[[3340, 873], [3339, 910], [3342, 913], [3355, 915], [3365, 921], [3427, 922], [3439, 910], [3439, 898], [3431, 889], [3417, 886], [3409, 879], [3399, 879], [3390, 870], [3380, 870], [3372, 862], [3351, 861]];[[3346, 863], [3344, 871], [3346, 879], [3348, 883], [3349, 887], [3351, 889], [3350, 891], [3347, 894], [3343, 896], [3340, 905], [3357, 915], [3375, 917], [3389, 919], [3403, 921], [3407, 923], [3411, 925], [3415, 927], [3419, 925], [3421, 923], [3423, 921], [3427, 919], [3431, 917], [3433, 915], [3435, 905], [3433, 896], [3431, 894], [3429, 891], [3427, 889], [3423, 888], [3419, 886], [3415, 884], [3411, 882], [3405, 880], [3399, 878], [3393, 876], [3387, 874], [3383, 872], [3379, 870], [3375, 868], [3371, 866], [3367, 864], [3363, 862], [3355, 860], [3348, 861]]
265;407;NA;0.91845703125;0.8398778359511344;0.8041060566902161;4468;3966;[2469, 617, 2569, 674];[2468, 624, 2563, 675];[[2568, 624], [2565, 619], [2559, 617], [2535, 617], [2519, 625], [2499, 625], [2491, 631], [2486, 639], [2473, 642], [2470, 645], [2469, 662], [2481, 674], [2538, 674], [2567, 649], [2569, 643]];[[2477, 640], [2468, 653], [2469, 667], [2471, 669], [2474, 671], [2476, 673], [2505, 675], [2535, 673], [2539, 671], [2543, 669], [2547, 667], [2551, 665], [2555, 663], [2559, 659], [2561, 655], [2563, 645], [2561, 635], [2559, 629], [2533, 624], [2507, 626], [2499, 628], [2492, 631], [2490, 635], [2487, 638]]
266;777;NA;0.88818359375;0.8641047659939889;0.9006264805793762;4577;4106;[2664, 366, 2747, 462];[2669, 368, 2748, 463];[[2677, 366], [2664, 380], [2667, 399], [2683, 416], [2686, 424], [2699, 433], [2703, 442], [2713, 453], [2729, 462], [2736, 462], [2747, 451], [2745, 416], [2734, 402], [2706, 378], [2690, 367]];[[2680, 368], [2673, 369], [2671, 371], [2669, 383], [2670, 395], [2672, 397], [2675, 399], [2677, 403], [2678, 407], [2680, 409], [2683, 411], [2685, 415], [2687, 419], [2689, 425], [2690, 431], [2692, 433], [2696, 435], [2700, 437], [2704, 439], [2708, 441], [2710, 443], [2712, 445], [2714, 447], [2716, 449], [2718, 451], [2720, 453], [2722, 455], [2724, 457], [2727, 459], [2729, 461], [2734, 463], [2740, 459], [2742, 455], [2744, 453], [2746, 451], [2748, 435], [2746, 419], [2744, 415], [2742, 412], [2740, 410], [2738, 407], [2736, 405], [2732, 404], [2728, 402], [2726, 400], [2724, 398], [2722, 396], [2720, 394], [2718, 392], [2716, 390], [2714, 387], [2712, 385], [2708, 384], [2704, 382], [2702, 379], [2700, 377], [2696, 376], [2692, 374], [2690, 371], [2688, 369]]
267;127;NA;0.93408203125;0.8515448379804069;0.8546368479728699;4856;4972;[2535, 644, 2620, 742];[2532, 648, 2623, 747];[[2572, 644], [2560, 652], [2562, 680], [2555, 684], [2538, 684], [2535, 690], [2549, 695], [2559, 705], [2567, 727], [2580, 732], [2588, 740], [2601, 742], [2612, 736], [2613, 716], [2618, 708], [2620, 696], [2611, 674], [2595, 651], [2583, 644]];[[2573, 648], [2568, 649], [2566, 651], [2564, 655], [2562, 659], [2560, 661], [2562, 663], [2564, 671], [2560, 679], [2555, 678], [2547, 676], [2540, 677], [2538, 679], [2535, 682], [2533, 684], [2532, 687], [2535, 691], [2539, 693], [2545, 695], [2551, 697], [2555, 699], [2559, 701], [2562, 703], [2564, 707], [2562, 711], [2560, 715], [2561, 719], [2563, 721], [2565, 723], [2567, 725], [2570, 727], [2572, 729], [2575, 731], [2579, 733], [2581, 735], [2583, 737], [2586, 739], [2588, 741], [2591, 743], [2595, 745], [2597, 747], [2599, 745], [2603, 743], [2607, 741], [2609, 739], [2611, 737], [2613, 735], [2615, 729], [2617, 723], [2619, 713], [2621, 703], [2623, 701], [2621, 699], [2619, 691], [2617, 684], [2615, 682], [2613, 679], [2611, 675], [2609, 672], [2607, 670], [2605, 668], [2603, 666], [2601, 664], [2599, 662], [2597, 659], [2595, 657], [2591, 656], [2587, 654], [2583, 652], [2579, 650]]
268;728;NA;0.89501953125;0.7967164179104478;0.7803360223770142;3068;2951;[2590, -2, 2656, 61];[2584, 4, 2659, 63];[[2590, 0], [2590, 11], [2604, 29], [2606, 37], [2635, 61], [2654, 59], [2656, 55], [2655, 20], [2648, 3], [2630, -2], [2597, -2]];[[2615, 4], [2584, 9], [2585, 15], [2587, 17], [2589, 19], [2591, 21], [2593, 23], [2595, 25], [2597, 27], [2599, 29], [2601, 31], [2603, 33], [2605, 35], [2607, 37], [2609, 39], [2611, 41], [2613, 43], [2615, 45], [2617, 47], [2619, 49], [2621, 51], [2623, 53], [2626, 55], [2628, 57], [2631, 59], [2635, 61], [2643, 63], [2651, 61], [2653, 59], [2655, 57], [2657, 55], [2659, 41], [2657, 27], [2655, 21], [2653, 15], [2651, 11], [2649, 8], [2647, 6]]
269;1022;NA;0.53515625;0.5420733759676877;0.639769434928894;5550;3613;[2465, 6, 2548, 106];[2468, 32, 2543, 111];[[2545, 6], [2535, 7], [2527, 16], [2517, 15], [2508, 7], [2501, 6], [2495, 10], [2481, 11], [2465, 23], [2465, 74], [2469, 78], [2478, 79], [2489, 71], [2493, 73], [2496, 79], [2493, 90], [2504, 106], [2517, 106], [2527, 97], [2527, 80], [2521, 74], [2520, 60], [2530, 49], [2547, 38], [2548, 17]];[[2473, 40], [2468, 59], [2479, 79], [2491, 89], [2493, 99], [2495, 101], [2497, 103], [2499, 105], [2502, 107], [2504, 109], [2509, 111], [2515, 109], [2519, 107], [2523, 103], [2525, 99], [2527, 87], [2525, 75], [2523, 67], [2525, 59], [2527, 55], [2529, 51], [2531, 49], [2533, 47], [2535, 45], [2537, 43], [2539, 41], [2541, 39], [2543, 37], [2539, 36], [2535, 34], [2533, 32], [2531, 34], [2527, 36], [2523, 34], [2513, 32], [2503, 34], [2491, 36], [2479, 38]]
270;152;NA;0.9326171875;0.8341649159663865;0.8976982235908508;7294;6675;[2803, 151, 2911, 249];[2801, 154, 2913, 245];[[2905, 156], [2896, 151], [2867, 151], [2859, 159], [2851, 159], [2803, 192], [2803, 199], [2810, 203], [2820, 203], [2806, 227], [2806, 245], [2817, 249], [2847, 248], [2862, 240], [2905, 198], [2911, 180], [2911, 168]];[[2906, 160], [2882, 154], [2857, 158], [2850, 161], [2843, 165], [2836, 168], [2830, 171], [2826, 174], [2821, 179], [2814, 183], [2808, 185], [2805, 189], [2801, 217], [2821, 245], [2843, 241], [2850, 237], [2857, 234], [2864, 230], [2870, 228], [2874, 224], [2878, 221], [2881, 217], [2885, 214], [2888, 210], [2892, 206], [2895, 203], [2900, 198], [2904, 195], [2906, 189], [2910, 181], [2913, 174], [2910, 167]]
271;450;NA;0.91552734375;0.8435031326614002;0.9215500950813293;7270;6265;[2689, 580, 2796, 657];[2692, 580, 2799, 655];[[2795, 595], [2773, 580], [2731, 583], [2721, 591], [2710, 593], [2699, 604], [2689, 622], [2689, 644], [2701, 655], [2710, 657], [2791, 657], [2796, 652]];[[2799, 635], [2797, 623], [2795, 619], [2793, 615], [2791, 609], [2789, 604], [2787, 602], [2783, 600], [2779, 598], [2777, 595], [2775, 591], [2773, 587], [2771, 583], [2765, 580], [2759, 582], [2755, 584], [2751, 586], [2733, 588], [2716, 589], [2714, 591], [2712, 593], [2710, 595], [2708, 597], [2706, 599], [2704, 601], [2702, 603], [2699, 606], [2697, 608], [2696, 611], [2694, 615], [2692, 631], [2693, 647], [2695, 649], [2727, 651], [2759, 653], [2761, 655], [2763, 653], [2765, 651], [2767, 653], [2779, 655], [2791, 653], [2793, 651], [2795, 649], [2797, 647]]
272;663;NA;0.9013671875;0.8127593360995851;0.8119304180145264;5281;5204;[2528, 771, 2586, 885];[2522, 776, 2584, 881];[[2576, 771], [2562, 772], [2544, 788], [2535, 792], [2528, 804], [2530, 858], [2538, 874], [2549, 878], [2557, 885], [2567, 884], [2586, 873], [2585, 860], [2578, 851], [2578, 817], [2586, 805], [2586, 783]];[[2564, 776], [2544, 779], [2540, 782], [2535, 787], [2532, 791], [2529, 797], [2526, 804], [2522, 829], [2525, 853], [2528, 856], [2532, 860], [2535, 864], [2540, 868], [2544, 875], [2560, 881], [2577, 879], [2581, 875], [2584, 865], [2581, 854], [2577, 840], [2581, 825], [2584, 800]]
273;736;NA;0.89404296875;0.7826860841423948;0.9048120975494385;6077;4940;[2641, 717, 2758, 790];[2644, 719, 2756, 788];[[2641, 739], [2641, 750], [2649, 758], [2651, 768], [2667, 773], [2672, 779], [2692, 790], [2734, 789], [2758, 769], [2758, 752], [2754, 745], [2725, 743], [2704, 721], [2696, 717], [2661, 718]];[[2647, 725], [2644, 743], [2646, 760], [2650, 763], [2655, 768], [2658, 772], [2664, 774], [2671, 778], [2682, 781], [2693, 785], [2696, 788], [2699, 786], [2702, 782], [2707, 778], [2711, 774], [2714, 778], [2728, 781], [2742, 779], [2745, 775], [2750, 771], [2754, 767], [2756, 761], [2754, 755], [2750, 751], [2732, 748], [2714, 744], [2709, 740], [2706, 729], [2678, 719], [2651, 722]]
274;881;NA;0.86865234375;0.8680792891319207;0.8859195113182068;4077;4122;[2561, 599, 2663, 652];[2557, 600, 2664, 655];[[2561, 616], [2561, 628], [2568, 641], [2576, 648], [2586, 652], [2618, 647], [2632, 641], [2656, 640], [2661, 637], [2663, 632], [2663, 623], [2654, 613], [2645, 607], [2635, 606], [2621, 600], [2597, 599], [2585, 605], [2571, 607]];[[2558, 620], [2557, 637], [2560, 655], [2564, 651], [2570, 647], [2576, 649], [2590, 651], [2604, 649], [2612, 647], [2620, 645], [2636, 643], [2652, 641], [2656, 639], [2660, 635], [2662, 631], [2664, 627], [2662, 624], [2660, 622], [2658, 620], [2656, 618], [2654, 615], [2652, 613], [2648, 612], [2644, 610], [2636, 608], [2628, 606], [2624, 604], [2620, 602], [2608, 600], [2596, 602], [2592, 604], [2588, 606], [2580, 608], [2572, 610], [2568, 612], [2565, 613], [2563, 615], [2560, 618]]
275;631;NA;0.90478515625;0.8326471799094277;0.8612319231033325;4544;4359;[2598, 357, 2698, 426];[2596, 360, 2691, 427];[[2679, 358], [2642, 357], [2634, 364], [2613, 365], [2599, 372], [2598, 391], [2608, 404], [2610, 411], [2624, 415], [2635, 426], [2644, 426], [2652, 416], [2663, 411], [2665, 404], [2674, 394], [2693, 388], [2698, 384], [2696, 374]];[[2679, 361], [2653, 360], [2627, 362], [2617, 364], [2607, 366], [2603, 368], [2600, 369], [2598, 371], [2596, 381], [2597, 391], [2599, 393], [2602, 395], [2604, 403], [2605, 411], [2607, 413], [2609, 415], [2611, 413], [2615, 411], [2619, 415], [2621, 419], [2623, 421], [2629, 423], [2635, 425], [2639, 427], [2643, 423], [2645, 419], [2647, 417], [2651, 415], [2655, 417], [2659, 419], [2663, 415], [2665, 411], [2667, 407], [2669, 403], [2671, 401], [2673, 399], [2675, 393], [2677, 387], [2679, 383], [2681, 379], [2683, 377], [2687, 375], [2691, 373], [2689, 372], [2687, 370], [2685, 368], [2683, 366], [2681, 363]]
276;236;NA;0.9267578125;0.7668381665107578;0.8691834807395935;4169;3386;[2890, 558, 2984, 618];[2894, 562, 2985, 617];[[2890, 568], [2890, 587], [2901, 597], [2927, 610], [2950, 612], [2960, 618], [2973, 618], [2981, 615], [2984, 606], [2982, 589], [2967, 576], [2974, 569], [2971, 564], [2947, 565], [2937, 563], [2930, 558], [2909, 558]];[[2936, 562], [2894, 575], [2897, 588], [2900, 592], [2911, 595], [2922, 599], [2929, 602], [2936, 606], [2947, 610], [2957, 613], [2968, 617], [2978, 614], [2981, 611], [2985, 600], [2982, 590], [2979, 587], [2974, 582], [2971, 575], [2974, 568], [2978, 564]]
277;42;NA;0.943359375;0.8446650959272972;0.8197067379951477;5655;5306;[2524, 506, 2599, 621];[2529, 505, 2606, 617];[[2576, 506], [2542, 507], [2542, 533], [2534, 542], [2532, 556], [2524, 570], [2524, 608], [2536, 621], [2548, 621], [2561, 610], [2571, 597], [2574, 575], [2584, 565], [2591, 570], [2596, 570], [2599, 566], [2587, 546], [2597, 532], [2587, 523]];[[2584, 511], [2564, 505], [2544, 514], [2540, 525], [2536, 536], [2533, 546], [2529, 579], [2532, 610], [2535, 613], [2546, 617], [2556, 614], [2559, 611], [2564, 606], [2567, 602], [2570, 593], [2573, 582], [2578, 574], [2585, 567], [2593, 570], [2596, 574], [2599, 571], [2602, 568], [2606, 564], [2603, 562], [2600, 558], [2596, 555], [2593, 551], [2588, 546], [2584, 543], [2588, 539], [2591, 528], [2588, 518]]
278;458;NA;0.91552734375;0.783998674838496;0.8255234360694885;5850;4920;[2804, 472, 2889, 590];[2811, 473, 2883, 588];[[2877, 472], [2865, 479], [2852, 482], [2827, 503], [2821, 524], [2813, 531], [2811, 543], [2804, 554], [2804, 566], [2811, 575], [2815, 589], [2835, 590], [2840, 587], [2847, 574], [2862, 558], [2873, 534], [2879, 529], [2881, 517], [2888, 507], [2889, 488], [2888, 483]];[[2883, 498], [2874, 473], [2865, 477], [2860, 482], [2854, 487], [2849, 493], [2844, 498], [2838, 503], [2833, 509], [2827, 514], [2820, 521], [2815, 527], [2811, 557], [2826, 588], [2840, 584], [2845, 579], [2851, 573], [2856, 568], [2863, 561], [2869, 555], [2872, 541], [2877, 525]]
279;189;NA;0.92919921875;0.8649027861294849;0.8560252785682678;4882;4422;[2559, 44, 2665, 109];[2564, 40, 2663, 107];[[2561, 63], [2559, 77], [2562, 91], [2579, 98], [2596, 98], [2604, 103], [2621, 104], [2627, 108], [2647, 109], [2659, 102], [2665, 93], [2665, 84], [2659, 78], [2658, 72], [2625, 51], [2615, 50], [2607, 45], [2588, 44], [2581, 57], [2564, 60]];[[2573, 60], [2564, 75], [2565, 91], [2567, 93], [2573, 95], [2579, 97], [2591, 99], [2603, 101], [2615, 103], [2627, 105], [2641, 107], [2655, 105], [2657, 103], [2659, 101], [2661, 99], [2663, 89], [2661, 80], [2659, 78], [2657, 76], [2655, 74], [2653, 71], [2651, 69], [2647, 68], [2643, 66], [2639, 64], [2635, 62], [2631, 60], [2627, 58], [2625, 56], [2623, 54], [2621, 52], [2619, 50], [2617, 48], [2615, 46], [2613, 43], [2611, 41], [2601, 40], [2591, 48], [2587, 56], [2583, 58]]
280;390;NA;0.9189453125;0.9133263925039042;0.8910359740257263;3777;3574;[2852, 392, 2941, 452];[2856, 392, 2939, 455];[[2941, 403], [2933, 393], [2928, 392], [2895, 393], [2886, 399], [2876, 400], [2859, 416], [2852, 431], [2852, 438], [2861, 452], [2879, 452], [2888, 448], [2909, 446], [2919, 436], [2922, 427], [2934, 418]];[[2939, 407], [2937, 400], [2935, 398], [2933, 395], [2931, 393], [2913, 392], [2895, 394], [2891, 396], [2887, 398], [2881, 400], [2876, 401], [2874, 403], [2871, 406], [2867, 408], [2864, 409], [2862, 411], [2859, 414], [2857, 416], [2856, 427], [2857, 439], [2859, 441], [2861, 443], [2863, 445], [2866, 447], [2868, 451], [2871, 455], [2875, 453], [2879, 451], [2883, 449], [2893, 447], [2903, 445], [2907, 443], [2911, 441], [2913, 439], [2915, 437], [2917, 435], [2919, 433], [2921, 431], [2923, 429], [2925, 427], [2927, 425], [2929, 423], [2931, 421], [2933, 419], [2935, 417], [2937, 415]]
281;789;NA;0.88623046875;0.7982174688057041;0.9002009630203247;4970;5118;[2923, 446, 2983, 560];[2920, 445, 2985, 558];[[2966, 446], [2955, 447], [2946, 458], [2939, 478], [2932, 486], [2925, 502], [2923, 545], [2927, 559], [2951, 560], [2955, 557], [2969, 537], [2970, 526], [2982, 502], [2983, 468], [2978, 457]];[[2943, 445], [2938, 454], [2935, 464], [2933, 462], [2930, 458], [2928, 456], [2924, 454], [2920, 461], [2922, 468], [2924, 473], [2927, 477], [2929, 496], [2927, 516], [2924, 530], [2922, 544], [2920, 547], [2921, 548], [2924, 551], [2927, 554], [2929, 556], [2940, 558], [2951, 556], [2954, 554], [2956, 551], [2959, 549], [2962, 546], [2964, 543], [2966, 539], [2968, 535], [2970, 527], [2973, 520], [2975, 516], [2978, 511], [2980, 492], [2982, 473], [2985, 470], [2983, 469], [2981, 466], [2978, 463], [2975, 461], [2971, 459], [2966, 457], [2959, 454], [2952, 452], [2949, 449], [2947, 446]]
282;498;NA;0.91259765625;0.8674884437596302;0.8849887847900391;4416;4068;[2698, 7, 2778, 86];[2700, 6, 2775, 90];[[2774, 14], [2754, 7], [2725, 8], [2718, 15], [2716, 25], [2711, 33], [2711, 51], [2698, 63], [2699, 77], [2706, 84], [2723, 86], [2753, 71], [2765, 59], [2777, 33], [2778, 19]];[[2756, 8], [2740, 6], [2724, 10], [2722, 15], [2719, 20], [2717, 24], [2715, 34], [2712, 43], [2710, 48], [2707, 53], [2704, 56], [2702, 59], [2700, 70], [2702, 81], [2704, 83], [2709, 86], [2714, 88], [2719, 90], [2723, 88], [2728, 86], [2733, 83], [2738, 81], [2742, 79], [2744, 77], [2746, 74], [2749, 72], [2752, 69], [2754, 67], [2756, 63], [2758, 58], [2761, 53], [2763, 48], [2766, 45], [2769, 43], [2770, 39], [2773, 34], [2775, 27], [2773, 20], [2771, 18], [2766, 16], [2761, 13], [2758, 10]]
283;516;NA;0.9111328125;0.8336741649625086;0.8667548298835754;4155;3915;[2854, 594, 2956, 659];[2856, 600, 2959, 659];[[2854, 612], [2856, 624], [2875, 638], [2909, 639], [2912, 642], [2915, 659], [2921, 658], [2922, 642], [2926, 638], [2944, 645], [2952, 642], [2956, 635], [2953, 615], [2927, 595], [2883, 594], [2864, 602]];[[2859, 608], [2856, 617], [2857, 627], [2859, 629], [2863, 631], [2867, 633], [2873, 635], [2879, 637], [2893, 639], [2907, 641], [2910, 643], [2912, 651], [2915, 659], [2919, 657], [2921, 655], [2923, 649], [2939, 643], [2955, 641], [2957, 639], [2959, 629], [2957, 620], [2955, 618], [2953, 615], [2951, 613], [2947, 612], [2943, 610], [2941, 607], [2939, 605], [2933, 604], [2927, 602], [2897, 600], [2868, 601], [2866, 603], [2863, 606]]
284;19;NA;0.95263671875;0.8681456022496485;0.9340397119522095;6066;5892;[2384, 515, 2492, 612];[2389, 516, 2492, 611];[[2384, 543], [2384, 558], [2414, 584], [2435, 587], [2475, 612], [2492, 601], [2489, 583], [2475, 572], [2474, 565], [2481, 556], [2478, 526], [2473, 528], [2467, 539], [2438, 515], [2416, 515], [2412, 519], [2415, 537], [2412, 540], [2390, 540]];[[2391, 539], [2389, 553], [2390, 567], [2392, 569], [2395, 571], [2397, 573], [2400, 575], [2404, 577], [2408, 579], [2412, 581], [2416, 583], [2420, 585], [2426, 587], [2432, 589], [2436, 591], [2440, 593], [2444, 595], [2448, 597], [2452, 599], [2456, 601], [2459, 603], [2461, 605], [2464, 607], [2468, 609], [2474, 611], [2480, 609], [2482, 607], [2484, 605], [2486, 603], [2488, 601], [2490, 599], [2492, 593], [2490, 587], [2488, 583], [2486, 580], [2484, 578], [2482, 575], [2480, 571], [2478, 567], [2476, 549], [2474, 532], [2472, 530], [2468, 528], [2465, 529], [2463, 531], [2460, 534], [2458, 536], [2456, 534], [2454, 532], [2452, 530], [2450, 528], [2448, 526], [2446, 524], [2444, 522], [2442, 519], [2440, 517], [2428, 516], [2416, 528], [2414, 540], [2412, 538], [2402, 536], [2393, 537]]
285;273;NA;0.92529296875;0.8766684463427656;0.9087099432945251;5410;5135;[2427, 731, 2546, 804];[2433, 732, 2548, 803];[[2546, 744], [2521, 732], [2493, 731], [2482, 739], [2459, 740], [2450, 747], [2435, 751], [2427, 762], [2430, 767], [2461, 767], [2465, 771], [2443, 790], [2439, 800], [2448, 804], [2463, 804], [2499, 783], [2522, 790], [2530, 773], [2544, 764]];[[2548, 751], [2546, 744], [2544, 742], [2542, 739], [2540, 737], [2536, 736], [2532, 734], [2508, 732], [2484, 734], [2478, 736], [2472, 738], [2464, 740], [2456, 742], [2450, 744], [2444, 746], [2438, 748], [2433, 757], [2449, 767], [2465, 769], [2463, 771], [2461, 773], [2459, 775], [2457, 777], [2455, 779], [2453, 781], [2451, 783], [2448, 786], [2446, 788], [2445, 791], [2443, 795], [2441, 797], [2442, 799], [2444, 801], [2454, 803], [2464, 801], [2468, 799], [2472, 797], [2474, 795], [2476, 793], [2478, 791], [2480, 789], [2482, 787], [2484, 785], [2488, 783], [2492, 781], [2498, 779], [2504, 781], [2508, 783], [2512, 785], [2514, 787], [2516, 789], [2518, 791], [2520, 789], [2522, 787], [2524, 783], [2526, 779], [2528, 777], [2530, 775], [2532, 773], [2534, 771], [2536, 769], [2538, 767], [2540, 765], [2542, 763], [2544, 761], [2546, 759]]
286;11;NA;0.95751953125;0.8555656841892029;0.9554279446601868;17371;19269;[2364, 336, 2565, 510];[2369, 336, 2568, 511];[[2493, 336], [2467, 336], [2454, 374], [2422, 358], [2416, 362], [2413, 374], [2427, 389], [2447, 406], [2485, 425], [2478, 433], [2449, 422], [2433, 421], [2425, 430], [2439, 447], [2384, 442], [2371, 450], [2364, 463], [2383, 471], [2369, 484], [2375, 504], [2396, 510], [2439, 504], [2489, 474], [2557, 472], [2563, 466], [2565, 447], [2545, 429], [2547, 403], [2535, 384], [2539, 371], [2534, 356], [2521, 378], [2533, 408], [2515, 412], [2490, 358], [2499, 344]];[[2536, 371], [2532, 360], [2528, 362], [2524, 364], [2521, 367], [2519, 371], [2517, 377], [2515, 383], [2512, 386], [2510, 388], [2508, 386], [2506, 383], [2504, 379], [2502, 376], [2500, 374], [2498, 371], [2496, 365], [2494, 359], [2492, 357], [2494, 355], [2496, 351], [2500, 347], [2504, 341], [2486, 336], [2468, 338], [2464, 340], [2461, 343], [2459, 347], [2456, 358], [2448, 368], [2440, 366], [2438, 363], [2436, 361], [2426, 360], [2417, 361], [2415, 363], [2413, 365], [2415, 367], [2417, 371], [2419, 375], [2421, 379], [2423, 383], [2425, 387], [2426, 391], [2428, 393], [2430, 395], [2432, 397], [2435, 399], [2437, 403], [2439, 407], [2441, 411], [2435, 415], [2429, 417], [2427, 419], [2425, 423], [2423, 427], [2420, 434], [2410, 440], [2400, 442], [2386, 444], [2373, 445], [2371, 447], [2369, 457], [2371, 467], [2373, 473], [2371, 479], [2369, 489], [2370, 499], [2372, 501], [2374, 503], [2376, 505], [2379, 507], [2381, 509], [2400, 511], [2420, 509], [2424, 507], [2428, 505], [2434, 503], [2440, 501], [2444, 499], [2448, 497], [2454, 495], [2460, 493], [2462, 491], [2464, 489], [2468, 487], [2472, 485], [2476, 483], [2480, 481], [2484, 479], [2488, 477], [2502, 475], [2516, 473], [2532, 471], [2548, 469], [2554, 467], [2560, 465], [2562, 463], [2564, 461], [2566, 459], [2568, 453], [2566, 448], [2564, 446], [2562, 444], [2560, 442], [2558, 440], [2556, 438], [2554, 435], [2552, 433], [2546, 431], [2540, 425], [2542, 419], [2544, 407], [2542, 395], [2540, 389], [2538, 383]]
287;718;NA;0.8955078125;0.8682908957684558;0.8269230723381042;5270;4929;[2110, 443, 2199, 538];[2101, 448, 2196, 539];[[2117, 444], [2114, 451], [2120, 487], [2110, 534], [2117, 538], [2132, 538], [2147, 529], [2158, 529], [2167, 535], [2189, 529], [2199, 516], [2190, 497], [2167, 480], [2132, 443]];[[2126, 448], [2117, 449], [2115, 451], [2113, 457], [2115, 463], [2117, 469], [2119, 475], [2121, 493], [2119, 511], [2117, 513], [2115, 515], [2113, 517], [2111, 519], [2109, 521], [2107, 523], [2104, 526], [2102, 528], [2101, 533], [2112, 539], [2124, 537], [2130, 535], [2136, 533], [2142, 531], [2148, 529], [2158, 527], [2168, 529], [2171, 531], [2173, 533], [2178, 535], [2184, 533], [2186, 531], [2188, 529], [2190, 527], [2192, 521], [2194, 515], [2196, 511], [2194, 507], [2192, 503], [2190, 500], [2188, 498], [2186, 496], [2184, 494], [2182, 491], [2180, 489], [2176, 488], [2172, 486], [2170, 483], [2168, 481], [2164, 480], [2160, 478], [2158, 475], [2156, 473], [2152, 472], [2148, 468], [2146, 463], [2144, 459], [2142, 456], [2140, 454], [2138, 451], [2136, 449]]
288;536;NA;0.91064453125;0.7590037627665293;0.7231075763702393;5519;4298;[2333, 839, 2413, 947];[2347, 843, 2417, 942];[[2368, 839], [2359, 849], [2355, 860], [2338, 867], [2333, 885], [2334, 896], [2341, 909], [2376, 940], [2399, 947], [2412, 937], [2413, 915], [2405, 905], [2402, 883], [2395, 871], [2391, 853], [2384, 846]];[[2368, 843], [2362, 847], [2359, 852], [2357, 864], [2355, 876], [2352, 883], [2350, 890], [2347, 899], [2349, 908], [2351, 911], [2355, 914], [2357, 918], [2359, 922], [2361, 925], [2364, 928], [2366, 933], [2370, 937], [2375, 939], [2392, 942], [2408, 940], [2410, 938], [2413, 934], [2416, 932], [2417, 928], [2415, 923], [2413, 918], [2411, 915], [2409, 912], [2405, 909], [2403, 902], [2401, 895], [2398, 890], [2396, 885], [2393, 873], [2392, 862], [2390, 860], [2387, 857], [2385, 855], [2382, 853], [2380, 850], [2377, 847], [2374, 845]]
289;572;NA;0.90869140625;0.924012726932435;0.912318766117096;5105;5175;[2184, 805, 2287, 871];[2185, 804, 2288, 875];[[2186, 810], [2203, 830], [2187, 841], [2184, 848], [2205, 871], [2255, 870], [2262, 862], [2286, 848], [2287, 836], [2274, 824], [2263, 822], [2258, 816], [2242, 807], [2202, 805], [2189, 807]];[[2186, 812], [2185, 813], [2186, 815], [2188, 817], [2191, 819], [2193, 821], [2196, 823], [2200, 825], [2203, 827], [2204, 830], [2198, 832], [2192, 834], [2188, 836], [2185, 845], [2186, 855], [2188, 857], [2190, 859], [2192, 861], [2194, 863], [2196, 865], [2198, 867], [2200, 869], [2203, 871], [2205, 873], [2206, 875], [2208, 873], [2214, 871], [2220, 869], [2222, 867], [2224, 869], [2236, 871], [2248, 869], [2252, 867], [2256, 865], [2258, 863], [2260, 861], [2262, 859], [2264, 857], [2272, 855], [2280, 853], [2282, 851], [2284, 847], [2286, 843], [2288, 839], [2286, 836], [2284, 834], [2282, 832], [2280, 830], [2278, 827], [2276, 825], [2272, 824], [2268, 822], [2264, 820], [2260, 818], [2256, 816], [2252, 814], [2248, 812], [2244, 810], [2238, 808], [2232, 806], [2212, 804], [2193, 805], [2191, 807], [2188, 810]]
290;268;NA;0.92578125;0.9009693974529557;0.9377239942550659;4805;5196;[2285, 713, 2377, 805];[2285, 714, 2379, 808];[[2320, 713], [2308, 727], [2308, 746], [2316, 754], [2316, 763], [2307, 768], [2291, 767], [2285, 772], [2295, 782], [2303, 784], [2320, 802], [2330, 805], [2350, 778], [2357, 775], [2362, 768], [2375, 763], [2377, 756], [2375, 729], [2371, 723], [2364, 720], [2346, 723], [2332, 714]];[[2370, 721], [2354, 719], [2337, 717], [2325, 714], [2314, 716], [2312, 718], [2309, 725], [2307, 733], [2304, 735], [2307, 737], [2309, 749], [2307, 761], [2304, 764], [2294, 767], [2285, 773], [2289, 779], [2294, 782], [2299, 784], [2304, 787], [2306, 789], [2308, 791], [2312, 795], [2314, 797], [2318, 798], [2323, 801], [2325, 803], [2328, 806], [2330, 808], [2332, 806], [2334, 804], [2336, 799], [2339, 795], [2341, 790], [2343, 785], [2346, 783], [2348, 780], [2351, 777], [2356, 775], [2361, 772], [2366, 770], [2370, 768], [2372, 766], [2375, 763], [2378, 760], [2379, 749], [2377, 737], [2374, 730], [2373, 724]]
291;978;NA;0.82568359375;0.867355259581408;0.8951463103294373;3570;3300;[2323, 628, 2404, 701];[2325, 632, 2404, 699];[[2323, 629], [2324, 669], [2335, 680], [2352, 680], [2359, 683], [2366, 701], [2370, 701], [2374, 683], [2403, 662], [2404, 651], [2385, 635], [2336, 635], [2329, 628]];[[2328, 632], [2325, 651], [2326, 671], [2328, 673], [2331, 675], [2333, 677], [2344, 679], [2356, 683], [2359, 687], [2361, 691], [2362, 695], [2364, 697], [2366, 699], [2368, 697], [2370, 695], [2372, 687], [2376, 679], [2380, 677], [2382, 675], [2384, 673], [2386, 671], [2388, 669], [2390, 667], [2392, 665], [2394, 663], [2396, 661], [2400, 659], [2404, 653], [2402, 648], [2400, 646], [2398, 643], [2396, 641], [2392, 640], [2388, 638], [2384, 636], [2380, 634], [2368, 632], [2356, 634], [2352, 636], [2348, 638], [2342, 640], [2336, 638], [2334, 635], [2332, 633]]
292;371;NA;0.92041015625;0.8806563898557931;0.8857493996620178;5864;5482;[1926, 154, 2000, 264];[1928, 159, 1998, 262];[[1947, 154], [1933, 160], [1926, 171], [1932, 183], [1938, 188], [1931, 198], [1932, 222], [1934, 225], [1954, 226], [1960, 255], [1973, 264], [1983, 264], [1995, 254], [2000, 236], [1998, 190], [1993, 181], [1992, 171], [1981, 161]];[[1956, 159], [1933, 160], [1930, 163], [1928, 172], [1930, 182], [1933, 203], [1934, 224], [1937, 226], [1944, 229], [1952, 234], [1954, 239], [1956, 244], [1959, 249], [1961, 253], [1965, 257], [1970, 260], [1977, 262], [1983, 260], [1986, 258], [1988, 251], [1991, 244], [1993, 239], [1995, 234], [1998, 210], [1995, 187], [1993, 179], [1991, 173], [1989, 171], [1987, 168], [1984, 166], [1981, 163], [1979, 160]]
293;567;NA;0.9091796875;0.8144993045897079;0.8754314184188843;5342;5095;[1989, 193, 2091, 284];[1996, 194, 2089, 287];[[2028, 193], [2015, 198], [1991, 233], [1989, 258], [1993, 263], [2005, 263], [2009, 260], [2015, 262], [2020, 268], [2023, 281], [2034, 284], [2051, 262], [2053, 250], [2056, 249], [2062, 255], [2085, 255], [2090, 252], [2091, 238], [2080, 224], [2072, 224], [2065, 217], [2057, 217], [2045, 205], [2043, 195]];[[2032, 194], [2017, 197], [2012, 203], [2007, 213], [2001, 224], [1996, 246], [2005, 265], [2016, 276], [2026, 287], [2035, 283], [2041, 278], [2046, 272], [2051, 267], [2058, 260], [2069, 254], [2078, 251], [2084, 246], [2089, 240], [2085, 237], [2080, 231], [2073, 224], [2067, 219], [2058, 215], [2048, 204]]
294;925;NA;0.85302734375;0.9028804486362477;0.864859402179718;3831;3634;[2331, 314, 2428, 363];[2333, 312, 2428, 359];[[2331, 323], [2334, 338], [2347, 350], [2361, 354], [2368, 360], [2388, 359], [2398, 363], [2409, 362], [2424, 352], [2428, 345], [2426, 329], [2417, 321], [2408, 320], [2399, 314], [2338, 314], [2334, 316]];[[2334, 320], [2333, 329], [2334, 339], [2336, 341], [2339, 343], [2341, 345], [2344, 347], [2348, 349], [2352, 351], [2356, 353], [2372, 355], [2388, 357], [2402, 359], [2416, 357], [2418, 355], [2420, 353], [2422, 351], [2424, 349], [2426, 347], [2428, 339], [2426, 332], [2424, 330], [2422, 328], [2420, 326], [2418, 323], [2416, 321], [2412, 320], [2408, 318], [2402, 316], [2396, 314], [2368, 312], [2341, 313], [2339, 315], [2336, 318]]
295;449;NA;0.91552734375;0.9065459903178278;0.8718487620353699;4578;4480;[2188, 450, 2272, 535];[2189, 456, 2272, 531];[[2261, 453], [2252, 450], [2244, 463], [2238, 463], [2231, 456], [2219, 457], [2207, 469], [2191, 476], [2188, 485], [2194, 493], [2194, 521], [2198, 533], [2208, 535], [2227, 526], [2230, 522], [2239, 519], [2258, 502], [2264, 493], [2266, 484], [2272, 477], [2272, 467]];[[2268, 459], [2258, 456], [2248, 458], [2238, 460], [2228, 458], [2224, 456], [2221, 457], [2219, 459], [2217, 461], [2215, 463], [2213, 465], [2211, 467], [2208, 470], [2204, 472], [2200, 474], [2194, 476], [2189, 487], [2191, 499], [2193, 513], [2194, 527], [2196, 529], [2206, 531], [2216, 529], [2220, 527], [2224, 525], [2228, 523], [2232, 521], [2236, 519], [2240, 517], [2244, 515], [2248, 513], [2250, 511], [2252, 509], [2254, 507], [2256, 505], [2258, 503], [2260, 499], [2262, 495], [2264, 493], [2266, 491], [2268, 487], [2270, 483], [2272, 473], [2270, 463]]
296;530;NA;0.91064453125;0.8322019516334324;0.8444444537162781;4609;4028;[1992, 310, 2092, 366];[1994, 312, 2089, 371];[[1992, 318], [1993, 350], [2000, 356], [2019, 363], [2035, 359], [2045, 366], [2051, 358], [2060, 353], [2077, 359], [2079, 354], [2087, 348], [2092, 336], [2088, 319], [2070, 311], [2001, 310], [1995, 312]];[[1996, 327], [1994, 339], [1995, 351], [1997, 353], [2000, 355], [2002, 357], [2017, 359], [2033, 365], [2037, 371], [2041, 369], [2043, 367], [2045, 365], [2047, 363], [2049, 361], [2051, 359], [2053, 357], [2055, 355], [2057, 353], [2063, 351], [2069, 353], [2071, 355], [2073, 353], [2077, 351], [2081, 349], [2083, 347], [2085, 345], [2087, 343], [2089, 335], [2087, 327], [2085, 323], [2083, 320], [2081, 318], [2075, 316], [2069, 314], [2033, 312], [1998, 319]]
297;291;NA;0.92431640625;0.880354505169867;0.9163636565208435;3894;3744;[1453, 456, 1516, 545];[1451, 459, 1516, 543];[[1458, 456], [1453, 466], [1456, 510], [1469, 528], [1473, 538], [1483, 541], [1487, 545], [1506, 539], [1516, 527], [1515, 499], [1496, 484], [1491, 471], [1469, 456]];[[1462, 459], [1451, 477], [1453, 496], [1456, 506], [1458, 516], [1460, 520], [1462, 524], [1464, 527], [1467, 529], [1469, 531], [1472, 535], [1475, 537], [1479, 539], [1484, 541], [1491, 543], [1497, 542], [1499, 539], [1502, 537], [1504, 535], [1507, 532], [1509, 530], [1512, 527], [1515, 524], [1516, 513], [1514, 501], [1511, 496], [1510, 493], [1507, 490], [1504, 487], [1502, 485], [1498, 483], [1493, 478], [1488, 473], [1484, 471], [1481, 469], [1479, 466], [1476, 463], [1473, 461]]
298;630;NA;0.90478515625;0.8729072645217645;0.8698949217796326;6412;6453;[1607, 452, 1755, 514];[1606, 456, 1753, 511];[[1755, 477], [1743, 463], [1725, 454], [1704, 452], [1675, 461], [1612, 466], [1607, 476], [1607, 490], [1625, 506], [1637, 509], [1646, 505], [1659, 505], [1671, 512], [1683, 514], [1693, 505], [1731, 503]];[[1608, 467], [1606, 475], [1609, 483], [1613, 487], [1615, 491], [1617, 493], [1620, 495], [1622, 497], [1625, 499], [1629, 501], [1637, 503], [1645, 505], [1657, 507], [1669, 509], [1675, 511], [1681, 509], [1701, 507], [1721, 505], [1729, 503], [1737, 501], [1739, 499], [1741, 497], [1743, 495], [1745, 493], [1747, 491], [1749, 489], [1751, 487], [1753, 479], [1751, 472], [1749, 470], [1747, 468], [1745, 466], [1743, 464], [1741, 462], [1739, 459], [1737, 457], [1699, 456], [1661, 458], [1643, 460], [1625, 462], [1617, 464], [1610, 465]]
299;905;NA;0.861328125;0.844289315493504;0.8321008682250977;4698;4813;[1580, 496, 1671, 579];[1578, 490, 1668, 574];[[1582, 573], [1586, 578], [1597, 579], [1613, 570], [1624, 568], [1631, 561], [1659, 560], [1671, 548], [1671, 537], [1650, 517], [1640, 514], [1629, 505], [1603, 496], [1600, 499], [1600, 504], [1605, 511], [1603, 519], [1593, 524], [1582, 537], [1580, 552]];[[1609, 490], [1599, 496], [1602, 502], [1605, 506], [1603, 511], [1598, 515], [1594, 519], [1592, 525], [1589, 532], [1584, 537], [1580, 540], [1578, 557], [1594, 574], [1612, 570], [1623, 567], [1634, 563], [1648, 559], [1661, 557], [1665, 553], [1668, 539], [1666, 526], [1662, 522], [1655, 519], [1648, 515], [1643, 511], [1640, 507], [1634, 505], [1627, 501], [1622, 496], [1618, 493]]
300;623;NA;0.9052734375;0.8928032209360846;0.8091602921485901;3854;3668;[1480, 49, 1539, 128];[1486, 52, 1541, 131];[[1492, 52], [1489, 55], [1489, 73], [1491, 76], [1483, 110], [1480, 114], [1482, 124], [1492, 128], [1501, 128], [1508, 125], [1535, 125], [1539, 116], [1539, 77], [1533, 62], [1521, 52], [1509, 49]];[[1507, 52], [1494, 53], [1492, 55], [1490, 65], [1488, 75], [1486, 79], [1488, 83], [1490, 89], [1488, 95], [1486, 107], [1488, 119], [1490, 123], [1491, 127], [1493, 129], [1499, 131], [1505, 129], [1509, 127], [1513, 125], [1517, 123], [1521, 125], [1523, 127], [1525, 125], [1531, 123], [1537, 119], [1539, 115], [1541, 97], [1539, 79], [1537, 73], [1535, 67], [1533, 63], [1531, 60], [1529, 58], [1525, 56], [1521, 54]]
301;822;NA;0.8818359375;0.8336559734513275;0.873980700969696;6917;6344;[1520, 548, 1591, 681];[1522, 548, 1585, 679];[[1576, 548], [1556, 549], [1551, 553], [1550, 563], [1540, 575], [1540, 586], [1530, 596], [1529, 611], [1521, 621], [1520, 664], [1534, 679], [1547, 679], [1566, 663], [1572, 680], [1576, 681], [1580, 675], [1574, 653], [1589, 625], [1590, 607], [1583, 594], [1591, 579], [1591, 564]];[[1565, 548], [1554, 549], [1552, 551], [1549, 554], [1547, 556], [1546, 561], [1544, 567], [1542, 573], [1540, 579], [1538, 583], [1536, 587], [1534, 591], [1532, 595], [1530, 601], [1528, 607], [1526, 629], [1524, 651], [1522, 659], [1523, 667], [1525, 669], [1528, 671], [1530, 673], [1541, 675], [1553, 673], [1559, 671], [1565, 673], [1567, 675], [1569, 677], [1571, 679], [1573, 677], [1575, 675], [1577, 667], [1579, 659], [1581, 657], [1583, 655], [1585, 615], [1583, 576], [1581, 574], [1579, 571], [1577, 559]]
302;16;NA;0.95556640625;0.8224492613557918;0.8556409478187561;6855;6345;[1688, 689, 1813, 787];[1695, 688, 1810, 781];[[1689, 733], [1688, 749], [1693, 758], [1708, 760], [1727, 750], [1738, 751], [1743, 756], [1742, 766], [1749, 771], [1762, 762], [1772, 762], [1805, 787], [1811, 783], [1813, 764], [1801, 740], [1801, 702], [1786, 691], [1773, 693], [1760, 689], [1746, 706], [1720, 718], [1704, 719]];[[1704, 720], [1695, 734], [1699, 749], [1704, 754], [1715, 759], [1724, 756], [1729, 750], [1737, 754], [1753, 759], [1769, 765], [1780, 770], [1790, 776], [1801, 781], [1810, 767], [1805, 750], [1799, 724], [1796, 699], [1790, 693], [1785, 688], [1780, 693], [1769, 699], [1758, 693], [1753, 688], [1747, 699], [1731, 709], [1715, 715]]
303;520;NA;0.9111328125;0.8691716481639624;0.944767415523529;5311;5633;[1754, 2, 1864, 68];[1751, 1, 1864, 67];[[1754, 9], [1754, 17], [1767, 38], [1766, 63], [1771, 68], [1790, 65], [1796, 60], [1812, 57], [1827, 60], [1845, 59], [1848, 52], [1864, 39], [1863, 22], [1852, 12], [1832, 11], [1817, 6], [1779, 5], [1773, 2], [1764, 3]];[[1786, 1], [1751, 15], [1753, 28], [1755, 31], [1758, 33], [1760, 36], [1763, 39], [1766, 51], [1770, 62], [1774, 64], [1782, 67], [1789, 64], [1793, 62], [1798, 59], [1808, 57], [1817, 59], [1832, 62], [1845, 60], [1848, 58], [1850, 55], [1852, 53], [1855, 50], [1858, 47], [1859, 43], [1862, 39], [1864, 29], [1863, 20], [1860, 18], [1857, 15], [1855, 13], [1851, 11], [1846, 9], [1834, 6], [1822, 4]]
304;467;NA;0.9140625;0.8296080336896663;0.9255695939064026;5416;5880;[1424, 587, 1525, 692];[1426, 588, 1529, 691];[[1488, 587], [1483, 595], [1482, 621], [1478, 625], [1457, 626], [1448, 635], [1434, 637], [1424, 648], [1424, 661], [1429, 665], [1459, 666], [1471, 670], [1480, 667], [1489, 657], [1497, 658], [1500, 661], [1493, 682], [1495, 690], [1500, 692], [1512, 683], [1514, 670], [1522, 660], [1525, 645], [1523, 611], [1500, 587]];[[1497, 588], [1486, 589], [1484, 591], [1481, 594], [1479, 596], [1478, 609], [1476, 623], [1473, 626], [1467, 628], [1461, 630], [1453, 632], [1445, 634], [1441, 636], [1437, 638], [1433, 640], [1430, 641], [1428, 643], [1426, 651], [1427, 659], [1429, 661], [1433, 663], [1437, 665], [1439, 667], [1441, 665], [1453, 663], [1465, 667], [1464, 671], [1462, 675], [1460, 679], [1458, 683], [1461, 687], [1465, 685], [1467, 683], [1469, 681], [1471, 679], [1473, 677], [1475, 675], [1477, 673], [1479, 671], [1481, 669], [1485, 667], [1489, 665], [1493, 663], [1497, 675], [1499, 687], [1501, 689], [1505, 691], [1509, 689], [1511, 687], [1513, 683], [1515, 679], [1517, 673], [1519, 667], [1521, 661], [1523, 655], [1525, 651], [1527, 647], [1529, 633], [1527, 619], [1525, 615], [1523, 612], [1521, 610], [1519, 607], [1517, 603], [1515, 600], [1513, 598], [1511, 595], [1509, 591]]
305;432;NA;0.91650390625;0.8960712212115347;0.9252361059188843;4764;5033;[1812, 610, 1921, 677];[1814, 608, 1921, 675];[[1812, 622], [1812, 634], [1817, 642], [1843, 659], [1853, 662], [1861, 670], [1871, 670], [1878, 677], [1892, 677], [1901, 671], [1908, 670], [1921, 658], [1908, 640], [1912, 630], [1901, 620], [1888, 619], [1878, 627], [1873, 626], [1855, 612], [1839, 610], [1823, 613]];[[1831, 608], [1818, 615], [1816, 623], [1814, 635], [1817, 647], [1821, 649], [1825, 651], [1829, 653], [1835, 655], [1841, 657], [1845, 659], [1849, 661], [1852, 663], [1854, 665], [1857, 667], [1861, 669], [1865, 671], [1869, 673], [1885, 675], [1901, 673], [1905, 671], [1909, 669], [1911, 667], [1913, 665], [1915, 663], [1917, 659], [1919, 655], [1921, 651], [1919, 647], [1917, 639], [1915, 632], [1913, 630], [1911, 627], [1909, 625], [1905, 624], [1901, 622], [1899, 619], [1897, 617], [1893, 616], [1889, 618], [1885, 620], [1881, 622], [1877, 624], [1873, 622], [1869, 620], [1865, 618], [1861, 616], [1857, 614], [1851, 612], [1845, 610]]
306;428;NA;0.91748046875;0.8960093896713615;0.9264367818832397;4177;3900;[1869, -1, 1965, 66];[1871, 1, 1964, 67];[[1869, 5], [1869, 12], [1875, 17], [1877, 24], [1937, 65], [1955, 66], [1964, 56], [1965, 36], [1949, 13], [1944, 10], [1942, 4], [1919, -1], [1898, -1], [1875, 2]];[[1906, 1], [1871, 10], [1872, 19], [1875, 21], [1877, 24], [1879, 26], [1882, 29], [1885, 32], [1889, 33], [1894, 36], [1897, 39], [1899, 41], [1903, 43], [1908, 45], [1913, 47], [1917, 50], [1920, 52], [1922, 55], [1925, 58], [1928, 60], [1932, 62], [1937, 64], [1946, 67], [1955, 65], [1957, 63], [1960, 59], [1963, 57], [1964, 43], [1960, 30], [1956, 28], [1952, 24], [1950, 17], [1948, 11], [1946, 9], [1943, 5], [1941, 3]]
307;21;NA;0.9521484375;0.8547552137257802;0.8513717651367188;6336;6204;[1447, 689, 1551, 795];[1450, 688, 1553, 807];[[1544, 689], [1517, 691], [1467, 730], [1457, 722], [1447, 725], [1452, 749], [1471, 770], [1476, 795], [1482, 793], [1485, 777], [1496, 767], [1507, 774], [1522, 777], [1529, 785], [1544, 782], [1551, 768], [1551, 758], [1545, 744], [1533, 738], [1525, 727], [1545, 708], [1547, 693]];[[1541, 690], [1531, 688], [1522, 689], [1520, 691], [1517, 694], [1513, 696], [1510, 697], [1508, 699], [1506, 701], [1504, 703], [1502, 705], [1500, 707], [1498, 709], [1496, 711], [1493, 714], [1489, 716], [1486, 717], [1484, 719], [1481, 722], [1477, 724], [1473, 726], [1467, 728], [1461, 726], [1455, 724], [1450, 737], [1452, 751], [1454, 757], [1455, 763], [1457, 765], [1460, 767], [1462, 769], [1465, 771], [1469, 773], [1472, 775], [1474, 787], [1475, 799], [1477, 801], [1480, 803], [1482, 805], [1483, 807], [1485, 799], [1487, 791], [1489, 781], [1491, 771], [1493, 769], [1503, 767], [1513, 769], [1516, 771], [1518, 773], [1521, 775], [1525, 777], [1529, 779], [1533, 781], [1537, 783], [1541, 781], [1545, 779], [1549, 777], [1551, 775], [1553, 769], [1551, 763], [1549, 759], [1547, 755], [1545, 751], [1543, 748], [1541, 746], [1539, 744], [1537, 742], [1535, 740], [1533, 738], [1531, 736], [1529, 734], [1527, 731], [1525, 727], [1527, 723], [1529, 721], [1531, 719], [1533, 717], [1535, 715], [1537, 713], [1539, 711], [1541, 707], [1543, 703], [1545, 697], [1543, 692]]
308;234;NA;0.9267578125;0.8775779574327669;0.8745920658111572;5649;5731;[1794, 812, 1916, 879];[1804, 810, 1917, 880];[[1915, 823], [1894, 812], [1869, 813], [1856, 817], [1848, 813], [1807, 813], [1797, 825], [1794, 835], [1805, 847], [1819, 851], [1822, 875], [1825, 878], [1837, 879], [1846, 872], [1856, 871], [1873, 858], [1894, 865], [1900, 851], [1916, 837]];[[1917, 833], [1915, 824], [1913, 822], [1910, 819], [1908, 817], [1905, 814], [1902, 811], [1884, 810], [1865, 812], [1836, 814], [1809, 816], [1806, 818], [1804, 830], [1805, 841], [1808, 844], [1811, 847], [1813, 852], [1816, 856], [1818, 861], [1820, 866], [1823, 871], [1824, 875], [1827, 877], [1834, 880], [1841, 877], [1846, 875], [1851, 872], [1855, 870], [1860, 868], [1865, 865], [1870, 863], [1875, 860], [1879, 863], [1882, 865], [1884, 868], [1886, 870], [1888, 868], [1890, 866], [1893, 864], [1895, 861], [1898, 859], [1900, 856], [1902, 854], [1905, 852], [1907, 849], [1910, 847], [1913, 844], [1915, 841]]
309;379;NA;0.91943359375;0.8552631578947368;0.9331421852111816;5676;5463;[1712, 567, 1821, 647];[1714, 568, 1817, 647];[[1712, 594], [1713, 614], [1724, 627], [1735, 631], [1755, 647], [1806, 647], [1820, 633], [1821, 614], [1795, 601], [1774, 577], [1758, 567], [1743, 569], [1749, 580], [1745, 590], [1737, 591], [1723, 586]];[[1717, 588], [1714, 601], [1716, 615], [1718, 619], [1721, 623], [1725, 625], [1729, 627], [1733, 629], [1737, 631], [1741, 633], [1744, 635], [1746, 637], [1751, 639], [1757, 641], [1771, 643], [1785, 645], [1793, 647], [1801, 645], [1805, 643], [1809, 641], [1811, 639], [1813, 633], [1815, 627], [1817, 617], [1813, 608], [1809, 606], [1801, 604], [1793, 602], [1791, 599], [1789, 595], [1787, 592], [1785, 590], [1783, 588], [1781, 586], [1779, 584], [1777, 582], [1775, 579], [1773, 573], [1767, 568], [1761, 570], [1757, 572], [1753, 570], [1747, 568], [1742, 569], [1740, 571], [1738, 575], [1736, 579], [1733, 582], [1727, 584], [1721, 586]]
310;71;NA;0.93896484375;0.8768281938325991;0.882676362991333;5498;5153;[1262, 78, 1365, 161];[1263, 82, 1361, 159];[[1262, 111], [1262, 121], [1281, 139], [1313, 141], [1343, 161], [1362, 160], [1365, 156], [1365, 130], [1359, 120], [1363, 104], [1348, 95], [1336, 92], [1330, 86], [1322, 86], [1315, 79], [1304, 78], [1297, 81], [1290, 100], [1273, 101]];[[1269, 104], [1263, 117], [1269, 130], [1276, 134], [1283, 137], [1290, 141], [1308, 144], [1326, 148], [1331, 153], [1335, 156], [1344, 159], [1354, 156], [1357, 153], [1361, 128], [1358, 104], [1355, 100], [1348, 97], [1340, 93], [1333, 90], [1326, 86], [1308, 82], [1290, 90], [1283, 97], [1276, 100]]
311;41;NA;0.943359375;0.9144724556489262;0.9573206901550293;5048;5204;[1234, 382, 1331, 467];[1235, 380, 1330, 467];[[1330, 385], [1321, 382], [1301, 383], [1270, 400], [1242, 428], [1241, 437], [1234, 444], [1234, 449], [1246, 463], [1256, 467], [1273, 455], [1283, 462], [1290, 450], [1320, 440], [1319, 429], [1331, 406]];[[1330, 399], [1328, 384], [1326, 382], [1314, 380], [1302, 382], [1298, 384], [1295, 385], [1293, 387], [1290, 390], [1286, 392], [1282, 394], [1278, 396], [1275, 397], [1273, 399], [1270, 402], [1266, 404], [1263, 405], [1261, 407], [1259, 409], [1257, 411], [1254, 414], [1252, 416], [1251, 419], [1249, 423], [1246, 426], [1244, 428], [1243, 431], [1241, 435], [1238, 438], [1236, 440], [1235, 449], [1236, 459], [1238, 461], [1242, 463], [1246, 465], [1254, 467], [1262, 465], [1272, 463], [1282, 457], [1286, 451], [1290, 449], [1298, 447], [1306, 445], [1310, 443], [1314, 441], [1316, 439], [1318, 437], [1320, 435], [1322, 433], [1324, 431], [1326, 423], [1328, 415]]
312;271;NA;0.92529296875;0.8766616187110887;0.8740500807762146;5853;5300;[1135, 382, 1239, 465];[1131, 384, 1234, 463];[[1217, 382], [1186, 382], [1163, 403], [1157, 416], [1149, 419], [1141, 412], [1136, 413], [1135, 446], [1145, 463], [1160, 465], [1176, 456], [1206, 456], [1229, 435], [1239, 413], [1222, 398]];[[1218, 395], [1216, 388], [1214, 386], [1202, 384], [1190, 386], [1186, 388], [1183, 389], [1181, 391], [1179, 393], [1177, 395], [1175, 397], [1173, 399], [1171, 401], [1169, 403], [1167, 405], [1165, 407], [1162, 410], [1160, 412], [1158, 416], [1150, 420], [1142, 418], [1138, 416], [1134, 414], [1132, 412], [1131, 417], [1133, 423], [1135, 437], [1137, 451], [1139, 455], [1142, 459], [1146, 461], [1150, 463], [1154, 461], [1168, 459], [1182, 457], [1194, 455], [1206, 453], [1208, 451], [1210, 449], [1212, 447], [1214, 445], [1216, 443], [1218, 441], [1222, 439], [1226, 435], [1228, 431], [1230, 429], [1232, 427], [1234, 419], [1232, 412], [1230, 410], [1228, 407], [1226, 405], [1222, 403]]
313;464;NA;0.9150390625;0.8175233644859813;0.9188429713249207;4120;3659;[1316, 40, 1426, 95];[1317, 44, 1426, 95];[[1425, 46], [1415, 40], [1391, 40], [1359, 44], [1338, 50], [1325, 56], [1316, 66], [1317, 87], [1352, 89], [1360, 95], [1371, 94], [1387, 76], [1402, 70], [1411, 70], [1423, 64], [1426, 55]];[[1317, 72], [1319, 81], [1321, 83], [1326, 86], [1331, 88], [1340, 90], [1350, 93], [1364, 95], [1378, 94], [1380, 91], [1383, 86], [1385, 82], [1387, 79], [1390, 77], [1393, 74], [1400, 71], [1407, 69], [1412, 67], [1416, 65], [1418, 63], [1422, 59], [1424, 57], [1426, 53], [1424, 49], [1422, 47], [1393, 44], [1365, 46], [1363, 48], [1360, 51], [1345, 54], [1331, 56], [1326, 59], [1322, 60], [1320, 63]]
314;626;NA;0.9052734375;0.8311051693404634;0.7823070287704468;4286;3932;[1165, 231, 1240, 317];[1174, 235, 1244, 319];[[1176, 231], [1167, 238], [1165, 247], [1168, 259], [1180, 270], [1181, 298], [1189, 301], [1202, 300], [1215, 316], [1224, 317], [1232, 310], [1240, 297], [1239, 268], [1230, 256], [1206, 237], [1198, 236], [1192, 231]];[[1188, 235], [1174, 253], [1177, 272], [1179, 275], [1177, 277], [1174, 282], [1176, 286], [1178, 288], [1181, 291], [1183, 293], [1186, 296], [1189, 299], [1195, 300], [1202, 303], [1205, 306], [1208, 311], [1212, 314], [1217, 317], [1219, 319], [1220, 318], [1223, 315], [1225, 313], [1228, 311], [1230, 308], [1232, 306], [1236, 303], [1238, 300], [1240, 296], [1242, 291], [1244, 284], [1242, 277], [1240, 272], [1237, 268], [1235, 263], [1233, 259], [1231, 256], [1228, 253], [1225, 251], [1221, 249], [1217, 247], [1213, 244], [1211, 241], [1207, 240], [1202, 237]]
315;471;NA;0.9140625;0.7821274298056156;0.8069742918014526;3682;2919;[891, 249, 956, 333];[898, 254, 958, 334];[[902, 250], [894, 257], [891, 269], [893, 290], [911, 317], [918, 324], [924, 325], [929, 331], [940, 333], [953, 331], [956, 328], [956, 301], [949, 287], [941, 282], [929, 264], [926, 255], [920, 254], [915, 249]];[[911, 254], [903, 256], [900, 258], [898, 277], [900, 296], [903, 301], [907, 305], [911, 307], [914, 310], [916, 312], [918, 314], [921, 317], [923, 319], [926, 322], [928, 324], [930, 326], [934, 330], [936, 332], [942, 334], [949, 331], [954, 329], [958, 318], [956, 306], [953, 301], [952, 297], [949, 295], [947, 292], [945, 290], [942, 287], [939, 282], [938, 278], [935, 276], [932, 272], [930, 268], [928, 264], [926, 261], [922, 258], [920, 256]]
316;610;NA;0.90673828125;0.7896587383660807;0.8730208277702332;4431;4222;[1020, 368, 1094, 453];[1020, 376, 1096, 452];[[1022, 383], [1020, 389], [1028, 397], [1030, 429], [1035, 439], [1061, 453], [1081, 453], [1092, 445], [1094, 437], [1093, 409], [1088, 399], [1063, 377], [1049, 368], [1045, 369], [1032, 381]];[[1026, 383], [1020, 385], [1022, 388], [1026, 391], [1030, 396], [1034, 407], [1030, 418], [1026, 422], [1022, 426], [1020, 439], [1029, 452], [1040, 449], [1051, 445], [1061, 449], [1069, 452], [1076, 449], [1083, 445], [1089, 443], [1092, 439], [1096, 428], [1092, 418], [1089, 410], [1087, 404], [1083, 401], [1079, 397], [1076, 394], [1072, 390], [1069, 387], [1064, 382], [1060, 378], [1047, 376], [1033, 379]]
317;15;NA;0.9560546875;0.615258530770377;0.7556033730506897;5034;5806;[1034, 326, 1129, 408];[1030, 333, 1123, 416];[[1034, 335], [1034, 355], [1051, 371], [1060, 374], [1083, 400], [1092, 402], [1099, 408], [1110, 408], [1127, 389], [1129, 373], [1120, 357], [1105, 344], [1102, 328], [1092, 328], [1085, 333], [1067, 333], [1055, 326], [1044, 326]];[[1071, 333], [1030, 342], [1036, 353], [1041, 364], [1036, 374], [1030, 385], [1034, 394], [1039, 400], [1046, 407], [1052, 412], [1066, 416], [1082, 405], [1093, 394], [1104, 400], [1109, 405], [1112, 401], [1118, 396], [1123, 374], [1118, 353], [1112, 342]]
318;311;NA;0.9228515625;0.8652011613438407;0.9131491184234619;4350;4644;[1358, 574, 1421, 671];[1359, 572, 1422, 675];[[1400, 574], [1379, 576], [1366, 593], [1365, 607], [1359, 616], [1358, 662], [1361, 669], [1369, 667], [1385, 671], [1397, 669], [1402, 661], [1400, 634], [1406, 629], [1415, 630], [1419, 627], [1421, 606], [1415, 598], [1406, 598], [1402, 594], [1403, 577]];[[1392, 572], [1379, 573], [1377, 575], [1374, 578], [1372, 580], [1371, 583], [1369, 587], [1366, 590], [1364, 592], [1363, 597], [1361, 603], [1359, 633], [1364, 663], [1370, 665], [1374, 667], [1378, 669], [1381, 671], [1383, 673], [1388, 675], [1394, 673], [1396, 671], [1398, 669], [1400, 667], [1402, 651], [1404, 635], [1406, 633], [1412, 631], [1418, 629], [1420, 627], [1422, 613], [1420, 600], [1418, 598], [1414, 596], [1410, 594], [1408, 591], [1406, 589], [1408, 587], [1410, 585], [1408, 583], [1406, 577]]
319;250;NA;0.92626953125;0.867011098354382;0.872003436088562;4796;4961;[1279, 457, 1342, 559];[1277, 462, 1346, 559];[[1329, 457], [1305, 459], [1292, 480], [1279, 494], [1279, 542], [1289, 559], [1307, 559], [1310, 539], [1313, 535], [1320, 535], [1327, 543], [1332, 540], [1332, 521], [1341, 505], [1339, 487], [1342, 477], [1338, 465]];[[1340, 465], [1319, 462], [1299, 464], [1295, 468], [1292, 475], [1288, 482], [1284, 489], [1281, 496], [1277, 525], [1280, 552], [1283, 556], [1298, 559], [1311, 553], [1314, 546], [1319, 542], [1326, 538], [1332, 528], [1336, 518], [1339, 511], [1343, 503], [1346, 500], [1343, 496], [1339, 489], [1343, 482], [1346, 475], [1344, 469]]
320;309;NA;0.9228515625;0.8883668483367788;0.8258610367774963;5052;4996;[985, 172, 1089, 243];[987, 176, 1090, 251];[[986, 188], [985, 209], [995, 222], [1018, 230], [1035, 230], [1048, 243], [1058, 236], [1077, 234], [1089, 225], [1089, 212], [1076, 201], [1073, 177], [1069, 177], [1062, 186], [1055, 188], [1023, 175], [1003, 172], [995, 175]];[[989, 187], [987, 199], [988, 211], [990, 213], [992, 215], [994, 217], [997, 219], [999, 221], [1004, 223], [1010, 225], [1016, 227], [1022, 229], [1030, 231], [1038, 233], [1041, 235], [1043, 237], [1041, 239], [1039, 245], [1040, 251], [1042, 249], [1044, 247], [1046, 245], [1050, 243], [1054, 241], [1056, 239], [1058, 237], [1068, 235], [1078, 233], [1080, 231], [1082, 229], [1084, 227], [1086, 225], [1088, 223], [1090, 219], [1088, 215], [1086, 211], [1084, 208], [1082, 206], [1080, 203], [1078, 193], [1076, 183], [1074, 179], [1068, 176], [1062, 180], [1050, 184], [1038, 182], [1030, 180], [1022, 178], [1008, 176], [995, 177], [993, 179], [991, 183]]
321;451;NA;0.91552734375;0.7943449959316518;0.7931727170944214;4864;3957;[918, 179, 1002, 262];[922, 183, 1001, 253];[[958, 179], [947, 187], [946, 195], [921, 222], [918, 251], [922, 254], [940, 254], [956, 246], [969, 260], [976, 262], [993, 260], [1000, 252], [1002, 245], [1001, 228], [996, 220], [995, 207], [976, 186], [966, 179]];[[961, 183], [946, 187], [943, 191], [941, 196], [938, 201], [936, 206], [934, 210], [930, 214], [928, 216], [926, 220], [924, 225], [922, 237], [923, 248], [926, 250], [933, 253], [939, 251], [942, 249], [945, 245], [949, 243], [954, 245], [959, 248], [964, 250], [976, 253], [987, 251], [989, 249], [992, 246], [994, 244], [996, 241], [999, 239], [1001, 237], [999, 234], [996, 227], [994, 220], [992, 215], [989, 210], [987, 206], [984, 201], [982, 196], [980, 191], [977, 187]]
322;785;NA;0.88720703125;0.8678870754300838;0.8755152225494385;4306;4163;[1109, 217, 1172, 308];[1113, 218, 1175, 309];[[1146, 217], [1133, 218], [1124, 223], [1117, 232], [1116, 241], [1111, 246], [1111, 261], [1116, 274], [1110, 284], [1109, 296], [1115, 303], [1128, 308], [1146, 304], [1153, 297], [1154, 288], [1162, 275], [1172, 265], [1170, 242], [1159, 226], [1152, 219]];[[1162, 222], [1144, 218], [1127, 221], [1123, 224], [1120, 232], [1116, 239], [1113, 271], [1119, 302], [1126, 305], [1133, 309], [1140, 305], [1147, 302], [1153, 292], [1157, 282], [1162, 277], [1165, 273], [1168, 264], [1171, 253], [1175, 239], [1169, 226]]
323;581;NA;0.908203125;0.892433234421365;0.9213917255401611;3951;3702;[1263, 172, 1360, 228];[1267, 172, 1358, 227];[[1263, 220], [1271, 227], [1284, 228], [1299, 223], [1316, 222], [1322, 218], [1337, 217], [1354, 204], [1359, 197], [1360, 187], [1358, 184], [1338, 178], [1330, 172], [1321, 178], [1308, 178], [1290, 172], [1282, 173], [1276, 179], [1275, 187], [1277, 191], [1269, 197], [1263, 207]];[[1358, 193], [1356, 188], [1354, 186], [1352, 183], [1350, 181], [1344, 180], [1338, 178], [1334, 176], [1330, 174], [1324, 172], [1319, 173], [1317, 175], [1314, 178], [1310, 180], [1306, 178], [1292, 176], [1279, 177], [1277, 179], [1275, 185], [1276, 191], [1278, 193], [1277, 195], [1274, 198], [1270, 200], [1267, 211], [1268, 223], [1270, 225], [1280, 227], [1290, 225], [1306, 223], [1322, 221], [1330, 219], [1338, 217], [1340, 215], [1342, 213], [1344, 211], [1346, 209], [1348, 207], [1350, 205], [1352, 203], [1354, 201], [1356, 199]]
324;414;NA;0.91845703125;0.8026394721055788;0.8207657337188721;4674;4341;[1162, 605, 1265, 678];[1163, 612, 1268, 674];[[1263, 607], [1261, 605], [1233, 605], [1225, 609], [1203, 611], [1165, 631], [1162, 637], [1162, 649], [1177, 663], [1181, 677], [1185, 678], [1191, 662], [1202, 668], [1212, 661], [1244, 651], [1262, 638], [1265, 630]];[[1163, 643], [1165, 660], [1169, 663], [1174, 668], [1177, 672], [1183, 674], [1190, 670], [1197, 667], [1205, 670], [1208, 674], [1211, 672], [1214, 668], [1219, 660], [1230, 652], [1240, 649], [1247, 645], [1253, 643], [1257, 639], [1262, 635], [1265, 631], [1268, 621], [1233, 612], [1197, 615], [1187, 619], [1176, 623], [1169, 626]]
325;185;NA;0.93017578125;0.878466406104597;0.8996343016624451;4765;5328;[1081, 758, 1162, 842];[1079, 760, 1166, 843];[[1085, 765], [1081, 783], [1087, 801], [1105, 818], [1106, 827], [1127, 837], [1131, 842], [1147, 841], [1162, 813], [1162, 809], [1153, 802], [1154, 796], [1159, 790], [1158, 774], [1154, 772], [1147, 777], [1127, 763], [1106, 758], [1096, 758]];[[1106, 760], [1087, 761], [1085, 763], [1082, 766], [1080, 768], [1079, 781], [1080, 795], [1082, 797], [1084, 799], [1086, 801], [1088, 803], [1090, 805], [1092, 807], [1094, 809], [1097, 811], [1099, 821], [1106, 831], [1114, 833], [1118, 835], [1122, 837], [1126, 839], [1130, 841], [1138, 843], [1146, 841], [1148, 839], [1150, 837], [1152, 835], [1154, 833], [1156, 831], [1158, 827], [1160, 823], [1162, 819], [1164, 815], [1166, 813], [1164, 811], [1162, 807], [1160, 803], [1158, 797], [1160, 791], [1162, 781], [1160, 772], [1158, 770], [1152, 768], [1147, 769], [1145, 771], [1142, 770], [1138, 768], [1134, 766], [1130, 764], [1126, 762]]
326;133;NA;0.93359375;0.8099827032369656;0.8720612525939941;4044;3281;[1014, 241, 1107, 300];[1019, 244, 1106, 299];[[1105, 248], [1082, 242], [1073, 242], [1067, 245], [1059, 245], [1055, 241], [1045, 242], [1016, 270], [1014, 274], [1015, 293], [1024, 300], [1041, 300], [1066, 290], [1073, 294], [1082, 293], [1086, 284], [1105, 267], [1107, 261]];[[1106, 255], [1104, 252], [1102, 250], [1100, 247], [1098, 245], [1078, 244], [1058, 246], [1054, 248], [1051, 249], [1049, 251], [1046, 254], [1042, 256], [1038, 258], [1034, 260], [1031, 261], [1029, 263], [1026, 266], [1024, 268], [1023, 271], [1021, 275], [1019, 285], [1020, 295], [1022, 297], [1032, 299], [1042, 297], [1048, 295], [1054, 293], [1060, 291], [1066, 289], [1068, 287], [1070, 289], [1076, 291], [1082, 289], [1084, 287], [1086, 283], [1088, 279], [1090, 277], [1092, 275], [1094, 273], [1096, 271], [1098, 269], [1100, 267], [1102, 263], [1104, 259]]
327;863;NA;0.8740234375;0.8803879310344828;0.8128038644790649;2729;2506;[108, 296, 168, 356];[106, 302, 167, 353];[[163, 297], [156, 296], [138, 304], [118, 309], [109, 315], [108, 335], [118, 348], [133, 356], [144, 356], [155, 351], [164, 337], [168, 327], [168, 314], [165, 310]];[[125, 307], [116, 308], [113, 311], [110, 314], [108, 316], [106, 327], [110, 338], [115, 341], [117, 343], [120, 345], [123, 349], [125, 351], [139, 353], [152, 351], [155, 349], [158, 345], [160, 343], [162, 339], [164, 334], [167, 320], [165, 307], [163, 304], [148, 302], [134, 304]]
328;503;NA;0.91162109375;0.843445287107259;0.9241854548454285;3688;3118;[507, 553, 583, 616];[508, 556, 583, 615];[[524, 554], [520, 562], [519, 580], [507, 594], [507, 605], [516, 614], [529, 616], [554, 615], [564, 608], [572, 607], [581, 598], [583, 578], [579, 569], [571, 565], [564, 565], [551, 555], [538, 553]];[[535, 556], [524, 559], [522, 563], [520, 571], [521, 579], [523, 581], [522, 583], [520, 585], [518, 587], [515, 590], [511, 592], [508, 599], [509, 607], [511, 609], [515, 611], [519, 613], [531, 615], [543, 613], [551, 611], [559, 609], [565, 607], [571, 605], [575, 603], [579, 599], [581, 595], [583, 589], [581, 583], [579, 577], [577, 572], [575, 570], [567, 568], [560, 569], [558, 571], [555, 570], [553, 567], [551, 563], [549, 560], [547, 558]]
329;958;NA;0.8408203125;0.8193290243151738;0.7447633743286133;2820;3091;[45, 405, 109, 469];[49, 402, 119, 472];[[106, 410], [96, 405], [72, 406], [45, 417], [45, 424], [61, 438], [61, 463], [65, 468], [71, 469], [86, 464], [99, 449], [106, 437], [109, 424]];[[119, 406], [101, 402], [82, 404], [77, 407], [73, 408], [71, 411], [67, 414], [63, 416], [58, 414], [55, 411], [54, 413], [51, 415], [49, 423], [54, 430], [59, 449], [60, 467], [63, 469], [72, 472], [81, 470], [83, 468], [86, 465], [88, 463], [90, 461], [93, 458], [96, 455], [98, 453], [100, 449], [102, 444], [105, 437], [107, 430], [109, 425], [112, 420], [114, 415], [117, 411]]
330;969;NA;0.83203125;0.73061863743148;0.6307983994483948;3717;2913;[67, 604, 131, 690];[68, 628, 127, 695];[[118, 604], [105, 604], [98, 612], [96, 621], [90, 630], [74, 647], [67, 666], [68, 678], [71, 684], [95, 690], [104, 690], [113, 685], [119, 676], [126, 658], [131, 632], [122, 617]];[[123, 631], [107, 628], [92, 629], [90, 631], [88, 633], [86, 635], [83, 638], [81, 640], [80, 643], [78, 647], [76, 649], [74, 651], [71, 654], [69, 656], [68, 663], [70, 671], [72, 673], [70, 675], [68, 681], [73, 687], [79, 689], [82, 691], [84, 693], [87, 695], [91, 693], [97, 691], [103, 689], [105, 687], [107, 685], [109, 683], [111, 681], [113, 679], [115, 677], [117, 675], [119, 671], [121, 667], [123, 661], [125, 655], [127, 645], [125, 635]]
331;891;NA;0.8662109375;0.8381851560451088;0.7771990895271301;3687;3322;[563, 352, 623, 435];[568, 356, 619, 439];[[591, 352], [584, 354], [577, 363], [574, 372], [569, 376], [567, 391], [563, 399], [564, 409], [570, 422], [582, 432], [591, 435], [603, 435], [614, 432], [621, 425], [623, 408], [606, 362], [600, 353]];[[603, 358], [591, 356], [580, 359], [578, 363], [576, 367], [574, 371], [572, 375], [570, 379], [568, 401], [570, 423], [572, 427], [573, 431], [575, 433], [578, 435], [580, 437], [585, 439], [591, 437], [599, 435], [607, 433], [609, 431], [611, 429], [613, 427], [615, 425], [617, 423], [619, 415], [617, 407], [615, 401], [613, 395], [611, 383], [609, 371], [607, 365], [605, 360]]
332;645;NA;0.9033203125;0.8332001065814015;0.8749348521232605;3689;3191;[723, 78, 795, 155];[726, 82, 796, 157];[[789, 78], [776, 78], [767, 86], [750, 108], [727, 124], [723, 139], [729, 149], [745, 155], [764, 155], [779, 147], [792, 133], [795, 123], [793, 84]];[[791, 94], [783, 82], [774, 84], [771, 86], [768, 90], [766, 92], [764, 96], [762, 101], [760, 103], [757, 105], [755, 108], [752, 110], [749, 113], [742, 116], [736, 117], [733, 120], [730, 123], [728, 125], [726, 136], [730, 148], [735, 150], [742, 152], [749, 155], [754, 157], [759, 155], [766, 152], [773, 150], [778, 148], [782, 146], [784, 144], [787, 141], [789, 139], [792, 136], [795, 133], [796, 129], [794, 125], [791, 120], [789, 115], [787, 110], [789, 105]]
333;404;NA;0.91845703125;0.702557200538358;0.7840183973312378;3715;2610;[271, 351, 339, 434];[280, 356, 339, 431];[[329, 351], [304, 351], [290, 364], [287, 373], [271, 395], [272, 411], [280, 430], [284, 434], [293, 434], [306, 426], [317, 413], [318, 406], [335, 382], [339, 365], [336, 358]];[[335, 359], [319, 356], [304, 357], [302, 359], [300, 361], [298, 363], [295, 366], [293, 368], [292, 371], [290, 375], [288, 381], [286, 387], [284, 393], [282, 399], [280, 415], [287, 431], [295, 429], [297, 427], [299, 425], [305, 423], [311, 417], [313, 411], [315, 405], [317, 399], [319, 395], [321, 391], [323, 389], [325, 387], [327, 385], [329, 383], [331, 381], [333, 379], [335, 373], [337, 367], [339, 365], [337, 363]]
334;534;NA;0.91064453125;0.8058671268334772;0.8903437256813049;4259;4113;[100, 599, 202, 665];[97, 597, 205, 663];[[100, 610], [101, 627], [111, 641], [134, 643], [155, 659], [166, 660], [173, 665], [191, 665], [201, 658], [202, 639], [195, 634], [192, 628], [167, 613], [158, 613], [138, 602], [122, 599], [109, 601]];[[98, 607], [97, 613], [105, 620], [115, 622], [120, 624], [125, 629], [128, 635], [130, 640], [132, 644], [134, 646], [137, 649], [140, 651], [144, 653], [148, 655], [156, 658], [163, 660], [179, 663], [195, 661], [198, 659], [201, 655], [203, 653], [205, 647], [202, 640], [200, 635], [198, 631], [196, 628], [193, 625], [191, 623], [187, 621], [182, 619], [177, 616], [172, 614], [165, 612], [158, 609], [153, 607], [148, 605], [141, 602], [134, 600], [120, 597], [106, 599], [104, 601], [101, 605]]
335;52;NA;0.94189453125;0.9208484221417486;0.9225678443908691;3760;3666;[627, 629, 696, 712];[628, 628, 699, 711];[[693, 629], [671, 629], [660, 637], [653, 637], [627, 664], [627, 697], [638, 709], [655, 712], [670, 697], [679, 693], [682, 680], [674, 673], [674, 669], [696, 643], [696, 632]];[[691, 630], [679, 628], [668, 629], [666, 631], [663, 634], [659, 636], [655, 638], [651, 640], [648, 641], [646, 643], [644, 645], [642, 647], [640, 649], [638, 651], [635, 654], [633, 656], [632, 659], [630, 663], [628, 681], [629, 699], [631, 701], [633, 703], [635, 705], [638, 707], [640, 709], [649, 711], [659, 709], [661, 707], [663, 703], [665, 699], [667, 697], [669, 695], [671, 693], [675, 691], [679, 687], [681, 683], [683, 677], [679, 672], [675, 668], [677, 663], [679, 661], [681, 659], [683, 657], [685, 655], [687, 653], [689, 651], [691, 649], [693, 647], [695, 645], [697, 643], [699, 641], [697, 639], [695, 635], [693, 632]]
336;388;NA;0.9189453125;0.8665523156089194;0.8294998407363892;5102;5780;[839, 573, 910, 669];[831, 572, 914, 671];[[906, 575], [900, 573], [881, 575], [866, 589], [860, 602], [850, 601], [844, 606], [839, 625], [840, 658], [845, 667], [850, 669], [870, 668], [875, 663], [885, 660], [901, 644], [903, 632], [908, 623], [910, 585]];[[906, 575], [892, 572], [879, 573], [877, 575], [875, 577], [873, 579], [871, 581], [869, 583], [866, 586], [864, 588], [862, 592], [854, 596], [846, 594], [842, 592], [839, 599], [835, 607], [831, 619], [833, 631], [835, 635], [837, 639], [839, 651], [840, 663], [842, 665], [846, 667], [850, 669], [856, 671], [862, 669], [868, 667], [874, 665], [878, 663], [882, 661], [884, 659], [886, 657], [888, 655], [890, 653], [892, 651], [894, 649], [896, 647], [898, 645], [900, 643], [902, 639], [904, 635], [906, 629], [908, 623], [910, 613], [912, 603], [914, 595], [912, 587], [910, 583], [908, 579]]
337;376;NA;0.91943359375;0.8899270738377393;0.9150987267494202;4289;4004;[630, 299, 739, 358];[631, 300, 738, 355];[[739, 311], [731, 304], [714, 299], [664, 304], [659, 308], [648, 309], [631, 319], [630, 337], [643, 344], [656, 345], [665, 350], [672, 358], [682, 358], [686, 347], [697, 339], [721, 338], [734, 333], [739, 327]];[[631, 329], [634, 339], [638, 341], [642, 343], [646, 345], [648, 347], [650, 345], [656, 343], [662, 345], [664, 347], [666, 349], [669, 351], [671, 353], [674, 355], [678, 353], [680, 351], [682, 349], [684, 347], [686, 345], [690, 343], [694, 341], [698, 339], [702, 337], [712, 335], [722, 333], [726, 331], [730, 329], [732, 327], [734, 325], [736, 323], [738, 315], [736, 308], [734, 306], [732, 303], [730, 301], [700, 300], [670, 302], [662, 304], [654, 306], [650, 308], [646, 310], [642, 312], [639, 313], [637, 315], [634, 318], [632, 320]]
338;437;NA;0.916015625;0.9118435155412647;0.9141013622283936;3671;3464;[482, 479, 541, 568];[484, 480, 543, 567];[[531, 479], [514, 479], [498, 497], [497, 504], [490, 514], [488, 527], [483, 532], [482, 558], [491, 568], [498, 568], [510, 561], [535, 536], [539, 529], [541, 521], [540, 496]];[[535, 487], [523, 480], [512, 481], [510, 483], [508, 485], [506, 487], [503, 490], [501, 492], [500, 495], [498, 499], [496, 503], [494, 507], [492, 513], [490, 519], [488, 525], [486, 531], [484, 547], [487, 563], [491, 565], [499, 567], [507, 565], [509, 563], [511, 561], [513, 559], [515, 555], [517, 551], [519, 549], [521, 547], [523, 545], [527, 543], [531, 541], [533, 539], [535, 533], [537, 527], [539, 519], [541, 511], [543, 505], [541, 500], [539, 498], [537, 495]]
339;-1;NA;NA;0.0;0.0;3003;0;[261, 775, 328, 842];[];[[264, 779], [261, 784], [261, 799], [271, 810], [274, 818], [294, 838], [302, 842], [311, 842], [321, 833], [328, 821], [328, 811], [323, 802], [310, 789], [297, 783], [293, 779], [276, 775]];[]
340;256;NA;0.92578125;0.8763020833333334;0.9115138649940491;4487;4159;[456, 166, 523, 264];[460, 168, 523, 263];[[513, 166], [497, 166], [489, 172], [481, 173], [477, 179], [459, 189], [456, 194], [456, 210], [467, 239], [468, 252], [481, 264], [493, 263], [506, 256], [510, 250], [504, 226], [508, 221], [510, 208], [523, 184], [522, 175]];[[519, 170], [503, 168], [488, 169], [486, 171], [484, 173], [482, 175], [480, 177], [478, 179], [476, 181], [474, 183], [472, 185], [470, 187], [467, 190], [465, 192], [464, 195], [462, 199], [460, 209], [462, 219], [464, 225], [466, 231], [468, 239], [470, 247], [472, 251], [473, 255], [475, 257], [478, 259], [480, 261], [485, 263], [491, 261], [495, 259], [499, 257], [501, 255], [503, 253], [507, 251], [511, 245], [509, 239], [507, 227], [509, 215], [511, 211], [513, 207], [515, 203], [517, 199], [519, 195], [521, 191], [523, 181], [521, 172]]
341;678;NA;0.89892578125;0.8394573205200678;0.8550386428833008;5240;4522;[729, 236, 813, 326];[732, 240, 815, 331];[[731, 238], [729, 257], [735, 270], [747, 284], [748, 300], [754, 312], [763, 320], [784, 320], [795, 326], [800, 325], [803, 319], [802, 310], [813, 297], [813, 274], [806, 259], [785, 241], [776, 243], [765, 251], [752, 238], [741, 236]];[[741, 240], [732, 251], [734, 263], [736, 267], [737, 271], [739, 273], [743, 275], [747, 279], [750, 283], [752, 293], [754, 303], [756, 309], [757, 315], [759, 317], [763, 319], [767, 317], [775, 315], [783, 317], [785, 319], [787, 321], [789, 323], [791, 325], [793, 327], [795, 329], [797, 331], [799, 329], [801, 327], [803, 325], [801, 323], [799, 315], [801, 307], [803, 305], [807, 303], [811, 301], [813, 299], [815, 297], [813, 296], [811, 294], [809, 291], [807, 287], [809, 283], [811, 279], [809, 275], [807, 271], [805, 268], [803, 266], [801, 263], [799, 259], [797, 255], [795, 251], [793, 248], [791, 246], [789, 243], [787, 241], [783, 240], [780, 241], [778, 243], [776, 245], [774, 247], [771, 250], [765, 252], [759, 250], [757, 248], [755, 246], [753, 243], [751, 241]]
342;489;NA;0.91259765625;0.8412540432943518;0.8594885468482971;3966;3434;[362, 194, 429, 294];[364, 200, 431, 291];[[374, 194], [362, 202], [362, 236], [368, 248], [369, 289], [376, 294], [385, 294], [394, 281], [394, 246], [409, 243], [414, 237], [423, 233], [429, 226], [429, 210], [421, 205], [401, 207], [391, 199]];[[377, 200], [368, 201], [366, 203], [364, 219], [366, 235], [368, 259], [369, 283], [371, 285], [374, 287], [376, 289], [381, 291], [387, 289], [389, 287], [391, 283], [393, 279], [395, 263], [397, 247], [399, 245], [403, 243], [407, 241], [409, 239], [411, 237], [415, 235], [419, 233], [421, 231], [423, 229], [425, 227], [427, 225], [429, 223], [431, 219], [429, 216], [427, 214], [425, 211], [423, 209], [419, 208], [415, 210], [409, 212], [403, 210], [397, 208], [391, 206], [389, 203], [387, 201]]
343;519;NA;0.9111328125;0.8854565336249317;0.950419545173645;3417;3480;[381, 149, 473, 206];[383, 149, 472, 205];[[473, 164], [467, 154], [452, 149], [397, 153], [382, 166], [381, 184], [385, 188], [426, 189], [429, 191], [428, 203], [432, 206], [439, 201], [440, 192], [443, 189], [450, 187], [459, 190], [466, 184]];[[383, 175], [387, 186], [392, 188], [406, 191], [420, 193], [423, 196], [426, 201], [430, 205], [434, 203], [436, 201], [439, 195], [444, 191], [449, 188], [456, 186], [462, 184], [465, 182], [467, 177], [469, 172], [472, 165], [470, 159], [468, 156], [465, 153], [462, 151], [430, 149], [397, 151], [395, 153], [392, 156], [390, 158], [387, 161], [384, 164]]
344;491;NA;0.91259765625;0.8725815907758452;0.9153106212615967;4768;4814;[1637, 358, 1741, 436];[1642, 360, 1741, 435];[[1638, 361], [1637, 377], [1644, 387], [1645, 395], [1664, 413], [1676, 415], [1683, 422], [1693, 422], [1699, 429], [1711, 430], [1718, 436], [1731, 430], [1741, 419], [1741, 401], [1730, 391], [1721, 391], [1710, 385], [1704, 361], [1687, 373], [1676, 367], [1661, 365], [1652, 358]];[[1644, 363], [1642, 381], [1643, 399], [1645, 401], [1647, 403], [1649, 405], [1652, 407], [1654, 409], [1657, 411], [1661, 413], [1667, 415], [1673, 417], [1677, 419], [1681, 421], [1687, 423], [1693, 425], [1699, 427], [1705, 429], [1709, 431], [1713, 433], [1721, 435], [1729, 433], [1731, 431], [1733, 427], [1735, 423], [1737, 417], [1739, 411], [1741, 407], [1739, 403], [1737, 399], [1735, 396], [1733, 394], [1723, 392], [1713, 390], [1711, 387], [1709, 383], [1707, 379], [1705, 371], [1703, 364], [1701, 362], [1697, 360], [1694, 361], [1692, 363], [1689, 366], [1681, 368], [1673, 366], [1669, 364], [1665, 362], [1655, 360], [1646, 361]]
345;-1;NA;NA;0.0;0.0;1596;0;[2714, 2985, 2756, 3038];[];[[2731, 2990], [2725, 3013], [2715, 3030], [2714, 3038], [2753, 3037], [2756, 3017], [2751, 2990], [2745, 2985]];[]
346;853;NA;0.8759765625;0.7672209026128266;0.7414845824241638;3911;3529;[2553, 2933, 2624, 3017];[2552, 2948, 2627, 3013];[[2567, 2956], [2566, 2956], [2564, 2955], [2561, 2954], [2559, 2953], [2556, 2952], [2554, 2951], [2553, 2951], [2555, 2978], [2575, 3004], [2598, 3017], [2622, 3017], [2620, 2986], [2619, 2965], [2624, 2939], [2607, 2933], [2602, 2954]];[[2554, 2958], [2552, 2966], [2555, 2976], [2557, 2981], [2559, 2985], [2561, 2987], [2564, 2990], [2567, 2993], [2571, 2994], [2575, 2997], [2578, 2999], [2580, 3001], [2583, 3005], [2586, 3007], [2590, 3009], [2595, 3011], [2604, 3013], [2614, 3011], [2618, 3009], [2622, 3005], [2625, 3000], [2627, 2993], [2625, 2986], [2622, 2981], [2620, 2976], [2618, 2966], [2616, 2958], [2614, 2955], [2610, 2952], [2608, 2950], [2604, 2948], [2599, 2951], [2585, 2953], [2571, 2951], [2566, 2948], [2562, 2950], [2560, 2952], [2556, 2955]]
347;874;NA;0.87060546875;0.7692307692307693;0.806584358215332;2674;2961;[2607, 2865, 2656, 2953];[2605, 2877, 2656, 2956];[[2656, 2949], [2651, 2933], [2634, 2903], [2641, 2881], [2621, 2865], [2611, 2884], [2609, 2915], [2607, 2933], [2621, 2953]];[[2621, 2877], [2610, 2883], [2607, 2890], [2605, 2919], [2609, 2947], [2614, 2949], [2617, 2952], [2619, 2955], [2633, 2956], [2646, 2955], [2649, 2952], [2652, 2949], [2654, 2947], [2656, 2940], [2653, 2933], [2651, 2928], [2649, 2924], [2646, 2919], [2644, 2914], [2641, 2907], [2639, 2900], [2637, 2890], [2635, 2881], [2633, 2879]]
348;-1;NA;NA;0.0;0.0;2744;0;[2984, 2967, 3035, 3038];[];[[2991, 2976], [2984, 2996], [2984, 3024], [2991, 3036], [3001, 3038], [3010, 3033], [3027, 3024], [3022, 3007], [3033, 2992], [3035, 2973], [3016, 2967]];[]
349;950;NA;0.84375;0.7398308497784938;0.6837994456291199;2063;2257;[3249, 752, 3306, 814];[3260, 744, 3307, 811];[[3298, 762], [3306, 797], [3306, 809], [3292, 814], [3282, 801], [3273, 809], [3263, 802], [3249, 805], [3258, 795], [3268, 794], [3271, 789], [3275, 781], [3261, 764], [3264, 754], [3277, 752], [3299, 761]];[[3271, 744], [3260, 755], [3262, 767], [3264, 771], [3265, 775], [3267, 777], [3270, 779], [3272, 785], [3270, 791], [3268, 797], [3269, 803], [3271, 805], [3273, 807], [3275, 805], [3277, 803], [3279, 805], [3283, 807], [3287, 809], [3295, 811], [3303, 807], [3305, 803], [3307, 789], [3305, 775], [3303, 769], [3301, 764], [3299, 762], [3297, 760], [3295, 758], [3293, 756], [3291, 754], [3289, 752], [3287, 750], [3285, 747], [3283, 745]]
350;1002;NA;0.73876953125;0.7662043589017832;0.8652051687240601;3014;3226;[3210, 686, 3311, 745];[3212, 680, 3311, 747];[[3310, 696], [3294, 686], [3279, 693], [3251, 714], [3218, 730], [3210, 739], [3211, 745], [3242, 745], [3286, 732], [3311, 714]];[[3311, 699], [3309, 692], [3307, 690], [3305, 688], [3303, 686], [3301, 683], [3299, 681], [3289, 680], [3280, 681], [3278, 683], [3275, 686], [3271, 688], [3268, 689], [3266, 691], [3263, 694], [3261, 696], [3260, 701], [3258, 707], [3256, 709], [3254, 711], [3251, 714], [3247, 716], [3243, 718], [3237, 720], [3231, 722], [3227, 724], [3223, 726], [3219, 728], [3216, 729], [3214, 731], [3212, 739], [3223, 747], [3235, 745], [3241, 743], [3247, 741], [3253, 739], [3259, 737], [3263, 735], [3267, 733], [3273, 731], [3279, 729], [3285, 727], [3291, 725], [3295, 723], [3299, 721], [3303, 719], [3307, 713], [3309, 707]]
351;900;NA;0.8642578125;0.6518218623481782;0.8011319041252136;3271;2441;[3222, 722, 3326, 776];[3228, 724, 3327, 783];[[3313, 722], [3267, 729], [3222, 749], [3229, 769], [3243, 776], [3277, 758], [3305, 757], [3322, 755], [3326, 734]];[[3323, 731], [3321, 728], [3319, 726], [3305, 724], [3291, 726], [3287, 728], [3283, 730], [3279, 732], [3275, 734], [3269, 736], [3263, 738], [3257, 740], [3251, 742], [3247, 744], [3244, 745], [3242, 747], [3240, 749], [3238, 751], [3236, 753], [3234, 755], [3231, 758], [3229, 760], [3228, 771], [3233, 783], [3239, 781], [3243, 779], [3247, 777], [3251, 775], [3255, 773], [3257, 771], [3259, 759], [3273, 747], [3287, 749], [3290, 751], [3292, 753], [3299, 755], [3307, 753], [3313, 751], [3319, 749], [3321, 747], [3323, 745], [3325, 743], [3327, 739], [3325, 735]]
352;810;NA;0.88330078125;0.7717348927875244;0.7065786719322205;5073;4016;[3328, 396, 3439, 482];[3340, 404, 3435, 475];[[3364, 396], [3391, 418], [3433, 453], [3439, 471], [3429, 482], [3393, 473], [3366, 466], [3351, 453], [3337, 433], [3328, 411]];[[3345, 412], [3340, 423], [3342, 435], [3344, 439], [3345, 443], [3347, 445], [3349, 447], [3351, 449], [3353, 451], [3355, 453], [3358, 455], [3360, 457], [3363, 459], [3367, 461], [3371, 463], [3375, 465], [3383, 467], [3391, 469], [3399, 471], [3407, 473], [3417, 475], [3427, 473], [3429, 471], [3431, 469], [3433, 467], [3435, 463], [3433, 460], [3431, 458], [3429, 456], [3427, 454], [3425, 452], [3423, 450], [3421, 448], [3419, 446], [3417, 444], [3415, 442], [3413, 440], [3411, 438], [3409, 436], [3407, 434], [3405, 431], [3403, 427], [3401, 424], [3399, 422], [3397, 419], [3395, 417], [3391, 416], [3387, 414], [3385, 411], [3383, 409], [3379, 408], [3375, 406], [3367, 404], [3359, 406], [3355, 408], [3351, 410]]
353;767;NA;0.8896484375;0.8278546712802768;0.9250845909118652;3057;3282;[3390, 465, 3480, 533];[3392, 464, 3479, 531];[[3461, 465], [3439, 471], [3415, 484], [3393, 473], [3390, 483], [3406, 500], [3406, 514], [3410, 529], [3423, 533], [3434, 507], [3460, 508], [3477, 498], [3480, 487], [3459, 474]];[[3479, 489], [3477, 484], [3475, 482], [3473, 479], [3471, 477], [3465, 476], [3459, 474], [3457, 471], [3455, 467], [3445, 464], [3436, 467], [3432, 471], [3427, 474], [3417, 476], [3407, 474], [3399, 472], [3392, 481], [3395, 491], [3399, 493], [3401, 495], [3403, 497], [3406, 499], [3408, 505], [3406, 511], [3404, 517], [3405, 523], [3407, 525], [3410, 527], [3412, 529], [3415, 531], [3419, 529], [3421, 527], [3423, 525], [3425, 523], [3427, 521], [3429, 519], [3431, 517], [3433, 515], [3435, 513], [3437, 511], [3439, 509], [3451, 507], [3463, 505], [3467, 503], [3471, 501], [3473, 499], [3475, 497], [3477, 495]]
354;965;NA;0.83544921875;0.7482592394215318;0.6676737070083618;3519;3009;[3592, 2708, 3687, 2754];[3601, 2715, 3686, 2761];[[3592, 2726], [3592, 2731], [3600, 2739], [3610, 2742], [3624, 2752], [3633, 2754], [3672, 2751], [3685, 2741], [3687, 2731], [3686, 2716], [3683, 2713], [3645, 2711], [3636, 2708], [3612, 2708], [3606, 2710], [3603, 2713], [3602, 2719]];[[3604, 2719], [3601, 2728], [3603, 2737], [3605, 2739], [3608, 2742], [3610, 2744], [3613, 2746], [3615, 2749], [3617, 2751], [3620, 2754], [3623, 2757], [3625, 2759], [3632, 2761], [3639, 2758], [3648, 2756], [3658, 2754], [3663, 2751], [3667, 2749], [3672, 2746], [3676, 2745], [3679, 2742], [3682, 2739], [3684, 2737], [3686, 2728], [3684, 2719], [3682, 2717], [3644, 2715], [3606, 2716]]
355;986;NA;0.81396484375;0.7569676700111483;0.7393048405647278;2691;2037;[3422, 2933, 3507, 2977];[3424, 2936, 3503, 2971];[[3507, 2940], [3504, 2936], [3493, 2933], [3456, 2934], [3445, 2938], [3439, 2938], [3429, 2942], [3423, 2949], [3422, 2961], [3424, 2965], [3430, 2969], [3454, 2977], [3462, 2976], [3474, 2966], [3489, 2961], [3499, 2955], [3507, 2945]];[[3424, 2959], [3429, 2967], [3435, 2969], [3441, 2971], [3447, 2969], [3457, 2967], [3467, 2965], [3475, 2963], [3483, 2961], [3487, 2959], [3491, 2957], [3495, 2955], [3499, 2953], [3501, 2951], [3503, 2945], [3501, 2940], [3499, 2938], [3471, 2936], [3443, 2938], [3439, 2940], [3436, 2941], [3434, 2943], [3432, 2945], [3430, 2947], [3427, 2950], [3425, 2952]]
356;761;NA;0.89111328125;0.8283818863570811;0.822748601436615;3466;2873;[3295, 2518, 3354, 2601];[3300, 2520, 3351, 2599];[[3310, 2518], [3297, 2529], [3295, 2546], [3305, 2563], [3307, 2577], [3315, 2589], [3330, 2601], [3339, 2601], [3347, 2594], [3349, 2584], [3354, 2577], [3354, 2565], [3349, 2555], [3348, 2545], [3336, 2529], [3332, 2520], [3326, 2518]];[[3321, 2520], [3312, 2521], [3310, 2523], [3308, 2525], [3306, 2527], [3303, 2530], [3301, 2532], [3300, 2543], [3301, 2555], [3303, 2557], [3306, 2559], [3308, 2565], [3310, 2571], [3312, 2575], [3314, 2579], [3316, 2583], [3317, 2587], [3319, 2589], [3322, 2591], [3324, 2593], [3327, 2595], [3331, 2597], [3335, 2599], [3339, 2597], [3343, 2595], [3347, 2591], [3349, 2587], [3351, 2573], [3349, 2559], [3347, 2553], [3345, 2547], [3343, 2543], [3341, 2539], [3339, 2535], [3337, 2531], [3335, 2527], [3333, 2524], [3331, 2522]]
357;1009;NA;0.7138671875;0.7085514834205934;0.6715036034584045;2713;2182;[3477, 2893, 3547, 2944];[3477, 2886, 3538, 2937];[[3477, 2905], [3478, 2931], [3490, 2937], [3501, 2937], [3523, 2944], [3532, 2930], [3547, 2905], [3531, 2893], [3492, 2893]];[[3533, 2890], [3522, 2886], [3510, 2889], [3505, 2891], [3501, 2893], [3493, 2896], [3486, 2898], [3481, 2901], [3477, 2914], [3479, 2928], [3481, 2930], [3491, 2932], [3501, 2935], [3508, 2937], [3514, 2935], [3516, 2933], [3519, 2928], [3521, 2924], [3524, 2921], [3526, 2919], [3528, 2916], [3531, 2914], [3534, 2911], [3536, 2908], [3538, 2902], [3536, 2895]]
358;669;NA;0.900390625;0.6972493345164152;0.5715284943580627;5397;4167;[3475, 2537, 3561, 2630];[3504, 2536, 3567, 2623];[[3558, 2537], [3516, 2538], [3508, 2564], [3507, 2577], [3495, 2590], [3478, 2594], [3475, 2613], [3486, 2623], [3503, 2630], [3514, 2625], [3522, 2617], [3529, 2617], [3540, 2624], [3550, 2616], [3554, 2604], [3561, 2595], [3561, 2540]];[[3541, 2536], [3524, 2537], [3522, 2539], [3519, 2542], [3517, 2544], [3516, 2559], [3514, 2575], [3512, 2583], [3510, 2591], [3507, 2594], [3505, 2596], [3504, 2605], [3505, 2615], [3507, 2617], [3511, 2619], [3515, 2621], [3531, 2623], [3547, 2621], [3549, 2619], [3551, 2615], [3553, 2611], [3555, 2605], [3557, 2599], [3559, 2591], [3561, 2583], [3563, 2575], [3565, 2567], [3567, 2561], [3565, 2555], [3563, 2549], [3561, 2543], [3559, 2539]]
359;755;NA;0.8916015625;0.8524122807017543;0.8315762281417847;4444;4003;[3578, 2629, 3654, 2727];[3582, 2629, 3648, 2732];[[3645, 2633], [3621, 2629], [3607, 2637], [3604, 2647], [3598, 2653], [3597, 2662], [3591, 2670], [3591, 2677], [3584, 2687], [3584, 2693], [3578, 2702], [3578, 2719], [3582, 2725], [3587, 2727], [3603, 2726], [3616, 2716], [3625, 2705], [3628, 2695], [3634, 2689], [3636, 2678], [3647, 2666], [3649, 2656], [3654, 2649], [3654, 2643]];[[3633, 2630], [3622, 2629], [3611, 2630], [3609, 2633], [3606, 2637], [3604, 2642], [3601, 2647], [3599, 2652], [3597, 2659], [3594, 2666], [3592, 2673], [3590, 2680], [3587, 2685], [3585, 2690], [3582, 2709], [3586, 2727], [3591, 2730], [3594, 2732], [3595, 2730], [3597, 2728], [3600, 2723], [3602, 2719], [3605, 2715], [3610, 2713], [3615, 2711], [3620, 2708], [3624, 2704], [3626, 2699], [3629, 2696], [3632, 2694], [3633, 2688], [3636, 2680], [3638, 2676], [3640, 2671], [3643, 2666], [3645, 2661], [3648, 2652], [3646, 2643], [3644, 2641], [3641, 2638], [3639, 2636], [3636, 2633]]
360;772;NA;0.8896484375;0.8719222950079061;0.847787082195282;4216;4071;[3501, 2685, 3580, 2767];[3501, 2686, 3571, 2770];[[3578, 2686], [3557, 2685], [3540, 2699], [3533, 2693], [3524, 2693], [3503, 2702], [3501, 2717], [3509, 2727], [3508, 2734], [3502, 2743], [3501, 2752], [3502, 2759], [3508, 2766], [3533, 2767], [3555, 2742], [3555, 2735], [3561, 2729], [3563, 2719], [3574, 2705], [3575, 2698], [3580, 2691]];[[3571, 2697], [3560, 2686], [3548, 2688], [3543, 2691], [3539, 2693], [3536, 2695], [3534, 2693], [3524, 2691], [3516, 2692], [3513, 2695], [3511, 2697], [3508, 2699], [3505, 2703], [3503, 2705], [3501, 2714], [3504, 2723], [3506, 2728], [3504, 2733], [3501, 2745], [3503, 2756], [3505, 2758], [3508, 2761], [3511, 2764], [3515, 2765], [3520, 2768], [3522, 2770], [3524, 2768], [3529, 2765], [3533, 2764], [3536, 2761], [3538, 2759], [3540, 2757], [3543, 2754], [3545, 2752], [3548, 2749], [3551, 2746], [3552, 2742], [3555, 2738], [3557, 2733], [3559, 2728], [3562, 2723], [3564, 2719], [3567, 2714], [3569, 2709]]
361;976;NA;0.82763671875;0.8025291828793775;0.8534246683120728;5054;4211;[3606, 2742, 3679, 2842];[3606, 2753, 3676, 2842];[[3658, 2743], [3639, 2742], [3630, 2750], [3629, 2770], [3617, 2786], [3606, 2818], [3607, 2830], [3613, 2842], [3627, 2841], [3634, 2833], [3641, 2832], [3646, 2825], [3660, 2825], [3668, 2832], [3672, 2830], [3673, 2820], [3678, 2812], [3679, 2779], [3667, 2763], [3666, 2754]];[[3667, 2761], [3660, 2753], [3653, 2755], [3646, 2757], [3639, 2760], [3634, 2762], [3630, 2764], [3628, 2766], [3625, 2771], [3623, 2776], [3621, 2781], [3618, 2785], [3616, 2790], [3613, 2795], [3610, 2798], [3608, 2800], [3606, 2819], [3608, 2837], [3610, 2839], [3617, 2842], [3624, 2840], [3626, 2838], [3628, 2835], [3631, 2833], [3633, 2831], [3636, 2828], [3639, 2825], [3656, 2823], [3671, 2819], [3674, 2814], [3676, 2797], [3674, 2781], [3671, 2776], [3669, 2771]]
362;847;NA;0.87646484375;0.8032375104660898;0.8336318135261536;3575;2886;[3588, 2560, 3663, 2627];[3592, 2564, 3663, 2623];[[3597, 2566], [3591, 2574], [3588, 2606], [3599, 2615], [3616, 2621], [3634, 2622], [3645, 2627], [3658, 2621], [3663, 2616], [3663, 2601], [3656, 2591], [3629, 2567], [3622, 2566], [3615, 2560], [3606, 2560]];[[3594, 2567], [3592, 2583], [3593, 2599], [3595, 2601], [3599, 2603], [3603, 2605], [3605, 2607], [3607, 2609], [3609, 2611], [3611, 2613], [3614, 2615], [3616, 2617], [3623, 2619], [3631, 2621], [3643, 2623], [3655, 2621], [3657, 2619], [3659, 2615], [3661, 2611], [3663, 2607], [3661, 2603], [3659, 2599], [3657, 2596], [3655, 2594], [3653, 2592], [3651, 2590], [3649, 2588], [3647, 2586], [3645, 2583], [3643, 2581], [3639, 2580], [3635, 2578], [3633, 2575], [3631, 2573], [3627, 2572], [3623, 2570], [3621, 2567], [3619, 2565], [3607, 2564], [3596, 2565]]
363;951;NA;0.84375;0.7369397217928902;0.7833508849143982;3200;2419;[3563, 2456, 3628, 2529];[3564, 2460, 3623, 2523];[[3611, 2458], [3602, 2456], [3591, 2457], [3585, 2462], [3577, 2463], [3564, 2478], [3563, 2493], [3569, 2499], [3574, 2510], [3575, 2525], [3578, 2529], [3600, 2509], [3625, 2508], [3628, 2506], [3627, 2478], [3620, 2466]];[[3611, 2463], [3597, 2460], [3584, 2461], [3582, 2463], [3580, 2465], [3578, 2467], [3576, 2469], [3574, 2471], [3572, 2473], [3570, 2475], [3567, 2478], [3565, 2480], [3564, 2489], [3565, 2499], [3567, 2501], [3569, 2503], [3571, 2505], [3574, 2507], [3576, 2511], [3574, 2515], [3572, 2519], [3577, 2523], [3583, 2519], [3585, 2515], [3587, 2513], [3589, 2511], [3591, 2509], [3593, 2507], [3595, 2505], [3607, 2503], [3619, 2501], [3621, 2499], [3623, 2491], [3621, 2483], [3619, 2479], [3617, 2475], [3615, 2471], [3613, 2467]]
364;931;NA;0.85009765625;0.8466581679111272;0.9489489197731018;5218;4922;[3491, 2751, 3602, 2832];[3492, 2753, 3600, 2832];[[3596, 2775], [3567, 2751], [3542, 2752], [3526, 2771], [3514, 2773], [3498, 2781], [3491, 2790], [3505, 2806], [3504, 2813], [3497, 2820], [3497, 2829], [3500, 2832], [3512, 2832], [3534, 2811], [3548, 2804], [3563, 2810], [3585, 2810], [3596, 2802], [3602, 2793]];[[3600, 2790], [3598, 2786], [3596, 2784], [3594, 2781], [3591, 2779], [3588, 2776], [3586, 2773], [3582, 2772], [3577, 2769], [3574, 2767], [3572, 2765], [3570, 2762], [3567, 2760], [3564, 2757], [3562, 2754], [3553, 2753], [3544, 2754], [3542, 2757], [3539, 2759], [3537, 2761], [3534, 2765], [3529, 2767], [3524, 2769], [3517, 2772], [3510, 2774], [3503, 2777], [3497, 2778], [3494, 2781], [3492, 2790], [3493, 2799], [3496, 2801], [3499, 2804], [3501, 2814], [3499, 2823], [3497, 2826], [3498, 2827], [3501, 2830], [3505, 2832], [3510, 2830], [3515, 2827], [3519, 2826], [3521, 2823], [3524, 2820], [3529, 2818], [3533, 2816], [3536, 2814], [3539, 2811], [3563, 2808], [3586, 2806], [3591, 2804], [3595, 2800], [3597, 2795]]
365;90;NA;0.93701171875;0.8138031693077564;0.9123649597167969;4638;4061;[3152, 2570, 3248, 2642];[3148, 2568, 3247, 2643];[[3246, 2572], [3239, 2570], [3214, 2573], [3199, 2580], [3165, 2582], [3155, 2591], [3152, 2600], [3153, 2629], [3156, 2638], [3159, 2641], [3170, 2642], [3179, 2636], [3189, 2636], [3194, 2630], [3207, 2627], [3218, 2620], [3247, 2595], [3248, 2577]];[[3247, 2581], [3245, 2572], [3243, 2570], [3231, 2568], [3220, 2569], [3218, 2571], [3215, 2574], [3211, 2576], [3208, 2577], [3206, 2579], [3204, 2581], [3202, 2583], [3200, 2585], [3198, 2587], [3196, 2589], [3194, 2591], [3192, 2593], [3190, 2595], [3187, 2598], [3183, 2600], [3179, 2598], [3177, 2595], [3175, 2589], [3173, 2584], [3171, 2582], [3169, 2580], [3167, 2582], [3163, 2584], [3159, 2586], [3155, 2588], [3152, 2589], [3150, 2591], [3148, 2599], [3152, 2607], [3156, 2615], [3154, 2623], [3152, 2629], [3153, 2635], [3155, 2637], [3159, 2639], [3163, 2641], [3165, 2643], [3167, 2641], [3171, 2639], [3175, 2637], [3177, 2635], [3179, 2633], [3183, 2631], [3187, 2629], [3191, 2627], [3195, 2625], [3205, 2623], [3215, 2621], [3217, 2619], [3219, 2617], [3221, 2615], [3223, 2613], [3225, 2611], [3227, 2609], [3231, 2607], [3235, 2605], [3237, 2603], [3239, 2599], [3241, 2595], [3243, 2593], [3245, 2591]]
366;839;NA;0.87841796875;0.784074074074074;0.7621621489524841;5021;4613;[3415, 2431, 3519, 2503];[3425, 2428, 3519, 2494];[[3415, 2490], [3418, 2498], [3428, 2503], [3445, 2495], [3459, 2494], [3467, 2486], [3484, 2494], [3507, 2494], [3519, 2482], [3519, 2463], [3497, 2438], [3477, 2437], [3470, 2431], [3456, 2431], [3435, 2444], [3434, 2454], [3440, 2463], [3430, 2474], [3417, 2480]];[[3500, 2437], [3498, 2433], [3496, 2431], [3493, 2428], [3492, 2430], [3489, 2432], [3486, 2436], [3481, 2438], [3477, 2436], [3460, 2433], [3443, 2436], [3439, 2438], [3435, 2440], [3432, 2442], [3430, 2459], [3427, 2475], [3425, 2485], [3436, 2494], [3448, 2491], [3467, 2489], [3486, 2491], [3503, 2494], [3519, 2490], [3517, 2486], [3515, 2483], [3512, 2480], [3509, 2466], [3507, 2452], [3505, 2447], [3502, 2442]]
367;967;NA;0.83447265625;0.8352418789436784;0.8127819299697876;4218;3635;[3582, 2870, 3677, 2926];[3582, 2877, 3676, 2923];[[3582, 2890], [3582, 2904], [3589, 2912], [3605, 2917], [3621, 2926], [3669, 2925], [3677, 2916], [3677, 2904], [3673, 2900], [3670, 2890], [3663, 2884], [3635, 2870], [3617, 2870], [3590, 2880]];[[3585, 2881], [3582, 2895], [3584, 2908], [3586, 2911], [3591, 2913], [3596, 2916], [3608, 2918], [3620, 2920], [3644, 2923], [3667, 2921], [3669, 2919], [3672, 2916], [3675, 2913], [3676, 2907], [3674, 2900], [3671, 2895], [3670, 2891], [3667, 2889], [3663, 2886], [3658, 2884], [3651, 2881], [3644, 2879], [3615, 2877], [3587, 2878]]
368;926;NA;0.85302734375;0.8327645051194539;0.7886029481887817;3651;3330;[3230, 2528, 3300, 2602];[3234, 2529, 3304, 2594];[[3238, 2528], [3234, 2531], [3230, 2541], [3231, 2552], [3240, 2560], [3250, 2579], [3253, 2597], [3256, 2600], [3267, 2602], [3270, 2597], [3271, 2587], [3275, 2581], [3284, 2575], [3292, 2581], [3299, 2578], [3300, 2541], [3298, 2532], [3294, 2529]];[[3237, 2533], [3234, 2544], [3236, 2556], [3238, 2558], [3241, 2561], [3244, 2566], [3246, 2571], [3249, 2575], [3251, 2580], [3253, 2587], [3260, 2594], [3266, 2590], [3268, 2585], [3272, 2582], [3274, 2579], [3276, 2582], [3284, 2584], [3291, 2582], [3296, 2579], [3299, 2564], [3302, 2547], [3304, 2540], [3303, 2533], [3300, 2531], [3291, 2529], [3281, 2531], [3272, 2533], [3262, 2531], [3250, 2529], [3239, 2530]]
369;603;NA;0.9072265625;0.8943484171683822;0.817581057548523;4982;4772;[3291, 2837, 3352, 2939];[3296, 2840, 3355, 2935];[[3328, 2837], [3304, 2848], [3301, 2857], [3291, 2868], [3291, 2879], [3297, 2891], [3297, 2915], [3304, 2930], [3331, 2939], [3348, 2931], [3351, 2926], [3352, 2870], [3351, 2861], [3346, 2856], [3344, 2848], [3335, 2839]];[[3323, 2840], [3312, 2841], [3310, 2843], [3308, 2845], [3306, 2847], [3303, 2850], [3301, 2852], [3300, 2859], [3298, 2867], [3296, 2875], [3298, 2883], [3300, 2895], [3298, 2907], [3296, 2917], [3297, 2927], [3299, 2929], [3303, 2931], [3307, 2933], [3325, 2935], [3343, 2933], [3345, 2931], [3347, 2927], [3349, 2923], [3351, 2915], [3353, 2907], [3355, 2897], [3353, 2887], [3351, 2875], [3349, 2863], [3347, 2857], [3345, 2852], [3343, 2850], [3341, 2848], [3339, 2846], [3337, 2843], [3335, 2841]]
370;559;NA;0.9091796875;0.8748489973423532;0.8765522241592407;3993;3767;[2822, 2594, 2901, 2674];[2824, 2592, 2899, 2679];[[2839, 2595], [2837, 2604], [2822, 2619], [2824, 2635], [2836, 2645], [2846, 2663], [2857, 2672], [2883, 2674], [2898, 2664], [2901, 2647], [2900, 2643], [2881, 2621], [2885, 2611], [2882, 2608], [2858, 2611], [2843, 2594]];[[2841, 2592], [2836, 2599], [2834, 2607], [2831, 2610], [2827, 2612], [2824, 2623], [2825, 2635], [2827, 2637], [2829, 2639], [2831, 2641], [2833, 2643], [2835, 2645], [2837, 2647], [2839, 2649], [2842, 2651], [2844, 2655], [2845, 2659], [2847, 2661], [2849, 2663], [2851, 2665], [2853, 2667], [2855, 2669], [2857, 2671], [2859, 2673], [2862, 2675], [2864, 2677], [2871, 2679], [2879, 2677], [2881, 2675], [2883, 2673], [2885, 2671], [2887, 2669], [2889, 2667], [2891, 2665], [2893, 2663], [2895, 2659], [2897, 2655], [2899, 2649], [2897, 2643], [2895, 2639], [2893, 2636], [2891, 2634], [2889, 2631], [2887, 2629], [2883, 2627], [2879, 2619], [2867, 2612], [2855, 2610], [2853, 2607], [2851, 2603], [2849, 2599], [2847, 2595]]
371;713;NA;0.896484375;0.8522558254833912;0.8244375586509705;5829;5379;[2413, 2621, 2507, 2713];[2419, 2624, 2503, 2718];[[2420, 2649], [2413, 2670], [2421, 2675], [2432, 2673], [2436, 2677], [2436, 2701], [2440, 2709], [2451, 2713], [2477, 2708], [2498, 2709], [2505, 2706], [2507, 2676], [2488, 2640], [2468, 2622], [2457, 2621], [2439, 2638]];[[2459, 2624], [2448, 2628], [2445, 2633], [2443, 2635], [2440, 2637], [2437, 2641], [2432, 2643], [2428, 2645], [2426, 2647], [2423, 2650], [2421, 2653], [2419, 2666], [2428, 2680], [2438, 2688], [2436, 2695], [2433, 2704], [2435, 2713], [2437, 2715], [2440, 2718], [2442, 2715], [2452, 2713], [2461, 2711], [2466, 2708], [2471, 2706], [2475, 2703], [2480, 2701], [2487, 2699], [2494, 2703], [2497, 2708], [2499, 2711], [2502, 2713], [2503, 2695], [2501, 2676], [2498, 2668], [2496, 2661], [2494, 2657], [2491, 2652], [2489, 2647], [2486, 2642], [2484, 2637], [2480, 2633], [2475, 2631], [2472, 2628], [2470, 2626]]
372;834;NA;0.87890625;0.795656894679696;0.7214285731315613;4579;3690;[2567, 2723, 2669, 2792];[2568, 2724, 2671, 2775];[[2567, 2736], [2567, 2742], [2573, 2751], [2588, 2764], [2601, 2769], [2602, 2785], [2606, 2792], [2628, 2785], [2640, 2778], [2666, 2756], [2669, 2748], [2667, 2739], [2655, 2730], [2631, 2730], [2617, 2723], [2574, 2724]];[[2569, 2732], [2568, 2739], [2569, 2747], [2571, 2749], [2573, 2751], [2575, 2753], [2578, 2755], [2580, 2757], [2587, 2759], [2595, 2761], [2605, 2763], [2615, 2769], [2627, 2775], [2639, 2773], [2647, 2771], [2655, 2767], [2657, 2763], [2659, 2761], [2661, 2759], [2663, 2757], [2665, 2755], [2667, 2751], [2669, 2747], [2671, 2745], [2669, 2743], [2667, 2739], [2665, 2736], [2663, 2734], [2647, 2732], [2631, 2730], [2623, 2728], [2615, 2726], [2595, 2724], [2576, 2725], [2574, 2727], [2571, 2730]]
373;993;NA;0.7890625;0.7716436637390214;0.7289353609085083;2908;2740;[2626, 2957, 2682, 3024];[2621, 2948, 2680, 3019];[[2626, 2993], [2644, 3017], [2659, 3024], [2678, 3013], [2682, 2988], [2677, 2971], [2673, 2968], [2669, 2964], [2665, 2962], [2660, 2960], [2655, 2958], [2649, 2957], [2642, 2958], [2635, 2960], [2631, 2963], [2628, 2968], [2626, 2974], [2626, 2980], [2626, 2987]];[[2658, 2948], [2653, 2949], [2651, 2951], [2649, 2953], [2647, 2955], [2644, 2958], [2634, 2960], [2625, 2961], [2623, 2963], [2621, 2967], [2623, 2971], [2625, 2975], [2626, 2979], [2628, 2981], [2630, 2983], [2632, 2985], [2635, 2987], [2637, 2999], [2638, 3011], [2640, 3013], [2644, 3015], [2648, 3017], [2656, 3019], [2664, 3017], [2668, 3015], [2672, 3013], [2674, 3011], [2676, 3005], [2678, 2999], [2680, 2993], [2678, 2987], [2676, 2981], [2674, 2975], [2672, 2971], [2670, 2967], [2668, 2961], [2666, 2955], [2664, 2951]]
374;246;NA;0.92626953125;0.8525615167406212;0.8593698740005493;4755;4430;[2705, 2883, 2815, 2963];[2709, 2880, 2812, 2959];[[2705, 2912], [2705, 2923], [2714, 2937], [2740, 2945], [2756, 2957], [2765, 2957], [2777, 2963], [2795, 2963], [2815, 2951], [2815, 2938], [2800, 2925], [2790, 2922], [2777, 2907], [2776, 2897], [2766, 2883], [2760, 2887], [2760, 2907], [2757, 2910], [2750, 2905], [2714, 2905]];[[2710, 2912], [2709, 2919], [2712, 2927], [2716, 2931], [2718, 2935], [2720, 2937], [2726, 2939], [2732, 2941], [2736, 2943], [2740, 2945], [2743, 2947], [2745, 2949], [2748, 2951], [2752, 2953], [2756, 2955], [2760, 2957], [2776, 2959], [2792, 2957], [2794, 2955], [2796, 2953], [2802, 2951], [2808, 2949], [2810, 2947], [2812, 2939], [2810, 2932], [2808, 2930], [2804, 2928], [2800, 2926], [2796, 2924], [2792, 2922], [2790, 2920], [2788, 2918], [2786, 2916], [2784, 2914], [2782, 2911], [2780, 2907], [2778, 2903], [2776, 2899], [2774, 2895], [2772, 2889], [2770, 2884], [2768, 2882], [2762, 2880], [2757, 2891], [2755, 2903], [2752, 2906], [2750, 2908], [2748, 2906], [2732, 2904], [2717, 2905], [2715, 2907], [2712, 2910]]
375;916;NA;0.85595703125;0.8118729096989966;0.7992713451385498;4368;4300;[2515, 2775, 2582, 2889];[2509, 2768, 2580, 2883];[[2568, 2775], [2554, 2779], [2546, 2791], [2545, 2801], [2539, 2810], [2516, 2825], [2515, 2836], [2523, 2840], [2527, 2846], [2522, 2859], [2522, 2873], [2531, 2889], [2538, 2889], [2558, 2869], [2559, 2860], [2565, 2851], [2565, 2843], [2576, 2828], [2577, 2818], [2582, 2811], [2582, 2797], [2575, 2781]];[[2568, 2770], [2566, 2768], [2565, 2769], [2563, 2771], [2561, 2773], [2559, 2775], [2556, 2778], [2554, 2780], [2553, 2783], [2551, 2787], [2548, 2790], [2546, 2792], [2545, 2797], [2543, 2803], [2540, 2806], [2536, 2808], [2533, 2809], [2531, 2811], [2528, 2814], [2524, 2816], [2520, 2818], [2514, 2820], [2509, 2827], [2510, 2835], [2512, 2837], [2514, 2839], [2516, 2841], [2519, 2843], [2521, 2855], [2523, 2867], [2525, 2873], [2526, 2879], [2528, 2881], [2534, 2883], [2540, 2877], [2542, 2871], [2544, 2869], [2548, 2867], [2552, 2865], [2556, 2863], [2560, 2859], [2562, 2855], [2564, 2851], [2566, 2847], [2568, 2841], [2570, 2835], [2572, 2829], [2574, 2823], [2576, 2813], [2578, 2803], [2580, 2791], [2576, 2780], [2572, 2776], [2570, 2772]]
376;776;NA;0.888671875;0.8426939552594003;0.9165648221969604;4017;3726;[2482, 2722, 2542, 2816];[2481, 2724, 2541, 2813];[[2508, 2722], [2495, 2744], [2482, 2750], [2482, 2755], [2496, 2764], [2494, 2777], [2485, 2783], [2485, 2788], [2495, 2808], [2506, 2815], [2523, 2816], [2535, 2810], [2540, 2803], [2542, 2778], [2537, 2767], [2536, 2751], [2531, 2745], [2529, 2736], [2518, 2722]];[[2513, 2724], [2505, 2728], [2502, 2733], [2500, 2735], [2498, 2738], [2495, 2740], [2493, 2742], [2490, 2745], [2488, 2747], [2485, 2750], [2483, 2753], [2481, 2759], [2486, 2766], [2490, 2773], [2488, 2781], [2486, 2785], [2487, 2789], [2490, 2792], [2493, 2795], [2495, 2800], [2498, 2804], [2500, 2809], [2511, 2813], [2523, 2811], [2528, 2808], [2532, 2807], [2534, 2804], [2537, 2800], [2539, 2795], [2541, 2783], [2539, 2771], [2537, 2764], [2534, 2757], [2532, 2752], [2529, 2747], [2527, 2740], [2525, 2733], [2522, 2728]]
377;677;NA;0.89990234375;0.7848341232227488;0.8572148084640503;4810;4605;[2649, 2696, 2749, 2773];[2657, 2695, 2751, 2770];[[2748, 2728], [2742, 2719], [2724, 2715], [2709, 2700], [2697, 2696], [2697, 2705], [2702, 2713], [2699, 2721], [2674, 2717], [2656, 2726], [2655, 2742], [2649, 2751], [2649, 2768], [2657, 2773], [2682, 2773], [2708, 2762], [2724, 2761], [2741, 2751], [2749, 2735]];[[2746, 2723], [2742, 2719], [2738, 2717], [2733, 2715], [2728, 2712], [2723, 2710], [2719, 2707], [2716, 2705], [2714, 2703], [2711, 2699], [2708, 2697], [2697, 2695], [2686, 2699], [2688, 2704], [2691, 2709], [2688, 2714], [2685, 2717], [2676, 2719], [2667, 2723], [2664, 2728], [2662, 2730], [2664, 2733], [2667, 2740], [2664, 2747], [2662, 2752], [2660, 2757], [2657, 2764], [2673, 2770], [2690, 2768], [2704, 2765], [2719, 2763], [2726, 2761], [2732, 2759], [2734, 2757], [2737, 2754], [2739, 2752], [2742, 2749], [2745, 2746], [2746, 2742], [2749, 2738], [2751, 2733], [2749, 2728]]
378;683;NA;0.89892578125;0.8245880312228968;0.8742454648017883;4517;3898;[2828, 2735, 2912, 2806];[2829, 2738, 2908, 2804];[[2828, 2762], [2828, 2785], [2837, 2793], [2853, 2792], [2859, 2787], [2870, 2803], [2876, 2806], [2901, 2806], [2911, 2797], [2912, 2770], [2905, 2756], [2889, 2742], [2881, 2741], [2874, 2735], [2856, 2736]];[[2831, 2757], [2829, 2773], [2845, 2789], [2862, 2794], [2864, 2799], [2866, 2801], [2878, 2804], [2890, 2801], [2895, 2799], [2899, 2797], [2901, 2795], [2904, 2792], [2907, 2789], [2908, 2778], [2906, 2766], [2904, 2759], [2902, 2753], [2900, 2750], [2895, 2748], [2890, 2746], [2885, 2743], [2881, 2741], [2866, 2738], [2852, 2741], [2847, 2743], [2843, 2745], [2841, 2747], [2839, 2750], [2836, 2752], [2833, 2755]]
379;445;NA;0.916015625;0.8238265628288781;0.9012168049812317;4543;4122;[2638, 2871, 2724, 2956];[2637, 2872, 2720, 2959];[[2638, 2884], [2638, 2919], [2651, 2933], [2695, 2956], [2713, 2955], [2724, 2945], [2723, 2930], [2702, 2910], [2702, 2896], [2696, 2888], [2693, 2871], [2690, 2871], [2687, 2877], [2686, 2898], [2665, 2881], [2641, 2881]];[[2650, 2880], [2645, 2881], [2643, 2883], [2640, 2886], [2638, 2888], [2637, 2895], [2639, 2903], [2641, 2907], [2642, 2911], [2644, 2913], [2647, 2915], [2649, 2919], [2650, 2923], [2652, 2925], [2654, 2927], [2656, 2929], [2658, 2931], [2660, 2933], [2662, 2935], [2664, 2937], [2667, 2939], [2669, 2941], [2672, 2943], [2676, 2945], [2679, 2947], [2681, 2949], [2684, 2951], [2688, 2953], [2694, 2955], [2700, 2957], [2704, 2959], [2708, 2957], [2710, 2955], [2712, 2953], [2714, 2951], [2716, 2949], [2718, 2947], [2720, 2939], [2718, 2932], [2716, 2930], [2714, 2927], [2712, 2923], [2708, 2920], [2704, 2918], [2702, 2915], [2700, 2909], [2698, 2903], [2696, 2889], [2694, 2876], [2692, 2874], [2686, 2872], [2680, 2880], [2674, 2888], [2668, 2886], [2662, 2884], [2656, 2882]]
380;894;NA;0.8662109375;0.8069875397019302;0.8226999044418335;3963;3433;[2201, 2724, 2256, 2821];[2204, 2729, 2260, 2823];[[2201, 2806], [2203, 2818], [2206, 2821], [2227, 2821], [2238, 2810], [2255, 2769], [2256, 2734], [2228, 2724], [2216, 2728]];[[2260, 2738], [2249, 2734], [2237, 2731], [2225, 2729], [2214, 2730], [2212, 2733], [2209, 2750], [2207, 2766], [2204, 2771], [2207, 2776], [2209, 2783], [2207, 2790], [2204, 2802], [2206, 2813], [2208, 2815], [2213, 2818], [2218, 2820], [2220, 2823], [2222, 2821], [2224, 2819], [2227, 2815], [2230, 2813], [2231, 2809], [2234, 2804], [2237, 2801], [2239, 2799], [2241, 2792], [2243, 2785], [2246, 2781], [2248, 2776], [2250, 2769], [2253, 2761], [2255, 2757], [2253, 2752], [2250, 2747], [2255, 2742]]
381;955;NA;0.841796875;0.6292553191489362;0.734614908695221;3944;5245;[1863, 2962, 1942, 3042];[1846, 2960, 1941, 3035];[[1866, 2962], [1863, 2970], [1865, 2983], [1881, 3004], [1882, 3038], [1888, 3042], [1900, 3042], [1911, 3037], [1919, 3029], [1937, 2999], [1937, 2991], [1942, 2983], [1942, 2971], [1936, 2967], [1926, 2966], [1915, 2969], [1903, 2980], [1898, 2980], [1883, 2973], [1874, 2964]];[[1867, 2960], [1862, 2963], [1860, 2967], [1858, 2975], [1856, 2983], [1854, 2985], [1852, 2987], [1849, 2990], [1847, 2992], [1846, 2999], [1848, 3007], [1850, 3013], [1848, 3019], [1846, 3025], [1859, 3031], [1873, 3033], [1893, 3035], [1913, 3033], [1915, 3031], [1917, 3027], [1919, 3023], [1921, 3021], [1923, 3019], [1925, 3015], [1927, 3011], [1929, 3007], [1931, 3003], [1933, 2999], [1935, 2995], [1937, 2991], [1939, 2987], [1941, 2979], [1939, 2972], [1937, 2970], [1935, 2968], [1933, 2966], [1931, 2964], [1929, 2966], [1923, 2968], [1918, 2969], [1916, 2971], [1913, 2974], [1907, 2976], [1901, 2974], [1891, 2972], [1881, 2970], [1879, 2968], [1877, 2966], [1875, 2963], [1873, 2961]]
382;990;NA;0.8017578125;0.7431433341283091;0.7459045648574829;4185;3124;[1973, 2558, 2045, 2636];[1986, 2560, 2045, 2631];[[2027, 2558], [2014, 2558], [2006, 2563], [1992, 2579], [1980, 2578], [1974, 2583], [1973, 2593], [1977, 2599], [1977, 2617], [1981, 2624], [1994, 2635], [2000, 2636], [2016, 2633], [2043, 2609], [2045, 2596], [2043, 2569], [2040, 2565]];[[2037, 2561], [2023, 2560], [2010, 2561], [2008, 2563], [2006, 2565], [2004, 2567], [2001, 2570], [1999, 2572], [1998, 2577], [1996, 2583], [1994, 2587], [1990, 2591], [1986, 2607], [1987, 2623], [1989, 2625], [1993, 2627], [1997, 2629], [2005, 2631], [2013, 2629], [2017, 2627], [2021, 2625], [2023, 2623], [2025, 2621], [2027, 2619], [2029, 2617], [2031, 2615], [2033, 2613], [2035, 2611], [2037, 2609], [2039, 2607], [2041, 2605], [2043, 2603], [2045, 2597], [2043, 2591], [2041, 2589], [2043, 2587], [2045, 2581], [2043, 2576], [2041, 2574], [2039, 2572], [2037, 2570], [2035, 2567], [2033, 2565], [2035, 2563]]
383;814;NA;0.88330078125;0.8567124204887847;0.8854591846466064;5484;5608;[2209, 2804, 2326, 2893];[2207, 2801, 2327, 2899];[[2210, 2807], [2209, 2825], [2229, 2842], [2240, 2844], [2269, 2863], [2299, 2892], [2323, 2893], [2326, 2890], [2325, 2865], [2319, 2856], [2317, 2843], [2306, 2831], [2264, 2811], [2250, 2809], [2242, 2804], [2216, 2804]];[[2210, 2808], [2207, 2818], [2210, 2827], [2213, 2831], [2218, 2836], [2222, 2839], [2228, 2842], [2235, 2845], [2242, 2849], [2249, 2852], [2254, 2857], [2257, 2861], [2263, 2863], [2271, 2867], [2274, 2870], [2278, 2874], [2281, 2878], [2285, 2881], [2288, 2885], [2292, 2888], [2297, 2893], [2300, 2897], [2310, 2899], [2319, 2897], [2323, 2893], [2327, 2882], [2323, 2872], [2319, 2861], [2316, 2850], [2312, 2843], [2310, 2837], [2306, 2833], [2299, 2830], [2292, 2826], [2285, 2823], [2278, 2819], [2273, 2814], [2269, 2811], [2260, 2808], [2249, 2805], [2242, 2801], [2236, 2804], [2232, 2807], [2228, 2812], [2221, 2816], [2213, 2812]]
384;348;NA;0.92138671875;0.9010941857970393;0.8940408229827881;4313;4548;[1880, 2670, 1989, 2720];[1878, 2668, 1993, 2719];[[1880, 2679], [1880, 2696], [1902, 2712], [1919, 2718], [1967, 2720], [1976, 2714], [1986, 2713], [1989, 2710], [1989, 2686], [1977, 2677], [1929, 2676], [1922, 2670], [1918, 2670], [1905, 2676], [1884, 2676]];[[1880, 2679], [1878, 2689], [1879, 2699], [1881, 2701], [1885, 2703], [1889, 2705], [1893, 2707], [1897, 2709], [1903, 2711], [1909, 2713], [1913, 2715], [1917, 2717], [1947, 2719], [1977, 2717], [1981, 2715], [1985, 2713], [1987, 2711], [1989, 2707], [1991, 2703], [1993, 2697], [1991, 2692], [1989, 2690], [1987, 2688], [1985, 2686], [1983, 2683], [1981, 2681], [1977, 2680], [1973, 2678], [1961, 2676], [1949, 2674], [1937, 2672], [1925, 2670], [1917, 2668], [1909, 2670], [1901, 2672], [1893, 2674], [1887, 2676], [1882, 2677]]
385;545;NA;0.91064453125;0.8983708301008534;0.8392857313156128;3537;3804;[2141, 2645, 2237, 2694];[2143, 2644, 2241, 2699];[[2237, 2651], [2218, 2645], [2189, 2645], [2146, 2657], [2141, 2664], [2141, 2676], [2151, 2686], [2161, 2688], [2167, 2692], [2181, 2694], [2195, 2692], [2226, 2674], [2237, 2661]];[[2143, 2671], [2145, 2684], [2149, 2688], [2163, 2692], [2178, 2695], [2185, 2699], [2192, 2695], [2199, 2692], [2205, 2689], [2209, 2686], [2213, 2681], [2221, 2677], [2226, 2675], [2230, 2671], [2234, 2664], [2237, 2657], [2241, 2653], [2238, 2651], [2235, 2647], [2203, 2644], [2170, 2647], [2160, 2651], [2150, 2653], [2147, 2657]]
386;661;NA;0.9013671875;0.8882966910948257;0.920769214630127;4383;4120;[2389, 2537, 2454, 2637];[2389, 2540, 2452, 2635];[[2452, 2539], [2418, 2537], [2402, 2543], [2391, 2559], [2389, 2604], [2397, 2616], [2399, 2625], [2409, 2637], [2414, 2636], [2423, 2628], [2435, 2610], [2445, 2606], [2444, 2594], [2433, 2587], [2432, 2578], [2454, 2546]];[[2452, 2545], [2432, 2540], [2412, 2542], [2406, 2544], [2401, 2545], [2399, 2547], [2397, 2553], [2395, 2559], [2393, 2567], [2391, 2575], [2389, 2591], [2390, 2607], [2392, 2609], [2395, 2611], [2397, 2617], [2399, 2623], [2401, 2627], [2402, 2631], [2404, 2633], [2408, 2635], [2412, 2633], [2414, 2631], [2416, 2629], [2418, 2627], [2420, 2625], [2424, 2623], [2428, 2619], [2430, 2615], [2432, 2613], [2434, 2611], [2436, 2609], [2442, 2607], [2448, 2601], [2446, 2596], [2444, 2594], [2442, 2591], [2440, 2587], [2438, 2583], [2436, 2575], [2438, 2567], [2440, 2565], [2442, 2563], [2444, 2559], [2446, 2555], [2448, 2553], [2450, 2551]]
387;617;NA;0.90576171875;0.8517117834394905;0.8743752241134644;4631;4672;[2373, 2438, 2457, 2534];[2366, 2438, 2455, 2537];[[2387, 2439], [2383, 2457], [2391, 2470], [2391, 2477], [2388, 2480], [2377, 2480], [2373, 2488], [2390, 2493], [2397, 2504], [2390, 2508], [2377, 2509], [2375, 2516], [2378, 2519], [2415, 2518], [2432, 2534], [2444, 2534], [2452, 2530], [2457, 2518], [2455, 2495], [2399, 2438]];[[2397, 2438], [2390, 2440], [2388, 2442], [2386, 2454], [2388, 2466], [2390, 2471], [2386, 2475], [2380, 2479], [2373, 2481], [2366, 2485], [2370, 2489], [2375, 2491], [2380, 2494], [2385, 2496], [2388, 2499], [2390, 2502], [2388, 2504], [2385, 2507], [2380, 2510], [2376, 2511], [2374, 2513], [2371, 2518], [2382, 2522], [2394, 2520], [2404, 2517], [2413, 2520], [2416, 2522], [2418, 2525], [2421, 2528], [2424, 2530], [2428, 2532], [2432, 2534], [2435, 2537], [2437, 2534], [2442, 2532], [2447, 2529], [2452, 2527], [2455, 2513], [2453, 2499], [2451, 2494], [2449, 2490], [2447, 2488], [2444, 2486], [2442, 2483], [2439, 2480], [2436, 2478], [2432, 2476], [2428, 2474], [2425, 2471], [2423, 2469], [2421, 2467], [2418, 2464], [2415, 2461], [2413, 2456], [2410, 2452], [2408, 2447], [2406, 2443], [2404, 2440]]
388;636;NA;0.90478515625;0.8488080301129235;0.8722214102745056;4306;4535;[2116, 2593, 2219, 2650];[2114, 2594, 2219, 2656];[[2116, 2621], [2117, 2635], [2131, 2647], [2140, 2650], [2174, 2649], [2189, 2642], [2210, 2640], [2219, 2633], [2218, 2620], [2214, 2614], [2206, 2608], [2197, 2607], [2192, 2602], [2170, 2593], [2153, 2595], [2140, 2606], [2119, 2616]];[[2118, 2614], [2114, 2625], [2117, 2634], [2120, 2638], [2125, 2643], [2129, 2650], [2135, 2656], [2142, 2652], [2153, 2649], [2163, 2645], [2185, 2641], [2206, 2638], [2213, 2634], [2219, 2625], [2217, 2615], [2213, 2612], [2210, 2608], [2206, 2604], [2201, 2600], [2198, 2596], [2170, 2594], [2143, 2596], [2139, 2600], [2135, 2604], [2127, 2608], [2122, 2610]]
389;314;NA;0.9228515625;0.8824925816023739;0.9129250049591064;6199;6489;[2211, 2421, 2329, 2502];[2213, 2420, 2332, 2499];[[2329, 2442], [2316, 2427], [2295, 2432], [2274, 2421], [2270, 2425], [2272, 2437], [2265, 2440], [2216, 2440], [2212, 2443], [2211, 2455], [2232, 2471], [2224, 2480], [2230, 2491], [2257, 2502], [2274, 2495], [2286, 2495], [2297, 2486], [2307, 2485], [2329, 2464]];[[2328, 2443], [2326, 2440], [2324, 2438], [2322, 2435], [2320, 2433], [2314, 2432], [2308, 2430], [2302, 2428], [2296, 2426], [2294, 2423], [2292, 2421], [2282, 2420], [2273, 2421], [2271, 2423], [2268, 2426], [2266, 2428], [2265, 2429], [2267, 2431], [2268, 2436], [2256, 2440], [2244, 2438], [2232, 2436], [2220, 2438], [2216, 2440], [2213, 2451], [2217, 2463], [2221, 2473], [2223, 2483], [2225, 2487], [2226, 2491], [2228, 2493], [2238, 2495], [2248, 2497], [2258, 2499], [2268, 2497], [2276, 2495], [2284, 2493], [2288, 2491], [2292, 2489], [2296, 2487], [2300, 2485], [2302, 2483], [2304, 2481], [2308, 2479], [2312, 2477], [2314, 2475], [2316, 2473], [2318, 2471], [2320, 2469], [2324, 2467], [2328, 2465], [2330, 2463], [2332, 2455], [2330, 2447]]
390;181;NA;0.9306640625;0.858814923189466;0.9225597381591797;5330;4834;[1921, 2833, 1988, 2949];[1923, 2829, 1988, 2947];[[1938, 2833], [1925, 2843], [1921, 2851], [1926, 2896], [1938, 2910], [1941, 2923], [1954, 2940], [1968, 2949], [1975, 2948], [1985, 2939], [1988, 2923], [1985, 2901], [1979, 2888], [1979, 2875], [1965, 2842], [1954, 2834]];[[1951, 2829], [1941, 2831], [1937, 2834], [1933, 2835], [1930, 2838], [1927, 2841], [1925, 2843], [1923, 2864], [1925, 2885], [1928, 2890], [1929, 2894], [1932, 2897], [1934, 2899], [1937, 2901], [1939, 2904], [1941, 2906], [1944, 2909], [1947, 2916], [1948, 2923], [1951, 2925], [1953, 2928], [1956, 2930], [1958, 2932], [1960, 2935], [1963, 2937], [1965, 2939], [1968, 2942], [1970, 2944], [1972, 2947], [1974, 2945], [1976, 2943], [1979, 2939], [1982, 2937], [1983, 2933], [1986, 2928], [1988, 2914], [1986, 2900], [1983, 2893], [1981, 2885], [1979, 2878], [1976, 2871], [1974, 2866], [1971, 2862], [1969, 2852], [1964, 2843], [1960, 2835]]
391;549;NA;0.90966796875;0.8963688290493677;0.94185471534729;4590;4706;[1909, 2441, 2018, 2515];[1910, 2444, 2017, 2515];[[1909, 2461], [1910, 2473], [1921, 2470], [1929, 2484], [1946, 2485], [1962, 2499], [1966, 2515], [1970, 2513], [1976, 2499], [2006, 2501], [2018, 2490], [2016, 2470], [1985, 2449], [1967, 2449], [1956, 2442], [1936, 2441]];[[1913, 2456], [1910, 2463], [1915, 2471], [1921, 2473], [1923, 2475], [1925, 2477], [1928, 2479], [1930, 2481], [1933, 2483], [1937, 2485], [1941, 2487], [1945, 2489], [1948, 2491], [1950, 2493], [1953, 2495], [1957, 2497], [1960, 2499], [1962, 2503], [1964, 2507], [1966, 2511], [1969, 2515], [1973, 2511], [1975, 2507], [1977, 2505], [1991, 2503], [2005, 2501], [2007, 2499], [2009, 2497], [2011, 2495], [2013, 2493], [2015, 2491], [2017, 2479], [2015, 2468], [2013, 2466], [2011, 2463], [2009, 2461], [2005, 2460], [2001, 2458], [1997, 2456], [1993, 2454], [1987, 2452], [1981, 2450], [1973, 2448], [1965, 2446], [1945, 2444], [1926, 2445], [1924, 2447], [1922, 2449], [1920, 2451], [1917, 2454]]
392;699;NA;0.8974609375;0.8345221112696148;0.8260446786880493;5201;5087;[2193, 2491, 2285, 2577];[2200, 2495, 2289, 2575];[[2283, 2505], [2257, 2501], [2251, 2495], [2240, 2491], [2235, 2493], [2229, 2503], [2219, 2503], [2217, 2510], [2222, 2516], [2219, 2524], [2206, 2531], [2194, 2543], [2193, 2555], [2199, 2568], [2207, 2574], [2222, 2577], [2239, 2573], [2247, 2566], [2257, 2564], [2285, 2535]];[[2208, 2495], [2204, 2499], [2207, 2504], [2209, 2509], [2211, 2513], [2213, 2515], [2216, 2518], [2219, 2521], [2216, 2523], [2213, 2526], [2208, 2529], [2204, 2530], [2202, 2533], [2200, 2549], [2206, 2565], [2213, 2568], [2218, 2570], [2223, 2572], [2230, 2575], [2237, 2572], [2242, 2570], [2246, 2568], [2251, 2565], [2256, 2563], [2261, 2560], [2265, 2559], [2267, 2556], [2270, 2554], [2272, 2552], [2274, 2549], [2277, 2547], [2280, 2544], [2282, 2541], [2284, 2533], [2286, 2523], [2289, 2521], [2286, 2518], [2284, 2511], [2280, 2505], [2275, 2502], [2268, 2500], [2262, 2502], [2259, 2504], [2256, 2502], [2251, 2500], [2246, 2498], [2237, 2495], [2228, 2497], [2230, 2498], [2232, 2501], [2228, 2504], [2223, 2502], [2218, 2500], [2213, 2498]]
393;618;NA;0.90576171875;0.8972659486329743;0.8885272741317749;3508;3362;[1628, 2822, 1715, 2874];[1627, 2819, 1712, 2875];[[1628, 2829], [1629, 2852], [1664, 2874], [1696, 2872], [1710, 2867], [1715, 2863], [1715, 2853], [1703, 2837], [1675, 2824], [1666, 2822], [1634, 2823]];[[1630, 2828], [1627, 2840], [1629, 2851], [1631, 2854], [1636, 2856], [1641, 2858], [1646, 2861], [1650, 2863], [1655, 2866], [1660, 2868], [1667, 2870], [1674, 2873], [1684, 2875], [1693, 2873], [1698, 2870], [1702, 2869], [1704, 2866], [1708, 2863], [1710, 2861], [1712, 2854], [1710, 2848], [1708, 2846], [1705, 2843], [1703, 2841], [1700, 2838], [1697, 2835], [1693, 2834], [1689, 2831], [1684, 2829], [1679, 2827], [1674, 2824], [1670, 2822], [1650, 2819], [1632, 2823]]
394;510;NA;0.91162109375;0.7427322404371585;0.7234137058258057;3894;4079;[1873, 2904, 1954, 2971];[1881, 2896, 1964, 2971];[[1874, 2939], [1873, 2956], [1880, 2969], [1884, 2971], [1905, 2971], [1910, 2965], [1918, 2964], [1932, 2952], [1945, 2949], [1949, 2953], [1953, 2953], [1954, 2947], [1950, 2937], [1954, 2930], [1954, 2915], [1945, 2907], [1938, 2905], [1926, 2906], [1909, 2913], [1902, 2904], [1901, 2909], [1894, 2916], [1892, 2928], [1876, 2935]];[[1884, 2932], [1881, 2949], [1882, 2967], [1884, 2969], [1892, 2971], [1900, 2969], [1906, 2967], [1912, 2965], [1916, 2963], [1920, 2961], [1922, 2959], [1924, 2957], [1942, 2955], [1960, 2953], [1962, 2951], [1964, 2947], [1962, 2944], [1960, 2942], [1958, 2940], [1956, 2938], [1954, 2936], [1952, 2934], [1950, 2931], [1948, 2925], [1946, 2919], [1944, 2911], [1942, 2903], [1940, 2899], [1934, 2896], [1928, 2898], [1924, 2900], [1920, 2898], [1912, 2896], [1905, 2897], [1903, 2899], [1900, 2902], [1898, 2904], [1897, 2913], [1895, 2923], [1893, 2925], [1891, 2927], [1888, 2930]]
395;496;NA;0.91259765625;0.8334606569900688;0.9026679992675781;3921;3279;[1851, 2793, 1917, 2885];[1854, 2796, 1917, 2883];[[1862, 2793], [1855, 2796], [1851, 2803], [1852, 2843], [1874, 2877], [1879, 2882], [1889, 2885], [1896, 2876], [1907, 2874], [1915, 2868], [1917, 2860], [1914, 2848], [1886, 2812], [1886, 2805], [1880, 2796], [1873, 2793]];[[1867, 2796], [1854, 2821], [1855, 2847], [1857, 2849], [1860, 2851], [1862, 2855], [1863, 2859], [1865, 2861], [1868, 2863], [1870, 2867], [1871, 2871], [1873, 2873], [1875, 2875], [1877, 2877], [1880, 2879], [1882, 2881], [1885, 2883], [1889, 2881], [1891, 2879], [1893, 2875], [1899, 2871], [1905, 2869], [1909, 2867], [1913, 2863], [1915, 2859], [1917, 2857], [1915, 2855], [1913, 2849], [1911, 2844], [1909, 2842], [1907, 2840], [1905, 2838], [1903, 2836], [1901, 2834], [1899, 2832], [1897, 2830], [1895, 2827], [1893, 2823], [1891, 2819], [1889, 2815], [1887, 2811], [1885, 2805], [1883, 2800], [1881, 2798]]
396;248;NA;0.92626953125;0.8923890549551621;0.9399096369743347;4318;3912;[1779, 2748, 1862, 2828];[1780, 2748, 1859, 2827];[[1853, 2750], [1848, 2748], [1823, 2750], [1811, 2760], [1794, 2768], [1779, 2782], [1779, 2804], [1791, 2819], [1795, 2828], [1804, 2828], [1818, 2820], [1833, 2803], [1855, 2791], [1858, 2786], [1857, 2777], [1862, 2764]];[[1850, 2750], [1839, 2748], [1827, 2750], [1822, 2753], [1817, 2755], [1813, 2757], [1809, 2759], [1806, 2761], [1804, 2764], [1801, 2766], [1798, 2769], [1793, 2772], [1790, 2773], [1787, 2776], [1784, 2779], [1782, 2781], [1780, 2792], [1782, 2804], [1784, 2806], [1787, 2809], [1790, 2814], [1791, 2818], [1793, 2820], [1797, 2823], [1799, 2826], [1801, 2827], [1802, 2826], [1805, 2823], [1808, 2820], [1817, 2818], [1826, 2814], [1828, 2809], [1831, 2804], [1833, 2800], [1836, 2796], [1844, 2794], [1850, 2792], [1852, 2790], [1855, 2781], [1857, 2771], [1859, 2764], [1858, 2757], [1855, 2755], [1852, 2752]]
397;865;NA;0.873046875;0.8414281119330974;0.797468364238739;3006;2719;[1248, 2712, 1323, 2760];[1251, 2715, 1321, 2765];[[1248, 2741], [1252, 2749], [1267, 2759], [1292, 2760], [1305, 2754], [1322, 2737], [1323, 2723], [1308, 2713], [1260, 2712], [1257, 2713], [1252, 2720]];[[1251, 2738], [1257, 2756], [1264, 2758], [1271, 2761], [1278, 2763], [1283, 2765], [1287, 2764], [1290, 2761], [1292, 2759], [1294, 2757], [1298, 2754], [1302, 2751], [1306, 2750], [1309, 2747], [1312, 2744], [1314, 2742], [1316, 2738], [1318, 2733], [1321, 2726], [1319, 2719], [1317, 2717], [1286, 2715], [1255, 2716], [1253, 2719]]
398;945;NA;0.845703125;0.7775725593667546;0.7220321297645569;3790;2947;[1149, 2530, 1228, 2604];[1155, 2532, 1222, 2595];[[1210, 2531], [1193, 2530], [1186, 2533], [1179, 2548], [1157, 2556], [1149, 2565], [1154, 2581], [1164, 2589], [1172, 2592], [1185, 2604], [1191, 2603], [1203, 2595], [1228, 2568], [1225, 2543]];[[1214, 2534], [1202, 2532], [1191, 2533], [1189, 2535], [1186, 2538], [1184, 2540], [1182, 2546], [1176, 2552], [1170, 2554], [1164, 2556], [1159, 2557], [1157, 2559], [1155, 2569], [1156, 2579], [1158, 2581], [1161, 2583], [1163, 2585], [1168, 2587], [1174, 2589], [1178, 2591], [1182, 2593], [1188, 2595], [1194, 2593], [1198, 2591], [1202, 2589], [1204, 2587], [1206, 2583], [1210, 2579], [1214, 2577], [1216, 2575], [1218, 2573], [1220, 2571], [1222, 2557], [1220, 2543], [1218, 2539], [1216, 2536]]
399;984;NA;0.81982421875;0.833378124160172;0.8235186338424683;3539;3283;[1031, 2636, 1104, 2707];[1035, 2640, 1102, 2711];[[1058, 2636], [1053, 2651], [1039, 2653], [1033, 2656], [1031, 2676], [1043, 2688], [1043, 2692], [1052, 2700], [1062, 2706], [1073, 2707], [1085, 2701], [1097, 2688], [1103, 2676], [1104, 2660], [1102, 2655], [1096, 2652], [1078, 2649], [1066, 2637]];[[1062, 2640], [1054, 2646], [1044, 2652], [1035, 2669], [1036, 2687], [1038, 2689], [1040, 2691], [1042, 2693], [1044, 2695], [1046, 2697], [1049, 2699], [1051, 2703], [1052, 2707], [1054, 2709], [1060, 2711], [1066, 2709], [1070, 2707], [1074, 2705], [1078, 2703], [1082, 2701], [1084, 2699], [1086, 2695], [1088, 2691], [1090, 2689], [1092, 2687], [1094, 2685], [1096, 2683], [1098, 2679], [1100, 2675], [1102, 2667], [1100, 2660], [1098, 2658], [1096, 2655], [1094, 2653], [1086, 2652], [1078, 2650], [1076, 2648], [1074, 2646], [1072, 2643], [1070, 2641]]
400;434;NA;0.91650390625;0.9227335164835165;0.9124031662940979;5485;5713;[1146, 2607, 1248, 2689];[1146, 2600, 1249, 2689];[[1146, 2660], [1146, 2678], [1162, 2687], [1211, 2689], [1237, 2675], [1246, 2665], [1248, 2653], [1246, 2648], [1231, 2639], [1219, 2624], [1210, 2620], [1202, 2621], [1193, 2609], [1184, 2607], [1180, 2622]];[[1188, 2600], [1184, 2602], [1182, 2604], [1179, 2614], [1177, 2623], [1174, 2628], [1172, 2633], [1170, 2635], [1167, 2637], [1165, 2640], [1162, 2642], [1160, 2645], [1158, 2647], [1155, 2649], [1153, 2652], [1150, 2655], [1147, 2657], [1146, 2668], [1147, 2680], [1150, 2682], [1155, 2684], [1159, 2687], [1183, 2689], [1207, 2687], [1214, 2684], [1221, 2682], [1228, 2680], [1235, 2678], [1237, 2676], [1240, 2673], [1242, 2671], [1245, 2668], [1248, 2665], [1249, 2661], [1247, 2657], [1244, 2652], [1243, 2648], [1240, 2645], [1237, 2642], [1235, 2637], [1231, 2633], [1226, 2631], [1224, 2629], [1221, 2626], [1218, 2623], [1216, 2621], [1209, 2619], [1202, 2617], [1199, 2614], [1197, 2609], [1195, 2605], [1193, 2603]]
401;590;NA;0.908203125;0.8559257856872396;0.7959492802619934;4787;5016;[1197, 2576, 1311, 2629];[1195, 2572, 1306, 2635];[[1197, 2587], [1197, 2601], [1207, 2612], [1218, 2620], [1230, 2621], [1246, 2629], [1298, 2629], [1311, 2617], [1311, 2596], [1308, 2593], [1295, 2591], [1289, 2584], [1252, 2584], [1234, 2576], [1210, 2576]];[[1198, 2592], [1195, 2599], [1196, 2607], [1198, 2609], [1202, 2611], [1206, 2613], [1210, 2615], [1214, 2617], [1218, 2619], [1222, 2621], [1228, 2623], [1234, 2625], [1242, 2627], [1250, 2629], [1258, 2631], [1266, 2633], [1278, 2635], [1290, 2633], [1296, 2631], [1302, 2629], [1304, 2627], [1306, 2609], [1304, 2592], [1302, 2590], [1298, 2588], [1294, 2586], [1278, 2584], [1262, 2582], [1252, 2580], [1242, 2576], [1230, 2572], [1219, 2573], [1217, 2575], [1214, 2578], [1210, 2580], [1207, 2583], [1205, 2587], [1202, 2590]]
402;269;NA;0.92578125;0.8388079182075266;0.8935366868972778;4446;4007;[1237, 2845, 1302, 2945];[1241, 2848, 1302, 2947];[[1242, 2846], [1237, 2856], [1237, 2865], [1241, 2881], [1248, 2889], [1253, 2901], [1255, 2917], [1262, 2934], [1272, 2945], [1295, 2945], [1302, 2931], [1302, 2905], [1297, 2889], [1276, 2858], [1276, 2849], [1271, 2845]];[[1257, 2848], [1241, 2866], [1244, 2885], [1246, 2890], [1248, 2895], [1251, 2902], [1253, 2909], [1255, 2916], [1257, 2923], [1259, 2925], [1263, 2928], [1265, 2933], [1269, 2937], [1274, 2939], [1276, 2942], [1278, 2944], [1281, 2947], [1283, 2944], [1288, 2942], [1292, 2940], [1294, 2938], [1298, 2935], [1300, 2932], [1302, 2912], [1299, 2890], [1297, 2885], [1294, 2881], [1292, 2876], [1290, 2872], [1288, 2870], [1286, 2867], [1283, 2865], [1281, 2862], [1278, 2860], [1275, 2857], [1273, 2852]]
403;115;NA;0.935546875;0.8927994030593209;0.9206457138061523;7775;7445;[1310, 2639, 1401, 2766];[1315, 2640, 1402, 2767];[[1362, 2639], [1346, 2658], [1313, 2660], [1310, 2685], [1318, 2693], [1341, 2732], [1354, 2738], [1377, 2765], [1384, 2766], [1389, 2765], [1401, 2752], [1401, 2674], [1393, 2664], [1391, 2651], [1381, 2640]];[[1322, 2656], [1319, 2657], [1317, 2659], [1315, 2675], [1316, 2691], [1318, 2693], [1321, 2695], [1323, 2699], [1324, 2703], [1326, 2705], [1328, 2707], [1330, 2709], [1332, 2711], [1334, 2713], [1336, 2715], [1338, 2717], [1340, 2719], [1342, 2721], [1345, 2723], [1347, 2725], [1350, 2727], [1354, 2729], [1356, 2731], [1358, 2733], [1361, 2735], [1363, 2741], [1365, 2747], [1367, 2753], [1368, 2759], [1370, 2761], [1373, 2763], [1375, 2765], [1382, 2767], [1390, 2765], [1392, 2763], [1394, 2761], [1396, 2759], [1398, 2757], [1400, 2755], [1402, 2719], [1400, 2683], [1398, 2675], [1396, 2667], [1394, 2663], [1392, 2659], [1390, 2655], [1388, 2652], [1386, 2650], [1384, 2648], [1382, 2646], [1380, 2643], [1378, 2641], [1368, 2640], [1359, 2641], [1357, 2643], [1354, 2646], [1350, 2648], [1346, 2650], [1342, 2652], [1338, 2654], [1336, 2656], [1334, 2654], [1330, 2652], [1326, 2654]]
404;296;NA;0.92431640625;0.767402086540106;0.7697368264198303;5450;4884;[1354, 2518, 1425, 2641];[1356, 2524, 1440, 2641];[[1406, 2518], [1388, 2518], [1378, 2531], [1371, 2550], [1369, 2578], [1362, 2588], [1361, 2600], [1354, 2611], [1354, 2626], [1365, 2641], [1383, 2641], [1424, 2569], [1425, 2556], [1419, 2546], [1417, 2534]];[[1406, 2525], [1402, 2524], [1398, 2526], [1388, 2529], [1379, 2530], [1377, 2533], [1375, 2537], [1372, 2542], [1370, 2547], [1372, 2552], [1375, 2568], [1372, 2585], [1370, 2592], [1368, 2599], [1365, 2604], [1363, 2609], [1360, 2618], [1358, 2628], [1356, 2630], [1357, 2632], [1360, 2634], [1363, 2637], [1365, 2640], [1371, 2641], [1379, 2639], [1383, 2637], [1387, 2633], [1390, 2628], [1392, 2621], [1395, 2614], [1397, 2606], [1399, 2599], [1402, 2595], [1404, 2590], [1407, 2587], [1412, 2584], [1417, 2582], [1422, 2579], [1426, 2578], [1428, 2575], [1430, 2573], [1433, 2571], [1436, 2568], [1438, 2565], [1440, 2559], [1433, 2552], [1426, 2550], [1423, 2547], [1421, 2542], [1419, 2538], [1417, 2536], [1414, 2533], [1412, 2531], [1409, 2528]]
405;495;NA;0.91259765625;0.6824632539280284;0.8240053653717041;3904;2735;[1311, 2428, 1356, 2526];[1311, 2432, 1350, 2527];[[1328, 2428], [1318, 2435], [1311, 2449], [1311, 2523], [1318, 2525], [1328, 2522], [1338, 2526], [1345, 2525], [1353, 2513], [1356, 2485], [1348, 2445], [1348, 2431], [1345, 2428]];[[1336, 2432], [1323, 2433], [1325, 2435], [1327, 2441], [1325, 2447], [1323, 2453], [1321, 2459], [1319, 2465], [1317, 2471], [1315, 2475], [1313, 2479], [1311, 2503], [1316, 2527], [1322, 2525], [1324, 2523], [1326, 2525], [1332, 2527], [1338, 2525], [1340, 2523], [1342, 2515], [1344, 2507], [1346, 2499], [1348, 2491], [1350, 2461]]
406;410;NA;0.91845703125;0.9179566563467493;0.9572703838348389;4963;4949;[939, 2444, 1037, 2524];[939, 2444, 1034, 2523];[[1009, 2450], [1001, 2445], [990, 2444], [968, 2460], [941, 2495], [939, 2514], [942, 2523], [956, 2523], [966, 2516], [982, 2516], [1001, 2524], [1020, 2524], [1037, 2512], [1033, 2502], [1007, 2482], [1006, 2476], [1014, 2462]];[[1006, 2445], [994, 2444], [983, 2445], [981, 2447], [979, 2451], [977, 2455], [975, 2457], [973, 2459], [970, 2462], [966, 2464], [963, 2465], [961, 2467], [958, 2470], [956, 2472], [955, 2475], [953, 2479], [951, 2483], [949, 2487], [946, 2490], [942, 2492], [939, 2507], [948, 2523], [958, 2521], [980, 2519], [1002, 2521], [1014, 2523], [1026, 2521], [1028, 2519], [1030, 2517], [1032, 2515], [1034, 2509], [1032, 2504], [1030, 2502], [1028, 2500], [1026, 2498], [1024, 2496], [1022, 2494], [1020, 2491], [1018, 2489], [1014, 2488], [1010, 2486], [1008, 2483], [1006, 2479], [1008, 2475], [1010, 2471], [1012, 2467], [1014, 2459], [1012, 2452], [1010, 2450], [1008, 2447]]
407;96;NA;0.9365234375;0.8947368421052632;0.8606307506561279;3649;3659;[1292, 2909, 1344, 2999];[1295, 2908, 1342, 3003];[[1331, 2909], [1312, 2910], [1306, 2919], [1305, 2929], [1292, 2954], [1292, 2965], [1297, 2975], [1302, 2997], [1305, 2999], [1328, 2998], [1339, 2975], [1339, 2966], [1344, 2952], [1344, 2928], [1340, 2919]];[[1322, 2908], [1311, 2909], [1309, 2911], [1307, 2915], [1305, 2919], [1303, 2927], [1301, 2935], [1299, 2941], [1297, 2947], [1295, 2965], [1297, 2983], [1299, 2989], [1300, 2995], [1302, 2997], [1305, 2999], [1307, 3001], [1316, 3003], [1326, 3001], [1328, 2999], [1330, 2995], [1332, 2991], [1334, 2987], [1336, 2983], [1338, 2969], [1340, 2955], [1342, 2935], [1340, 2916], [1338, 2914], [1336, 2911], [1334, 2909]]
408;56;NA;0.94091796875;0.9221052631578948;0.9057279229164124;3256;3135;[1212, 2913, 1284, 2979];[1213, 2910, 1282, 2980];[[1212, 2920], [1212, 2937], [1231, 2972], [1241, 2977], [1263, 2979], [1277, 2978], [1284, 2967], [1283, 2956], [1248, 2920], [1236, 2914], [1227, 2913], [1219, 2914]];[[1224, 2910], [1213, 2926], [1214, 2942], [1217, 2944], [1220, 2947], [1222, 2955], [1224, 2961], [1226, 2963], [1228, 2966], [1231, 2968], [1234, 2971], [1236, 2974], [1245, 2975], [1255, 2978], [1264, 2980], [1273, 2978], [1275, 2976], [1278, 2973], [1281, 2970], [1282, 2964], [1280, 2957], [1278, 2952], [1276, 2948], [1274, 2946], [1271, 2943], [1269, 2941], [1267, 2939], [1264, 2936], [1262, 2934], [1259, 2932], [1257, 2929], [1255, 2927], [1252, 2924], [1250, 2922], [1247, 2919], [1244, 2916], [1240, 2915], [1236, 2912]]
409;508;NA;0.91162109375;0.5580876494023904;0.6532033681869507;3682;6095;[1142, 2832, 1231, 2899];[1147, 2832, 1238, 2923];[[1160, 2834], [1142, 2854], [1145, 2862], [1163, 2867], [1158, 2876], [1157, 2890], [1165, 2899], [1200, 2882], [1202, 2869], [1230, 2854], [1231, 2846], [1226, 2835], [1209, 2832]];[[1162, 2832], [1155, 2835], [1153, 2839], [1150, 2842], [1148, 2844], [1147, 2855], [1153, 2867], [1159, 2879], [1160, 2891], [1162, 2893], [1166, 2895], [1170, 2897], [1174, 2899], [1178, 2901], [1181, 2903], [1183, 2907], [1184, 2911], [1186, 2913], [1188, 2915], [1190, 2917], [1193, 2919], [1195, 2921], [1198, 2923], [1202, 2921], [1206, 2919], [1210, 2915], [1214, 2911], [1218, 2909], [1220, 2907], [1222, 2905], [1226, 2903], [1230, 2899], [1232, 2895], [1234, 2885], [1236, 2875], [1238, 2857], [1236, 2840], [1234, 2838], [1230, 2836], [1226, 2834], [1210, 2832], [1194, 2834], [1182, 2836], [1170, 2834]]
410;625;NA;0.9052734375;0.8601936218678815;0.7666129469871521;3493;3040;[1349, 2801, 1407, 2885];[1358, 2804, 1405, 2887];[[1374, 2801], [1368, 2804], [1361, 2817], [1354, 2823], [1349, 2837], [1354, 2848], [1357, 2870], [1363, 2881], [1369, 2885], [1391, 2884], [1405, 2876], [1407, 2860], [1404, 2846], [1389, 2813], [1380, 2803]];[[1377, 2804], [1370, 2805], [1368, 2807], [1366, 2811], [1364, 2815], [1361, 2818], [1359, 2820], [1358, 2847], [1360, 2875], [1362, 2879], [1365, 2883], [1369, 2885], [1375, 2887], [1381, 2885], [1389, 2883], [1397, 2881], [1399, 2879], [1401, 2877], [1403, 2875], [1405, 2863], [1403, 2851], [1401, 2847], [1399, 2843], [1397, 2837], [1395, 2831], [1393, 2825], [1391, 2819], [1389, 2815], [1387, 2811], [1385, 2807]]
411;134;NA;0.93359375;0.8887557419612543;0.8664156794548035;4694;4763;[1008, 2544, 1082, 2642];[1011, 2548, 1086, 2643];[[1025, 2544], [1014, 2554], [1009, 2563], [1008, 2583], [1014, 2597], [1015, 2617], [1022, 2632], [1032, 2642], [1041, 2642], [1052, 2632], [1056, 2621], [1067, 2612], [1082, 2607], [1082, 2596], [1063, 2594], [1058, 2588], [1060, 2568], [1064, 2559], [1063, 2550], [1059, 2546], [1052, 2545], [1046, 2548], [1036, 2544]];[[1038, 2548], [1019, 2549], [1017, 2551], [1015, 2555], [1013, 2559], [1011, 2581], [1013, 2603], [1015, 2613], [1017, 2623], [1019, 2627], [1020, 2631], [1022, 2633], [1024, 2635], [1026, 2637], [1029, 2639], [1031, 2641], [1036, 2643], [1042, 2641], [1046, 2639], [1050, 2635], [1052, 2631], [1054, 2627], [1056, 2623], [1058, 2621], [1060, 2619], [1062, 2617], [1068, 2615], [1074, 2613], [1078, 2611], [1082, 2609], [1084, 2607], [1086, 2601], [1082, 2596], [1078, 2594], [1072, 2592], [1066, 2590], [1064, 2587], [1062, 2575], [1064, 2563], [1066, 2559], [1064, 2556], [1062, 2554], [1060, 2551], [1058, 2549]]
412;660;NA;0.9013671875;0.819706944149501;0.8736000061035156;4522;4047;[1342, 2430, 1415, 2529];[1343, 2436, 1418, 2527];[[1380, 2430], [1375, 2431], [1369, 2444], [1360, 2447], [1350, 2456], [1343, 2476], [1342, 2505], [1346, 2521], [1351, 2529], [1370, 2523], [1415, 2476], [1414, 2463], [1395, 2450], [1388, 2434]];[[1386, 2437], [1380, 2436], [1374, 2438], [1368, 2440], [1363, 2441], [1361, 2443], [1359, 2447], [1357, 2451], [1355, 2459], [1353, 2467], [1351, 2479], [1349, 2491], [1347, 2501], [1345, 2511], [1343, 2517], [1344, 2523], [1346, 2525], [1352, 2527], [1358, 2525], [1362, 2523], [1366, 2521], [1368, 2519], [1370, 2517], [1372, 2515], [1374, 2511], [1376, 2507], [1378, 2505], [1382, 2503], [1386, 2501], [1390, 2499], [1394, 2497], [1396, 2495], [1398, 2493], [1402, 2491], [1406, 2489], [1408, 2487], [1410, 2485], [1412, 2483], [1414, 2479], [1416, 2475], [1418, 2469], [1416, 2464], [1414, 2462], [1412, 2459], [1410, 2457], [1406, 2456], [1402, 2454], [1400, 2452], [1398, 2450], [1396, 2448], [1394, 2446], [1392, 2444], [1390, 2442], [1388, 2439]]
413;577;NA;0.90869140625;0.8863939528679413;0.9203854203224182;4377;4108;[917, 2851, 1019, 2909];[919, 2852, 1018, 2907];[[1019, 2877], [1011, 2862], [999, 2852], [992, 2851], [982, 2856], [961, 2857], [952, 2861], [939, 2862], [923, 2873], [917, 2886], [923, 2897], [933, 2904], [977, 2909], [999, 2903], [1010, 2896], [1019, 2883]];[[1018, 2879], [1016, 2871], [1014, 2867], [1010, 2864], [1006, 2862], [1004, 2859], [1002, 2855], [992, 2852], [982, 2854], [964, 2856], [946, 2858], [942, 2860], [939, 2861], [937, 2863], [934, 2866], [930, 2868], [927, 2869], [925, 2871], [922, 2874], [920, 2876], [919, 2885], [920, 2895], [922, 2897], [925, 2899], [927, 2901], [934, 2903], [942, 2905], [948, 2907], [954, 2905], [968, 2903], [982, 2901], [990, 2899], [998, 2897], [1004, 2895], [1010, 2893], [1012, 2891], [1014, 2889], [1016, 2887]]
414;177;NA;0.93115234375;0.8634280476626948;0.9084123373031616;3199;2900;[1289, 2732, 1369, 2791];[1289, 2729, 1368, 2789];[[1368, 2744], [1354, 2732], [1335, 2732], [1323, 2737], [1300, 2752], [1291, 2763], [1289, 2773], [1290, 2787], [1296, 2791], [1307, 2791], [1312, 2788], [1321, 2787], [1334, 2778], [1341, 2777], [1353, 2769], [1362, 2766], [1369, 2758]];[[1359, 2733], [1345, 2729], [1332, 2730], [1329, 2733], [1327, 2735], [1325, 2738], [1322, 2740], [1320, 2742], [1317, 2745], [1315, 2747], [1312, 2750], [1307, 2753], [1303, 2754], [1301, 2757], [1298, 2760], [1295, 2762], [1294, 2766], [1291, 2771], [1289, 2778], [1290, 2784], [1293, 2787], [1305, 2789], [1317, 2787], [1321, 2784], [1326, 2782], [1331, 2780], [1336, 2777], [1340, 2775], [1345, 2773], [1350, 2770], [1354, 2769], [1356, 2766], [1360, 2763], [1362, 2761], [1364, 2757], [1366, 2752], [1368, 2750], [1366, 2747], [1364, 2742], [1361, 2738]]
415;604;NA;0.9072265625;0.8437794089968003;0.7805348038673401;4966;4830;[981, 2879, 1092, 2946];[984, 2886, 1097, 2951];[[981, 2907], [987, 2921], [996, 2928], [1007, 2930], [1014, 2935], [1022, 2935], [1032, 2941], [1039, 2941], [1046, 2946], [1076, 2946], [1089, 2939], [1092, 2934], [1090, 2914], [1072, 2906], [1065, 2893], [1049, 2892], [1039, 2895], [1019, 2879], [1011, 2879], [998, 2885]];[[992, 2901], [984, 2909], [985, 2918], [988, 2920], [991, 2924], [993, 2926], [997, 2928], [1002, 2930], [1007, 2932], [1011, 2935], [1019, 2937], [1026, 2939], [1031, 2942], [1035, 2944], [1042, 2947], [1050, 2949], [1059, 2951], [1069, 2949], [1076, 2947], [1082, 2945], [1085, 2943], [1088, 2939], [1090, 2937], [1092, 2933], [1094, 2928], [1097, 2926], [1094, 2924], [1092, 2919], [1090, 2915], [1088, 2912], [1083, 2910], [1078, 2908], [1076, 2905], [1073, 2903], [1071, 2901], [1069, 2898], [1066, 2895], [1063, 2893], [1047, 2891], [1031, 2889], [1023, 2886], [1017, 2888], [1015, 2890], [1011, 2893], [1007, 2896], [1002, 2898]]
416;995;NA;0.77978515625;0.4688392625292132;0.4931420385837555;7591;3722;[968, 2645, 1090, 2774];[1007, 2680, 1090, 2775];[[998, 2645], [990, 2658], [996, 2680], [996, 2698], [986, 2711], [972, 2718], [968, 2726], [971, 2734], [982, 2742], [1003, 2744], [1020, 2742], [1030, 2732], [1040, 2739], [1056, 2770], [1074, 2774], [1086, 2772], [1090, 2768], [1090, 2746], [1082, 2736], [1079, 2723], [1029, 2668], [1016, 2646]];[[1022, 2680], [1011, 2681], [1009, 2683], [1007, 2693], [1012, 2703], [1018, 2705], [1020, 2707], [1022, 2709], [1025, 2711], [1027, 2717], [1032, 2723], [1038, 2725], [1041, 2727], [1043, 2741], [1044, 2755], [1046, 2757], [1048, 2759], [1050, 2761], [1052, 2763], [1054, 2765], [1057, 2767], [1059, 2769], [1062, 2771], [1066, 2773], [1074, 2775], [1082, 2773], [1084, 2771], [1086, 2769], [1088, 2767], [1090, 2757], [1088, 2747], [1086, 2737], [1084, 2728], [1082, 2726], [1080, 2724], [1078, 2722], [1076, 2719], [1074, 2715], [1066, 2712], [1058, 2710], [1056, 2708], [1054, 2706], [1052, 2704], [1050, 2702], [1048, 2700], [1046, 2698], [1044, 2696], [1042, 2694], [1040, 2691], [1038, 2687], [1036, 2684], [1034, 2682]]
417;909;NA;0.85791015625;0.8113257475522625;0.8391544222831726;3737;3108;[3567, 2364, 3631, 2449];[3572, 2364, 3627, 2447];[[3619, 2370], [3600, 2364], [3590, 2371], [3589, 2397], [3575, 2411], [3568, 2424], [3567, 2437], [3571, 2446], [3589, 2447], [3594, 2444], [3600, 2449], [3610, 2449], [3618, 2440], [3631, 2400], [3631, 2388]];[[3601, 2364], [3596, 2365], [3594, 2367], [3591, 2370], [3589, 2372], [3588, 2379], [3590, 2387], [3592, 2391], [3590, 2395], [3588, 2399], [3586, 2403], [3583, 2406], [3579, 2408], [3576, 2411], [3574, 2415], [3572, 2427], [3577, 2439], [3583, 2441], [3586, 2443], [3588, 2445], [3597, 2447], [3607, 2445], [3609, 2443], [3611, 2441], [3613, 2439], [3615, 2435], [3617, 2431], [3619, 2429], [3621, 2427], [3623, 2421], [3625, 2415], [3627, 2401], [3625, 2388], [3623, 2386], [3621, 2383], [3619, 2379], [3617, 2376], [3615, 2374], [3613, 2372], [3611, 2370], [3609, 2367], [3607, 2365]]
418;497;NA;0.91259765625;0.8386631401779274;0.8376277089118958;3861;3786;[3492, 2222, 3562, 2310];[3488, 2228, 3559, 2311];[[3546, 2222], [3535, 2222], [3518, 2239], [3513, 2241], [3503, 2239], [3499, 2242], [3503, 2247], [3512, 2246], [3515, 2251], [3493, 2275], [3492, 2298], [3496, 2308], [3505, 2310], [3522, 2308], [3540, 2289], [3562, 2244], [3557, 2232]];[[3551, 2229], [3537, 2228], [3523, 2232], [3519, 2236], [3515, 2238], [3507, 2240], [3500, 2243], [3501, 2247], [3503, 2249], [3506, 2251], [3508, 2253], [3506, 2255], [3504, 2259], [3502, 2263], [3500, 2265], [3498, 2267], [3495, 2270], [3493, 2272], [3492, 2275], [3490, 2279], [3488, 2291], [3489, 2303], [3491, 2305], [3494, 2307], [3496, 2309], [3507, 2311], [3519, 2309], [3521, 2307], [3523, 2305], [3525, 2303], [3527, 2301], [3529, 2299], [3531, 2297], [3533, 2295], [3535, 2293], [3537, 2291], [3539, 2287], [3541, 2283], [3543, 2277], [3545, 2271], [3547, 2267], [3549, 2263], [3551, 2257], [3553, 2251], [3555, 2249], [3557, 2247], [3559, 2241], [3557, 2236], [3555, 2234], [3553, 2231]]
419;690;NA;0.8984375;0.804093567251462;0.7879924774169922;3922;3482;[3258, 2286, 3341, 2346];[3263, 2281, 3333, 2346];[[3262, 2296], [3258, 2304], [3258, 2333], [3269, 2345], [3276, 2346], [3308, 2344], [3316, 2336], [3326, 2316], [3336, 2311], [3341, 2303], [3341, 2298], [3329, 2287], [3285, 2288], [3278, 2286]];[[3333, 2301], [3329, 2290], [3324, 2288], [3312, 2285], [3300, 2283], [3296, 2281], [3292, 2282], [3289, 2285], [3286, 2290], [3276, 2295], [3268, 2297], [3265, 2299], [3263, 2318], [3265, 2336], [3267, 2339], [3270, 2342], [3272, 2344], [3284, 2346], [3296, 2343], [3305, 2341], [3315, 2339], [3319, 2336], [3323, 2328], [3326, 2318], [3329, 2315], [3331, 2312]]
420;511;NA;0.91162109375;0.8692251283304816;0.8619580268859863;3825;3822;[3302, 2397, 3404, 2455];[3300, 2392, 3399, 2455];[[3302, 2400], [3302, 2411], [3348, 2448], [3357, 2448], [3365, 2455], [3393, 2455], [3404, 2443], [3404, 2436], [3387, 2417], [3367, 2404], [3349, 2398], [3309, 2397]];[[3302, 2399], [3300, 2405], [3301, 2411], [3303, 2413], [3305, 2415], [3307, 2417], [3309, 2419], [3311, 2421], [3314, 2423], [3316, 2425], [3319, 2427], [3323, 2429], [3325, 2431], [3327, 2433], [3330, 2435], [3332, 2437], [3335, 2439], [3339, 2441], [3343, 2443], [3347, 2445], [3350, 2447], [3352, 2449], [3355, 2451], [3359, 2453], [3375, 2455], [3391, 2453], [3393, 2451], [3395, 2449], [3397, 2447], [3399, 2439], [3397, 2432], [3395, 2430], [3393, 2428], [3391, 2426], [3389, 2424], [3387, 2422], [3385, 2420], [3383, 2418], [3381, 2415], [3379, 2413], [3375, 2412], [3371, 2410], [3369, 2407], [3367, 2405], [3363, 2404], [3359, 2402], [3351, 2400], [3343, 2398], [3341, 2395], [3339, 2393], [3325, 2392], [3311, 2394], [3307, 2396], [3304, 2397]]
421;832;NA;0.8798828125;0.5970724191063174;0.6941649913787842;3894;2325;[3096, 2233, 3173, 2304];[3102, 2243, 3171, 2298];[[3099, 2246], [3096, 2260], [3097, 2278], [3099, 2283], [3108, 2292], [3123, 2295], [3135, 2302], [3146, 2304], [3163, 2303], [3167, 2299], [3173, 2288], [3166, 2270], [3156, 2256], [3131, 2234], [3124, 2233], [3117, 2235]];[[3122, 2243], [3102, 2260], [3108, 2277], [3115, 2280], [3122, 2284], [3129, 2287], [3136, 2291], [3143, 2294], [3154, 2298], [3164, 2296], [3167, 2292], [3171, 2285], [3168, 2279], [3165, 2275], [3161, 2272], [3158, 2268], [3153, 2263], [3149, 2256], [3147, 2250], [3143, 2247]]
422;362;NA;0.9208984375;0.8962174491541532;0.9253731369972229;4898;5078;[3433, 1919, 3497, 2013];[3430, 1919, 3495, 2013];[[3478, 1919], [3452, 1919], [3438, 1927], [3433, 1936], [3435, 1962], [3441, 1969], [3442, 1975], [3435, 1986], [3433, 1997], [3443, 2000], [3448, 1994], [3449, 2007], [3456, 2013], [3469, 2011], [3479, 2004], [3489, 1989], [3491, 1974], [3496, 1963], [3497, 1930]];[[3462, 1919], [3439, 1921], [3437, 1923], [3434, 1927], [3431, 1929], [3430, 1942], [3431, 1956], [3434, 1958], [3437, 1962], [3439, 1969], [3437, 1976], [3435, 1985], [3432, 1995], [3430, 1997], [3431, 1999], [3434, 2001], [3441, 2004], [3448, 2006], [3451, 2009], [3454, 2012], [3462, 2013], [3471, 2012], [3474, 2009], [3476, 2007], [3478, 2004], [3481, 2001], [3484, 1999], [3485, 1995], [3488, 1990], [3490, 1981], [3493, 1971], [3495, 1969], [3493, 1966], [3490, 1959], [3493, 1952], [3495, 1942], [3493, 1933], [3490, 1928], [3489, 1924], [3486, 1922]]
423;175;NA;0.93115234375;0.9090247452692868;0.9012439846992493;5219;5273;[3199, 2410, 3304, 2483];[3204, 2412, 3307, 2483];[[3199, 2441], [3206, 2454], [3217, 2465], [3230, 2467], [3238, 2474], [3278, 2475], [3287, 2483], [3291, 2483], [3304, 2471], [3303, 2451], [3294, 2442], [3294, 2432], [3270, 2410], [3238, 2411], [3224, 2426], [3207, 2430]];[[3206, 2431], [3204, 2443], [3205, 2455], [3207, 2457], [3209, 2459], [3211, 2461], [3214, 2463], [3216, 2465], [3219, 2467], [3223, 2469], [3229, 2471], [3235, 2473], [3255, 2475], [3275, 2477], [3279, 2479], [3283, 2481], [3291, 2483], [3299, 2481], [3301, 2479], [3303, 2475], [3305, 2471], [3307, 2463], [3305, 2456], [3303, 2454], [3301, 2452], [3299, 2450], [3297, 2448], [3295, 2446], [3293, 2443], [3291, 2437], [3289, 2431], [3287, 2427], [3285, 2424], [3283, 2422], [3281, 2419], [3279, 2417], [3275, 2416], [3271, 2414], [3249, 2412], [3228, 2413], [3226, 2415], [3224, 2419], [3226, 2423], [3227, 2426], [3217, 2428], [3208, 2429]]
424;174;NA;0.93115234375;0.8222900763358779;0.813998281955719;5799;6137;[2964, 2310, 3059, 2401];[2964, 2312, 3063, 2415];[[2970, 2313], [2964, 2324], [2967, 2347], [2982, 2362], [2993, 2362], [2998, 2366], [2979, 2384], [2981, 2392], [3014, 2395], [3024, 2384], [3031, 2393], [3045, 2401], [3059, 2389], [3058, 2362], [3051, 2354], [3047, 2342], [3025, 2320], [3004, 2319], [2988, 2310]];[[2965, 2324], [2964, 2333], [2965, 2343], [2967, 2345], [2969, 2347], [2971, 2349], [2973, 2351], [2975, 2353], [2977, 2355], [2979, 2357], [2982, 2359], [2984, 2361], [2987, 2363], [2991, 2365], [2994, 2367], [2996, 2369], [2994, 2371], [2991, 2374], [2987, 2376], [2983, 2378], [2979, 2380], [2976, 2383], [2974, 2387], [2972, 2391], [2977, 2395], [2983, 2393], [2993, 2391], [3003, 2393], [3002, 2395], [3000, 2405], [3003, 2415], [3007, 2413], [3009, 2411], [3011, 2409], [3013, 2407], [3015, 2405], [3017, 2403], [3019, 2401], [3021, 2399], [3023, 2397], [3031, 2395], [3039, 2397], [3047, 2399], [3055, 2397], [3057, 2395], [3059, 2391], [3061, 2387], [3063, 2379], [3061, 2371], [3059, 2365], [3057, 2359], [3055, 2355], [3053, 2351], [3051, 2347], [3049, 2344], [3047, 2342], [3041, 2340], [3035, 2338], [3031, 2336], [3027, 2334], [3023, 2332], [3019, 2330], [3017, 2328], [3015, 2326], [3013, 2323], [3011, 2319], [3009, 2316], [3007, 2314], [2991, 2312], [2976, 2313], [2974, 2315], [2972, 2317], [2970, 2319], [2967, 2322]]
425;746;NA;0.89306640625;0.8507819287576021;0.87852942943573;4132;4389;[2975, 1910, 3083, 1968];[2980, 1907, 3085, 1969];[[2975, 1929], [2975, 1948], [2987, 1957], [3004, 1961], [3014, 1968], [3024, 1962], [3040, 1967], [3053, 1967], [3066, 1960], [3078, 1959], [3083, 1954], [3082, 1938], [3063, 1925], [3025, 1925], [3020, 1920], [3017, 1910], [3014, 1910], [3003, 1923], [2979, 1925]];[[2984, 1927], [2980, 1941], [2982, 1955], [2986, 1958], [2997, 1962], [3008, 1965], [3029, 1969], [3050, 1965], [3065, 1962], [3078, 1959], [3081, 1956], [3085, 1949], [3081, 1941], [3078, 1934], [3068, 1928], [3058, 1925], [3043, 1921], [3029, 1918], [3024, 1913], [3021, 1909], [3015, 1907], [3008, 1914], [2997, 1921], [2987, 1924]]
426;466;NA;0.9150390625;0.7508305647840532;0.8200836777687073;2592;2151;[3155, 2271, 3227, 2321];[3159, 2272, 3228, 2327];[[3226, 2274], [3223, 2272], [3209, 2271], [3200, 2272], [3193, 2277], [3186, 2278], [3166, 2295], [3157, 2298], [3155, 2302], [3155, 2312], [3157, 2316], [3165, 2321], [3188, 2321], [3217, 2309], [3227, 2294]];[[3228, 2281], [3211, 2272], [3194, 2275], [3186, 2279], [3180, 2281], [3177, 2285], [3173, 2292], [3166, 2299], [3159, 2310], [3161, 2319], [3165, 2323], [3176, 2327], [3185, 2324], [3189, 2321], [3192, 2317], [3196, 2314], [3201, 2309], [3208, 2305], [3215, 2298], [3222, 2291]]
427;147;NA;0.9326171875;0.8828743870237646;0.9188859462738037;5135;4848;[3100, 2331, 3192, 2425];[3096, 2332, 3191, 2423];[[3181, 2331], [3160, 2331], [3141, 2350], [3103, 2351], [3100, 2354], [3102, 2370], [3111, 2383], [3102, 2396], [3113, 2422], [3124, 2425], [3135, 2418], [3184, 2367], [3191, 2356], [3192, 2344]];[[3183, 2334], [3173, 2332], [3164, 2333], [3162, 2335], [3160, 2339], [3158, 2343], [3156, 2345], [3154, 2347], [3152, 2349], [3150, 2351], [3147, 2354], [3139, 2356], [3131, 2354], [3127, 2352], [3123, 2350], [3109, 2348], [3096, 2351], [3098, 2355], [3100, 2357], [3098, 2359], [3096, 2365], [3099, 2371], [3103, 2373], [3106, 2375], [3108, 2383], [3106, 2391], [3104, 2397], [3105, 2403], [3107, 2405], [3112, 2407], [3116, 2411], [3114, 2415], [3112, 2417], [3113, 2419], [3115, 2421], [3121, 2423], [3127, 2421], [3131, 2419], [3135, 2417], [3137, 2415], [3139, 2413], [3141, 2411], [3143, 2409], [3145, 2407], [3147, 2405], [3149, 2403], [3151, 2401], [3153, 2399], [3155, 2397], [3157, 2395], [3159, 2393], [3161, 2391], [3163, 2389], [3165, 2387], [3167, 2385], [3169, 2383], [3171, 2381], [3173, 2379], [3175, 2377], [3177, 2375], [3179, 2373], [3181, 2371], [3183, 2369], [3185, 2367], [3187, 2361], [3189, 2355], [3191, 2349], [3189, 2343], [3187, 2339], [3185, 2336]]
428;875;NA;0.87060546875;0.7265841959101237;0.6730701923370361;3905;2934;[3137, 2066, 3201, 2154];[3152, 2064, 3199, 2148];[[3189, 2067], [3181, 2066], [3169, 2075], [3162, 2083], [3160, 2093], [3146, 2106], [3142, 2115], [3137, 2117], [3138, 2126], [3143, 2135], [3156, 2151], [3163, 2154], [3175, 2154], [3184, 2148], [3192, 2140], [3201, 2124], [3201, 2093], [3193, 2070]];[[3183, 2064], [3173, 2067], [3170, 2070], [3166, 2081], [3163, 2092], [3159, 2099], [3155, 2106], [3152, 2120], [3154, 2133], [3158, 2137], [3163, 2142], [3166, 2145], [3176, 2148], [3185, 2145], [3189, 2142], [3194, 2137], [3197, 2133], [3199, 2110], [3196, 2085], [3192, 2074]]
429;481;NA;0.9130859375;0.8136265320836338;0.8239031434059143;5475;4587;[3412, 2346, 3498, 2443];[3412, 2348, 3491, 2435];[[3454, 2346], [3442, 2360], [3439, 2388], [3412, 2416], [3412, 2428], [3416, 2432], [3435, 2434], [3445, 2441], [3455, 2439], [3480, 2443], [3492, 2441], [3497, 2436], [3498, 2425], [3489, 2408], [3488, 2370], [3472, 2349], [3467, 2346]];[[3475, 2349], [3465, 2348], [3456, 2349], [3454, 2351], [3451, 2354], [3449, 2356], [3448, 2363], [3446, 2371], [3444, 2377], [3442, 2383], [3440, 2387], [3438, 2391], [3436, 2393], [3434, 2395], [3432, 2397], [3430, 2399], [3427, 2402], [3423, 2404], [3420, 2405], [3418, 2407], [3415, 2410], [3413, 2412], [3412, 2421], [3415, 2431], [3419, 2433], [3421, 2435], [3423, 2433], [3451, 2431], [3479, 2433], [3483, 2435], [3487, 2433], [3489, 2431], [3491, 2421], [3489, 2411], [3487, 2391], [3485, 2371], [3483, 2363], [3481, 2356], [3479, 2354], [3477, 2351]]
430;173;NA;0.93115234375;0.8875489900512511;0.8724461197853088;6398;6124;[3082, 1921, 3179, 2031];[3088, 1924, 3175, 2031];[[3176, 1932], [3163, 1932], [3152, 1941], [3144, 1941], [3138, 1935], [3135, 1921], [3112, 1922], [3107, 1928], [3102, 1947], [3090, 1954], [3082, 1965], [3093, 1986], [3085, 1996], [3086, 2001], [3109, 2007], [3120, 2031], [3133, 2027], [3146, 2014], [3161, 1978], [3169, 1969], [3170, 1957], [3179, 1948]];[[3125, 1924], [3116, 1925], [3114, 1927], [3111, 1930], [3107, 1932], [3104, 1933], [3102, 1935], [3100, 1939], [3098, 1943], [3096, 1949], [3092, 1955], [3088, 1977], [3089, 1999], [3091, 2001], [3095, 2003], [3099, 2005], [3103, 2007], [3107, 2009], [3110, 2011], [3112, 2015], [3113, 2019], [3115, 2021], [3117, 2023], [3119, 2025], [3122, 2027], [3124, 2029], [3129, 2031], [3135, 2029], [3137, 2027], [3139, 2025], [3141, 2023], [3143, 2019], [3145, 2015], [3147, 2009], [3149, 2003], [3151, 1999], [3153, 1995], [3155, 1991], [3157, 1987], [3159, 1983], [3161, 1979], [3163, 1975], [3165, 1971], [3167, 1967], [3169, 1963], [3171, 1959], [3173, 1955], [3175, 1947], [3173, 1940], [3171, 1938], [3165, 1936], [3159, 1938], [3151, 1940], [3143, 1938], [3141, 1935], [3139, 1931], [3137, 1928], [3135, 1926]]
431;156;NA;0.93212890625;0.8488418530351438;0.8980961441993713;4926;4333;[3273, 2133, 3359, 2216];[3272, 2133, 3352, 2217];[[3349, 2133], [3327, 2133], [3314, 2142], [3278, 2142], [3275, 2145], [3273, 2153], [3275, 2169], [3320, 2216], [3340, 2215], [3352, 2203], [3352, 2188], [3345, 2177], [3344, 2170], [3359, 2149], [3359, 2145]];[[3291, 2142], [3277, 2144], [3275, 2146], [3272, 2161], [3274, 2174], [3276, 2177], [3281, 2179], [3286, 2181], [3291, 2184], [3296, 2186], [3298, 2188], [3300, 2191], [3303, 2193], [3305, 2196], [3308, 2199], [3311, 2204], [3315, 2208], [3319, 2210], [3324, 2212], [3329, 2215], [3331, 2217], [3334, 2215], [3338, 2212], [3342, 2208], [3345, 2204], [3347, 2192], [3345, 2180], [3342, 2170], [3345, 2161], [3347, 2156], [3350, 2151], [3352, 2146], [3350, 2142], [3347, 2137], [3336, 2133], [3325, 2134], [3323, 2137], [3319, 2140], [3315, 2142], [3310, 2145], [3307, 2147], [3305, 2145]]
432;607;NA;0.90673828125;0.8361027190332326;0.8354552388191223;3911;3382;[3215, 2223, 3293, 2284];[3220, 2220, 3291, 2287];[[3293, 2236], [3285, 2228], [3275, 2223], [3244, 2231], [3226, 2229], [3222, 2240], [3215, 2247], [3215, 2267], [3218, 2273], [3226, 2279], [3232, 2279], [3240, 2283], [3275, 2284], [3293, 2257]];[[3279, 2223], [3273, 2220], [3268, 2221], [3266, 2223], [3264, 2225], [3262, 2227], [3259, 2230], [3253, 2232], [3247, 2234], [3239, 2236], [3231, 2234], [3229, 2232], [3227, 2230], [3225, 2228], [3224, 2235], [3222, 2243], [3220, 2255], [3222, 2267], [3224, 2271], [3227, 2275], [3231, 2277], [3241, 2279], [3251, 2281], [3259, 2283], [3267, 2285], [3269, 2287], [3271, 2285], [3275, 2283], [3279, 2279], [3281, 2275], [3283, 2269], [3285, 2263], [3287, 2259], [3289, 2255], [3291, 2245], [3289, 2236], [3287, 2234], [3285, 2232], [3283, 2230], [3281, 2227]]
433;86;NA;0.9375;0.7908355795148247;0.8024231195449829;5470;4496;[3432, 2100, 3517, 2200];[3431, 2107, 3514, 2191];[[3508, 2103], [3501, 2100], [3474, 2101], [3464, 2112], [3444, 2112], [3433, 2123], [3432, 2148], [3443, 2163], [3450, 2195], [3454, 2200], [3466, 2199], [3477, 2185], [3479, 2174], [3513, 2139], [3517, 2127], [3517, 2114]];[[3514, 2120], [3490, 2107], [3465, 2111], [3448, 2114], [3431, 2135], [3433, 2155], [3437, 2158], [3440, 2162], [3444, 2166], [3449, 2170], [3452, 2181], [3462, 2191], [3471, 2188], [3475, 2185], [3480, 2180], [3483, 2176], [3486, 2170], [3489, 2163], [3494, 2158], [3498, 2155], [3500, 2149], [3504, 2142], [3508, 2137], [3512, 2133]]
434;98;NA;0.9365234375;0.877845220030349;0.861265242099762;4976;4924;[3348, 2187, 3420, 2288];[3344, 2191, 3423, 2290];[[3415, 2188], [3394, 2187], [3387, 2189], [3379, 2196], [3369, 2196], [3365, 2200], [3367, 2219], [3349, 2242], [3348, 2256], [3358, 2279], [3368, 2288], [3380, 2287], [3391, 2277], [3399, 2265], [3402, 2255], [3409, 2249], [3411, 2238], [3418, 2231], [3420, 2205], [3418, 2191]];[[3415, 2194], [3393, 2191], [3373, 2193], [3370, 2195], [3368, 2200], [3365, 2205], [3363, 2210], [3361, 2214], [3358, 2217], [3361, 2219], [3363, 2224], [3361, 2229], [3358, 2231], [3356, 2233], [3354, 2236], [3351, 2238], [3348, 2241], [3346, 2244], [3344, 2255], [3349, 2267], [3354, 2272], [3356, 2276], [3358, 2281], [3362, 2285], [3367, 2287], [3372, 2290], [3376, 2288], [3378, 2286], [3381, 2283], [3383, 2281], [3385, 2279], [3388, 2276], [3391, 2273], [3393, 2271], [3395, 2267], [3397, 2262], [3400, 2257], [3402, 2252], [3404, 2248], [3407, 2243], [3410, 2240], [3412, 2237], [3414, 2233], [3416, 2229], [3419, 2224], [3421, 2219], [3423, 2212], [3421, 2205], [3419, 2200], [3417, 2196]]
435;457;NA;0.91552734375;0.7976354679802956;0.7745097875595093;4908;4215;[3185, 2061, 3281, 2146];[3191, 2067, 3276, 2152];[[3185, 2073], [3186, 2103], [3203, 2121], [3207, 2138], [3216, 2146], [3222, 2144], [3228, 2133], [3244, 2133], [3265, 2117], [3276, 2115], [3279, 2112], [3281, 2101], [3270, 2089], [3249, 2079], [3237, 2079], [3218, 2069], [3209, 2061], [3198, 2061]];[[3205, 2067], [3191, 2074], [3194, 2081], [3196, 2093], [3199, 2105], [3201, 2112], [3203, 2119], [3206, 2126], [3208, 2133], [3210, 2138], [3212, 2142], [3214, 2144], [3218, 2148], [3220, 2150], [3224, 2152], [3228, 2148], [3230, 2143], [3234, 2137], [3241, 2132], [3247, 2131], [3249, 2128], [3253, 2125], [3257, 2123], [3261, 2121], [3264, 2119], [3267, 2116], [3272, 2113], [3276, 2105], [3274, 2096], [3272, 2093], [3268, 2090], [3266, 2088], [3260, 2086], [3253, 2084], [3243, 2082], [3234, 2079], [3230, 2076], [3228, 2074], [3224, 2072], [3219, 2070]]
436;873;NA;0.87060546875;0.7043478260869566;0.6690687537193298;3910;2754;[3144, 2196, 3210, 2278];[3156, 2200, 3207, 2271];[[3181, 2196], [3174, 2196], [3165, 2204], [3163, 2212], [3158, 2219], [3157, 2228], [3151, 2235], [3149, 2245], [3144, 2251], [3150, 2270], [3160, 2277], [3171, 2278], [3182, 2273], [3198, 2271], [3207, 2262], [3210, 2253], [3210, 2235], [3206, 2223], [3194, 2206]];[[3179, 2200], [3172, 2201], [3170, 2203], [3167, 2206], [3165, 2208], [3164, 2211], [3162, 2215], [3160, 2225], [3158, 2235], [3156, 2251], [3163, 2267], [3171, 2269], [3177, 2271], [3183, 2269], [3187, 2267], [3191, 2265], [3195, 2263], [3199, 2261], [3201, 2259], [3203, 2257], [3205, 2255], [3207, 2241], [3205, 2228], [3203, 2226], [3201, 2224], [3199, 2222], [3197, 2219], [3195, 2215], [3193, 2211], [3191, 2207], [3189, 2204], [3187, 2202]]
437;462;NA;0.9150390625;0.8442146089204913;0.7960100769996643;4619;3940;[3227, 1974, 3279, 2081];[3236, 1976, 3279, 2079];[[3245, 1974], [3241, 1978], [3240, 1986], [3234, 1996], [3234, 2006], [3227, 2025], [3227, 2039], [3235, 2058], [3241, 2065], [3244, 2077], [3259, 2081], [3276, 2078], [3279, 2075], [3279, 1998], [3273, 1991], [3268, 1976]];[[3257, 1976], [3248, 1977], [3246, 1979], [3243, 1982], [3241, 1984], [3240, 1987], [3238, 1991], [3236, 2023], [3238, 2055], [3240, 2059], [3242, 2063], [3244, 2067], [3245, 2071], [3247, 2073], [3250, 2075], [3252, 2077], [3263, 2079], [3275, 2077], [3277, 2075], [3279, 2037], [3277, 1999], [3275, 1991], [3273, 1984], [3271, 1982], [3269, 1979], [3267, 1977]]
438;421;NA;0.91796875;0.8872264403751675;0.8343957662582397;4268;4183;[3337, 2341, 3445, 2405];[3340, 2344, 3443, 2411];[[3445, 2357], [3433, 2346], [3420, 2341], [3398, 2354], [3376, 2361], [3347, 2377], [3337, 2387], [3340, 2398], [3357, 2405], [3371, 2405], [3399, 2400], [3415, 2393], [3423, 2393], [3444, 2375]];[[3443, 2361], [3441, 2352], [3439, 2350], [3431, 2348], [3423, 2346], [3415, 2344], [3408, 2345], [3406, 2347], [3404, 2349], [3402, 2351], [3399, 2354], [3393, 2356], [3387, 2358], [3381, 2360], [3375, 2362], [3371, 2364], [3367, 2366], [3363, 2368], [3359, 2370], [3355, 2372], [3352, 2373], [3350, 2375], [3348, 2377], [3346, 2379], [3343, 2382], [3341, 2384], [3340, 2389], [3341, 2395], [3343, 2397], [3353, 2399], [3363, 2401], [3365, 2403], [3367, 2405], [3370, 2407], [3372, 2409], [3377, 2411], [3383, 2409], [3387, 2407], [3391, 2405], [3395, 2403], [3399, 2401], [3405, 2399], [3411, 2397], [3417, 2395], [3423, 2393], [3425, 2391], [3427, 2389], [3429, 2387], [3431, 2385], [3433, 2383], [3435, 2381], [3437, 2379], [3439, 2375], [3441, 2371]]
439;251;NA;0.92626953125;0.8404719158758656;0.8393412232398987;3688;3488;[2965, 2066, 3047, 2139];[2973, 2064, 3049, 2141];[[3047, 2077], [3037, 2066], [3017, 2066], [3001, 2081], [2987, 2078], [2976, 2079], [2971, 2085], [2972, 2107], [2965, 2124], [2966, 2136], [2972, 2139], [2984, 2138], [2996, 2131], [3002, 2124], [3012, 2122], [3040, 2096]];[[3042, 2070], [3029, 2064], [3016, 2067], [3012, 2070], [3008, 2075], [2993, 2079], [2980, 2081], [2977, 2085], [2973, 2113], [2979, 2141], [2986, 2137], [2993, 2133], [3000, 2130], [3008, 2126], [3013, 2124], [3017, 2120], [3021, 2117], [3024, 2113], [3028, 2110], [3031, 2106], [3036, 2101], [3040, 2098], [3042, 2092], [3046, 2085], [3049, 2081], [3046, 2077]]
440;25;NA;0.9501953125;0.923678084469571;0.9503018856048584;5843;5726;[1983, 2076, 2078, 2186];[1985, 2076, 2080, 2187];[[2023, 2076], [2020, 2080], [2020, 2100], [2017, 2107], [2009, 2113], [1987, 2115], [1983, 2124], [1984, 2139], [1997, 2151], [2013, 2156], [2044, 2183], [2057, 2186], [2072, 2182], [2077, 2178], [2078, 2165], [2075, 2155], [2067, 2146], [2067, 2137], [2059, 2127], [2058, 2110], [2050, 2099], [2049, 2089], [2038, 2077]];[[2030, 2076], [2021, 2087], [2019, 2099], [2017, 2105], [2015, 2111], [2012, 2114], [2002, 2116], [1992, 2118], [1988, 2120], [1985, 2131], [1988, 2143], [1992, 2145], [1995, 2147], [1997, 2149], [2000, 2151], [2004, 2153], [2006, 2155], [2008, 2157], [2011, 2159], [2013, 2161], [2016, 2163], [2020, 2165], [2024, 2167], [2028, 2169], [2030, 2171], [2032, 2173], [2034, 2175], [2036, 2177], [2039, 2179], [2041, 2181], [2048, 2183], [2056, 2185], [2060, 2187], [2064, 2185], [2068, 2183], [2072, 2181], [2074, 2179], [2076, 2175], [2078, 2171], [2080, 2167], [2078, 2163], [2076, 2159], [2074, 2155], [2072, 2151], [2070, 2147], [2068, 2143], [2066, 2139], [2064, 2133], [2062, 2127], [2060, 2123], [2058, 2119], [2056, 2111], [2054, 2103], [2052, 2097], [2050, 2091], [2048, 2087], [2046, 2084], [2044, 2082], [2042, 2079], [2040, 2077]]
441;70;NA;0.93896484375;0.8361252731245448;0.9170912504196167;5894;6711;[1986, 2237, 2079, 2347];[1989, 2236, 2080, 2351];[[2046, 2237], [2042, 2242], [2040, 2261], [2034, 2265], [2020, 2266], [1999, 2280], [1998, 2291], [1986, 2301], [1996, 2305], [2010, 2288], [2020, 2285], [2024, 2291], [2016, 2309], [2018, 2330], [2038, 2342], [2067, 2347], [2077, 2339], [2079, 2330], [2078, 2279], [2073, 2270], [2068, 2240]];[[2054, 2236], [2041, 2239], [2039, 2243], [2037, 2249], [2035, 2255], [2033, 2257], [2031, 2259], [2028, 2262], [2024, 2264], [2020, 2266], [2016, 2268], [2012, 2270], [2006, 2272], [2000, 2274], [1996, 2276], [1993, 2277], [1991, 2279], [1989, 2281], [1991, 2283], [1993, 2287], [1991, 2291], [1989, 2297], [2002, 2303], [2016, 2315], [2018, 2327], [2020, 2329], [2023, 2331], [2025, 2333], [2028, 2335], [2032, 2337], [2038, 2339], [2044, 2341], [2046, 2343], [2048, 2345], [2050, 2347], [2052, 2349], [2054, 2351], [2056, 2349], [2062, 2347], [2068, 2345], [2070, 2343], [2072, 2341], [2074, 2339], [2076, 2335], [2078, 2331], [2080, 2305], [2078, 2279], [2076, 2263], [2074, 2247], [2072, 2243], [2070, 2240], [2068, 2238]]
442;919;NA;0.85498046875;0.8218424670988018;0.8639667630195618;4953;4322;[1996, 2337, 2062, 2435];[1998, 2340, 2065, 2431];[[2022, 2337], [2015, 2342], [1996, 2386], [1996, 2405], [2004, 2417], [2015, 2421], [2020, 2426], [2030, 2429], [2038, 2435], [2050, 2434], [2061, 2410], [2062, 2365], [2060, 2360], [2041, 2343]];[[2029, 2340], [2018, 2343], [2016, 2347], [2014, 2353], [2012, 2359], [2010, 2363], [2008, 2367], [2006, 2383], [2004, 2399], [2002, 2403], [2000, 2407], [1998, 2415], [1999, 2423], [2001, 2421], [2003, 2419], [2005, 2417], [2007, 2415], [2009, 2417], [2013, 2419], [2017, 2421], [2020, 2423], [2022, 2425], [2025, 2427], [2029, 2429], [2033, 2431], [2037, 2429], [2041, 2427], [2045, 2425], [2047, 2423], [2049, 2421], [2051, 2419], [2053, 2413], [2055, 2407], [2057, 2403], [2059, 2399], [2061, 2395], [2063, 2391], [2065, 2377], [2063, 2363], [2061, 2359], [2055, 2356], [2049, 2352], [2047, 2348], [2045, 2346], [2043, 2343], [2041, 2341]]
443;575;NA;0.90869140625;0.9166164356037774;0.9454964399337769;4820;4719;[2074, 1941, 2177, 1999];[2077, 1940, 2176, 1999];[[2074, 1951], [2075, 1964], [2087, 1984], [2104, 1986], [2111, 1991], [2128, 1994], [2139, 1999], [2163, 1998], [2171, 1989], [2166, 1973], [2177, 1962], [2177, 1951], [2162, 1942], [2086, 1941]];[[2078, 1948], [2077, 1955], [2078, 1963], [2080, 1965], [2083, 1967], [2085, 1971], [2086, 1975], [2088, 1977], [2091, 1979], [2093, 1981], [2098, 1983], [2104, 1985], [2107, 1987], [2109, 1989], [2112, 1991], [2116, 1993], [2126, 1995], [2136, 1997], [2150, 1999], [2164, 1997], [2166, 1995], [2168, 1993], [2170, 1991], [2172, 1983], [2170, 1976], [2168, 1974], [2170, 1971], [2172, 1967], [2174, 1963], [2176, 1957], [2174, 1952], [2172, 1950], [2170, 1948], [2168, 1946], [2166, 1943], [2164, 1941], [2124, 1940], [2085, 1941], [2083, 1943], [2080, 1946]]
444;695;NA;0.8974609375;0.8052677787532924;0.792792797088623;5015;5266;[2025, 2372, 2113, 2471];[2018, 2372, 2129, 2471];[[2108, 2381], [2091, 2372], [2082, 2374], [2061, 2399], [2059, 2417], [2039, 2437], [2025, 2441], [2027, 2453], [2040, 2469], [2058, 2471], [2065, 2465], [2074, 2463], [2081, 2456], [2089, 2454], [2101, 2444], [2110, 2427], [2113, 2392]];[[2093, 2373], [2085, 2372], [2078, 2375], [2076, 2379], [2074, 2383], [2072, 2387], [2070, 2391], [2068, 2395], [2066, 2397], [2064, 2399], [2061, 2402], [2059, 2404], [2058, 2407], [2056, 2411], [2054, 2417], [2052, 2423], [2050, 2425], [2048, 2427], [2045, 2430], [2033, 2432], [2022, 2433], [2020, 2435], [2018, 2439], [2021, 2443], [2025, 2445], [2027, 2447], [2029, 2449], [2032, 2451], [2034, 2457], [2035, 2463], [2037, 2465], [2041, 2467], [2045, 2469], [2049, 2471], [2053, 2469], [2059, 2467], [2065, 2465], [2069, 2463], [2073, 2461], [2075, 2459], [2077, 2457], [2081, 2455], [2085, 2453], [2087, 2451], [2089, 2449], [2091, 2447], [2093, 2443], [2095, 2439], [2097, 2435], [2099, 2431], [2101, 2429], [2111, 2427], [2121, 2425], [2123, 2423], [2125, 2421], [2127, 2419], [2129, 2415], [2127, 2411], [2125, 2407], [2123, 2403], [2121, 2399], [2115, 2396], [2109, 2390], [2107, 2384], [2105, 2382], [2101, 2380], [2097, 2378], [2095, 2375]]
445;282;NA;0.9248046875;0.8461416574235462;0.9030408263206482;5361;6290;[2101, 2071, 2162, 2183];[2101, 2072, 2168, 2183];[[2132, 2071], [2118, 2080], [2108, 2108], [2101, 2116], [2103, 2127], [2110, 2131], [2102, 2152], [2102, 2174], [2105, 2180], [2109, 2180], [2128, 2165], [2135, 2169], [2144, 2182], [2152, 2183], [2158, 2180], [2162, 2162], [2160, 2099], [2151, 2084], [2136, 2071]];[[2134, 2072], [2121, 2075], [2119, 2079], [2116, 2082], [2114, 2084], [2113, 2087], [2111, 2091], [2109, 2095], [2107, 2099], [2105, 2103], [2103, 2107], [2101, 2119], [2103, 2131], [2105, 2137], [2103, 2143], [2101, 2159], [2102, 2175], [2104, 2177], [2107, 2179], [2109, 2181], [2114, 2183], [2120, 2181], [2122, 2179], [2124, 2177], [2128, 2175], [2132, 2177], [2136, 2179], [2140, 2181], [2148, 2183], [2156, 2181], [2158, 2179], [2160, 2175], [2162, 2171], [2164, 2167], [2166, 2163], [2168, 2149], [2166, 2135], [2164, 2115], [2162, 2095], [2160, 2091], [2158, 2087], [2156, 2083], [2154, 2080], [2152, 2078], [2150, 2075], [2148, 2073]]
446;704;NA;0.89697265625;0.8316425642132528;0.9260086417198181;4249;4237;[2235, 2117, 2336, 2184];[2237, 2116, 2336, 2187];[[2336, 2171], [2334, 2158], [2324, 2150], [2309, 2147], [2317, 2125], [2315, 2117], [2309, 2127], [2301, 2130], [2300, 2140], [2296, 2144], [2288, 2137], [2276, 2134], [2270, 2128], [2241, 2128], [2237, 2134], [2235, 2148], [2238, 2155], [2268, 2182], [2293, 2184], [2324, 2182]];[[2334, 2171], [2336, 2161], [2334, 2152], [2332, 2150], [2328, 2148], [2324, 2146], [2320, 2143], [2316, 2133], [2318, 2123], [2320, 2119], [2314, 2116], [2309, 2119], [2307, 2123], [2305, 2127], [2303, 2131], [2300, 2136], [2290, 2140], [2280, 2138], [2276, 2136], [2272, 2134], [2264, 2132], [2256, 2130], [2250, 2128], [2244, 2126], [2240, 2124], [2237, 2137], [2238, 2151], [2240, 2153], [2244, 2155], [2248, 2157], [2250, 2159], [2252, 2161], [2254, 2163], [2256, 2165], [2258, 2167], [2260, 2169], [2263, 2171], [2265, 2173], [2268, 2175], [2272, 2177], [2275, 2179], [2277, 2181], [2282, 2183], [2288, 2185], [2294, 2187], [2300, 2185], [2312, 2183], [2324, 2181], [2328, 2179], [2332, 2175]]
447;211;NA;0.927734375;0.9018561979944527;0.9110075831413269;4517;4397;[2290, 2374, 2375, 2475];[2295, 2376, 2374, 2475];[[2316, 2374], [2309, 2384], [2312, 2396], [2292, 2408], [2290, 2413], [2294, 2416], [2310, 2417], [2336, 2459], [2352, 2474], [2364, 2475], [2374, 2464], [2375, 2456], [2374, 2440], [2368, 2431], [2367, 2419], [2359, 2411], [2350, 2392], [2333, 2374]];[[2325, 2376], [2309, 2387], [2304, 2399], [2300, 2401], [2297, 2404], [2295, 2411], [2301, 2417], [2308, 2422], [2313, 2427], [2318, 2429], [2321, 2432], [2324, 2437], [2325, 2441], [2328, 2444], [2331, 2447], [2333, 2452], [2335, 2455], [2337, 2458], [2339, 2460], [2342, 2463], [2344, 2465], [2347, 2467], [2350, 2471], [2352, 2473], [2359, 2475], [2365, 2473], [2367, 2471], [2370, 2467], [2373, 2465], [2374, 2452], [2372, 2437], [2370, 2430], [2367, 2423], [2365, 2418], [2362, 2413], [2360, 2409], [2359, 2405], [2356, 2402], [2353, 2399], [2351, 2394], [2349, 2390], [2347, 2388], [2343, 2385], [2341, 2380]]
448;140;NA;0.93310546875;0.8104371097234612;0.8958116769790649;4434;3684;[2212, 2146, 2310, 2223];[2213, 2152, 2312, 2223];[[2213, 2158], [2212, 2169], [2220, 2176], [2222, 2184], [2255, 2216], [2271, 2223], [2299, 2223], [2309, 2215], [2310, 2204], [2303, 2196], [2301, 2188], [2260, 2159], [2234, 2146], [2221, 2150]];[[2215, 2155], [2213, 2165], [2214, 2175], [2216, 2177], [2220, 2179], [2224, 2181], [2227, 2183], [2229, 2187], [2230, 2191], [2232, 2193], [2234, 2195], [2236, 2197], [2238, 2199], [2240, 2201], [2242, 2203], [2244, 2205], [2247, 2207], [2249, 2209], [2252, 2211], [2256, 2213], [2259, 2215], [2261, 2217], [2264, 2219], [2268, 2221], [2286, 2223], [2304, 2221], [2306, 2219], [2308, 2217], [2310, 2215], [2312, 2211], [2310, 2207], [2308, 2203], [2306, 2200], [2304, 2198], [2302, 2196], [2300, 2194], [2298, 2191], [2296, 2189], [2290, 2188], [2284, 2186], [2280, 2184], [2276, 2182], [2272, 2180], [2268, 2178], [2266, 2176], [2264, 2174], [2262, 2172], [2260, 2170], [2258, 2167], [2256, 2165], [2252, 2164], [2248, 2162], [2246, 2160], [2244, 2158], [2242, 2155], [2240, 2153], [2228, 2152], [2217, 2153]]
449;893;NA;0.8662109375;0.7692456106502026;0.8720470070838928;5079;4091;[1611, 2014, 1718, 2087];[1608, 2015, 1712, 2090];[[1718, 2027], [1705, 2014], [1686, 2015], [1674, 2023], [1619, 2025], [1611, 2035], [1612, 2075], [1628, 2087], [1664, 2077], [1702, 2048]];[[1712, 2024], [1710, 2020], [1708, 2017], [1696, 2015], [1685, 2016], [1682, 2019], [1680, 2021], [1677, 2024], [1674, 2027], [1662, 2029], [1650, 2027], [1646, 2024], [1641, 2027], [1627, 2029], [1613, 2031], [1611, 2033], [1608, 2045], [1611, 2057], [1613, 2064], [1615, 2071], [1618, 2076], [1619, 2080], [1622, 2082], [1629, 2085], [1636, 2087], [1639, 2090], [1641, 2087], [1646, 2085], [1650, 2083], [1652, 2081], [1654, 2076], [1659, 2071], [1664, 2069], [1666, 2066], [1670, 2063], [1672, 2061], [1674, 2056], [1679, 2051], [1683, 2050], [1685, 2047], [1688, 2045], [1690, 2043], [1693, 2040], [1695, 2038], [1697, 2035], [1700, 2033], [1703, 2030], [1708, 2028]]
450;1021;NA;0.54296875;0.7943971985992997;0.7091379165649414;3612;3562;[1647, 1939, 1700, 2031];[1638, 1932, 1705, 2027];[[1690, 1939], [1679, 1943], [1668, 1953], [1660, 1952], [1657, 1969], [1650, 1985], [1647, 2005], [1650, 2021], [1661, 2031], [1676, 2031], [1687, 2019], [1700, 1996], [1698, 1961]];[[1651, 1932], [1646, 1937], [1649, 1943], [1653, 1945], [1656, 1947], [1658, 1963], [1656, 1979], [1654, 1983], [1652, 1987], [1650, 1993], [1648, 1999], [1646, 2003], [1644, 2007], [1642, 2011], [1640, 2015], [1638, 2017], [1643, 2019], [1649, 2021], [1653, 2023], [1657, 2025], [1667, 2027], [1677, 2025], [1679, 2023], [1681, 2021], [1683, 2019], [1685, 2017], [1689, 2015], [1693, 2013], [1697, 2011], [1701, 2009], [1703, 2007], [1705, 2005], [1703, 2004], [1701, 2002], [1699, 2000], [1697, 1998], [1695, 1995], [1693, 1993], [1695, 1991], [1697, 1977], [1695, 1963], [1693, 1949], [1691, 1936], [1690, 1937], [1688, 1939], [1686, 1941], [1684, 1943], [1681, 1946], [1679, 1948], [1677, 1952], [1671, 1956], [1665, 1954], [1663, 1952], [1661, 1950], [1659, 1947], [1657, 1939]]
451;668;NA;0.900390625;0.8916256157635468;0.9305555820465088;4517;4315;[1526, 2120, 1598, 2215];[1530, 2120, 1597, 2215];[[1526, 2122], [1527, 2143], [1535, 2159], [1535, 2169], [1541, 2177], [1544, 2189], [1550, 2194], [1552, 2205], [1562, 2214], [1579, 2215], [1598, 2175], [1594, 2173], [1586, 2177], [1584, 2175], [1586, 2149], [1580, 2125], [1573, 2121], [1562, 2122], [1555, 2126], [1543, 2120]];[[1537, 2120], [1530, 2131], [1532, 2143], [1534, 2155], [1536, 2167], [1538, 2173], [1540, 2179], [1542, 2183], [1544, 2187], [1546, 2191], [1548, 2195], [1550, 2199], [1551, 2203], [1553, 2205], [1555, 2207], [1557, 2209], [1560, 2211], [1562, 2213], [1571, 2215], [1581, 2213], [1583, 2211], [1585, 2207], [1587, 2203], [1589, 2199], [1591, 2195], [1593, 2193], [1595, 2191], [1597, 2185], [1593, 2180], [1589, 2178], [1587, 2175], [1585, 2157], [1583, 2139], [1581, 2135], [1579, 2131], [1577, 2127], [1575, 2124], [1573, 2122], [1565, 2120], [1558, 2125], [1556, 2131], [1553, 2130], [1551, 2128], [1549, 2126], [1547, 2123], [1545, 2121]]
452;182;NA;0.9306640625;0.7168126963134402;0.86762934923172;5693;4692;[1857, 2029, 1970, 2101];[1867, 2031, 1971, 2102];[[1969, 2035], [1965, 2031], [1951, 2029], [1898, 2031], [1881, 2043], [1871, 2046], [1860, 2057], [1857, 2064], [1859, 2081], [1870, 2090], [1891, 2097], [1900, 2092], [1910, 2092], [1928, 2080], [1933, 2099], [1939, 2101], [1942, 2097], [1943, 2073], [1970, 2057]];[[1930, 2031], [1889, 2040], [1883, 2050], [1876, 2058], [1871, 2063], [1867, 2077], [1898, 2092], [1930, 2097], [1935, 2102], [1939, 2093], [1944, 2083], [1949, 2077], [1955, 2072], [1962, 2065], [1967, 2059], [1971, 2045]]
453;187;NA;0.93017578125;0.8999015425008204;0.9053078293800354;5839;5739;[1874, 2200, 1980, 2282];[1875, 2200, 1979, 2289];[[1876, 2227], [1874, 2246], [1882, 2255], [1931, 2281], [1966, 2282], [1980, 2268], [1979, 2257], [1966, 2244], [1973, 2235], [1958, 2230], [1948, 2220], [1944, 2210], [1932, 2200], [1909, 2200], [1906, 2202], [1904, 2212]];[[1878, 2227], [1875, 2239], [1877, 2250], [1879, 2253], [1884, 2255], [1889, 2258], [1896, 2260], [1903, 2262], [1908, 2265], [1913, 2267], [1917, 2270], [1922, 2272], [1927, 2274], [1932, 2277], [1937, 2279], [1941, 2281], [1944, 2285], [1947, 2287], [1948, 2289], [1951, 2286], [1958, 2284], [1964, 2282], [1967, 2280], [1969, 2277], [1971, 2275], [1975, 2272], [1977, 2270], [1979, 2263], [1976, 2256], [1974, 2246], [1972, 2238], [1970, 2235], [1967, 2232], [1964, 2230], [1960, 2228], [1956, 2226], [1951, 2223], [1946, 2219], [1944, 2214], [1941, 2212], [1938, 2208], [1936, 2204], [1925, 2200], [1913, 2202], [1906, 2204], [1899, 2206], [1897, 2208], [1894, 2213], [1892, 2218], [1889, 2221], [1884, 2223], [1880, 2225]]
454;744;NA;0.89306640625;0.8430759097645315;0.8527736067771912;5920;5273;[1820, 2158, 1907, 2273];[1823, 2163, 1902, 2271];[[1879, 2163], [1840, 2158], [1828, 2165], [1827, 2187], [1833, 2198], [1828, 2208], [1827, 2227], [1821, 2236], [1820, 2258], [1831, 2273], [1851, 2272], [1863, 2251], [1865, 2227], [1872, 2215], [1886, 2206], [1896, 2207], [1907, 2199], [1896, 2175]];[[1883, 2169], [1870, 2167], [1855, 2165], [1841, 2163], [1828, 2167], [1825, 2171], [1823, 2179], [1825, 2186], [1828, 2193], [1830, 2200], [1832, 2205], [1830, 2210], [1828, 2214], [1825, 2219], [1823, 2243], [1824, 2266], [1827, 2268], [1834, 2271], [1841, 2268], [1846, 2266], [1850, 2264], [1852, 2262], [1855, 2257], [1857, 2252], [1859, 2248], [1862, 2243], [1864, 2236], [1867, 2229], [1869, 2221], [1871, 2214], [1875, 2211], [1882, 2209], [1889, 2206], [1896, 2204], [1902, 2198], [1901, 2191], [1898, 2189], [1895, 2186], [1893, 2181], [1891, 2177], [1889, 2175], [1886, 2171]]
455;621;NA;0.90576171875;0.7002636067607381;0.7808001637458801;6138;4827;[1604, 2184, 1699, 2276];[1614, 2193, 1697, 2277];[[1616, 2187], [1611, 2198], [1613, 2221], [1622, 2227], [1622, 2236], [1613, 2244], [1604, 2266], [1609, 2268], [1636, 2242], [1640, 2247], [1641, 2267], [1645, 2273], [1657, 2274], [1675, 2268], [1695, 2276], [1699, 2239], [1696, 2219], [1655, 2186], [1628, 2184]];[[1637, 2193], [1614, 2206], [1616, 2219], [1620, 2223], [1624, 2228], [1628, 2231], [1624, 2235], [1621, 2242], [1617, 2249], [1614, 2260], [1616, 2269], [1618, 2267], [1622, 2263], [1627, 2259], [1630, 2255], [1634, 2259], [1637, 2262], [1641, 2266], [1646, 2271], [1649, 2274], [1655, 2277], [1662, 2273], [1680, 2269], [1697, 2246], [1691, 2222], [1684, 2218], [1677, 2215], [1670, 2211], [1665, 2206], [1661, 2199]]
456;325;NA;0.92236328125;0.8708217270194986;0.9196227192878723;5526;5220;[1763, 2085, 1882, 2166];[1766, 2088, 1881, 2167];[[1763, 2113], [1765, 2124], [1779, 2134], [1792, 2136], [1800, 2143], [1810, 2144], [1836, 2161], [1862, 2166], [1881, 2156], [1882, 2137], [1871, 2119], [1860, 2108], [1839, 2101], [1814, 2085], [1807, 2086], [1798, 2095], [1794, 2108], [1773, 2109]];[[1771, 2112], [1766, 2117], [1767, 2123], [1769, 2125], [1773, 2127], [1777, 2129], [1781, 2131], [1785, 2133], [1789, 2135], [1793, 2137], [1801, 2139], [1809, 2141], [1813, 2143], [1817, 2145], [1819, 2147], [1821, 2149], [1824, 2151], [1826, 2153], [1829, 2155], [1833, 2157], [1839, 2159], [1845, 2161], [1851, 2163], [1857, 2165], [1863, 2167], [1869, 2165], [1871, 2163], [1873, 2161], [1875, 2159], [1877, 2157], [1879, 2155], [1881, 2151], [1879, 2147], [1877, 2139], [1875, 2131], [1873, 2127], [1869, 2123], [1865, 2119], [1863, 2115], [1861, 2111], [1859, 2108], [1857, 2106], [1855, 2103], [1853, 2101], [1851, 2100], [1849, 2102], [1845, 2104], [1841, 2102], [1837, 2100], [1833, 2098], [1829, 2096], [1825, 2094], [1823, 2091], [1821, 2089], [1813, 2088], [1805, 2092], [1795, 2096], [1786, 2097], [1784, 2099], [1782, 2103], [1780, 2107], [1777, 2110]]
457;343;NA;0.921875;0.8524314319367323;0.8440453410148621;5700;5309;[1412, 2183, 1514, 2263];[1420, 2186, 1518, 2262];[[1514, 2194], [1504, 2184], [1498, 2183], [1491, 2184], [1484, 2191], [1465, 2184], [1456, 2195], [1421, 2195], [1412, 2207], [1416, 2217], [1424, 2224], [1421, 2242], [1427, 2253], [1438, 2262], [1444, 2263], [1477, 2255], [1504, 2231], [1506, 2216], [1514, 2207]];[[1511, 2192], [1480, 2186], [1448, 2189], [1437, 2193], [1428, 2195], [1424, 2199], [1420, 2221], [1423, 2241], [1426, 2244], [1430, 2248], [1433, 2252], [1438, 2256], [1442, 2260], [1448, 2262], [1455, 2259], [1462, 2255], [1469, 2252], [1476, 2248], [1484, 2244], [1491, 2241], [1497, 2238], [1500, 2235], [1504, 2228], [1507, 2221], [1511, 2213], [1515, 2206], [1518, 2203], [1515, 2199]]
458;708;NA;0.89697265625;0.757975797579758;0.7305281758308411;4540;3450;[1707, 2159, 1773, 2259];[1713, 2163, 1764, 2261];[[1757, 2159], [1745, 2159], [1714, 2188], [1713, 2204], [1707, 2219], [1707, 2244], [1717, 2259], [1733, 2259], [1757, 2232], [1759, 2213], [1773, 2198], [1772, 2180], [1763, 2163]];[[1759, 2164], [1751, 2163], [1742, 2164], [1739, 2167], [1737, 2169], [1735, 2171], [1732, 2174], [1730, 2176], [1727, 2179], [1724, 2182], [1723, 2186], [1720, 2190], [1718, 2195], [1716, 2200], [1713, 2229], [1717, 2256], [1722, 2259], [1724, 2261], [1727, 2259], [1731, 2256], [1735, 2255], [1738, 2252], [1740, 2250], [1743, 2248], [1746, 2244], [1748, 2242], [1750, 2238], [1752, 2233], [1755, 2229], [1757, 2224], [1759, 2212], [1762, 2200], [1764, 2195], [1762, 2190], [1759, 2183], [1757, 2176], [1755, 2171], [1757, 2167]]
459;230;NA;0.9267578125;0.8934560327198364;0.9156261086463928;4570;4689;[1877, 2291, 1964, 2382];[1878, 2288, 1961, 2383];[[1880, 2298], [1877, 2301], [1877, 2322], [1887, 2338], [1894, 2342], [1924, 2373], [1942, 2382], [1955, 2381], [1963, 2370], [1964, 2360], [1960, 2351], [1943, 2335], [1939, 2317], [1933, 2310], [1930, 2299], [1919, 2291], [1916, 2291], [1909, 2300], [1896, 2297]];[[1893, 2296], [1886, 2297], [1884, 2299], [1881, 2302], [1879, 2304], [1878, 2315], [1879, 2327], [1881, 2329], [1883, 2331], [1885, 2333], [1887, 2335], [1889, 2337], [1891, 2339], [1893, 2341], [1895, 2343], [1897, 2345], [1900, 2347], [1902, 2351], [1903, 2355], [1905, 2357], [1907, 2359], [1909, 2361], [1911, 2363], [1913, 2365], [1915, 2367], [1917, 2369], [1919, 2371], [1921, 2373], [1924, 2375], [1926, 2377], [1929, 2379], [1933, 2381], [1943, 2383], [1953, 2381], [1955, 2379], [1957, 2377], [1959, 2375], [1961, 2361], [1959, 2348], [1957, 2346], [1955, 2343], [1953, 2341], [1949, 2339], [1945, 2335], [1943, 2331], [1941, 2327], [1939, 2323], [1937, 2319], [1935, 2315], [1933, 2311], [1931, 2307], [1929, 2303], [1927, 2299], [1925, 2295], [1921, 2292], [1917, 2290], [1911, 2288], [1906, 2289], [1904, 2291], [1901, 2294]]
460;795;NA;0.8857421875;0.887326656394453;0.8994197249412537;5019;4780;[1700, 1960, 1796, 2040];[1699, 1962, 1793, 2037];[[1700, 1989], [1701, 2007], [1729, 2032], [1741, 2034], [1752, 2040], [1772, 2040], [1796, 2030], [1787, 2009], [1781, 2004], [1778, 1986], [1772, 1980], [1769, 1972], [1758, 1962], [1747, 1960], [1740, 1965], [1731, 1979], [1722, 1976], [1714, 1977]];[[1708, 1977], [1699, 1990], [1700, 2004], [1703, 2006], [1705, 2008], [1708, 2011], [1710, 2013], [1712, 2016], [1715, 2018], [1717, 2020], [1720, 2024], [1723, 2026], [1727, 2028], [1731, 2030], [1736, 2032], [1741, 2035], [1767, 2037], [1793, 2028], [1790, 2019], [1788, 2014], [1786, 2009], [1783, 2002], [1782, 1996], [1779, 1993], [1776, 1990], [1774, 1985], [1772, 1981], [1770, 1979], [1766, 1976], [1764, 1971], [1762, 1967], [1760, 1965], [1748, 1962], [1736, 1965], [1731, 1967], [1727, 1974], [1722, 1981], [1717, 1979]]
461;753;NA;0.8916015625;0.8491183879093199;0.9463686943054199;3885;3456;[1600, 2127, 1677, 2194];[1598, 2128, 1677, 2195];[[1674, 2133], [1664, 2128], [1654, 2127], [1631, 2138], [1614, 2138], [1611, 2141], [1613, 2153], [1600, 2165], [1608, 2174], [1609, 2190], [1614, 2194], [1650, 2193], [1665, 2183], [1673, 2174], [1677, 2149]];[[1669, 2131], [1657, 2128], [1645, 2130], [1641, 2132], [1638, 2133], [1636, 2135], [1633, 2138], [1627, 2140], [1621, 2138], [1617, 2136], [1614, 2141], [1616, 2147], [1618, 2151], [1608, 2155], [1598, 2161], [1601, 2167], [1605, 2171], [1607, 2175], [1609, 2177], [1611, 2179], [1613, 2181], [1615, 2183], [1617, 2185], [1619, 2187], [1621, 2189], [1624, 2191], [1626, 2193], [1631, 2195], [1637, 2193], [1641, 2191], [1645, 2189], [1649, 2187], [1653, 2185], [1657, 2183], [1661, 2181], [1663, 2179], [1665, 2175], [1667, 2171], [1669, 2169], [1671, 2167], [1673, 2159], [1675, 2151], [1677, 2145], [1675, 2140], [1673, 2138], [1671, 2135]]
462;288;NA;0.92431640625;0.868815592203898;0.8488226532936096;5100;4872;[1713, 1881, 1800, 1981];[1718, 1888, 1801, 1979];[[1729, 1881], [1718, 1905], [1725, 1923], [1713, 1931], [1715, 1943], [1723, 1946], [1733, 1939], [1740, 1938], [1763, 1975], [1777, 1981], [1795, 1980], [1800, 1949], [1787, 1921], [1750, 1884]];[[1741, 1888], [1726, 1889], [1724, 1891], [1721, 1894], [1719, 1896], [1718, 1901], [1719, 1907], [1721, 1909], [1724, 1911], [1726, 1915], [1724, 1919], [1721, 1922], [1719, 1924], [1718, 1939], [1721, 1955], [1725, 1953], [1727, 1951], [1729, 1947], [1731, 1943], [1733, 1941], [1737, 1939], [1741, 1941], [1743, 1943], [1745, 1945], [1748, 1947], [1750, 1951], [1752, 1955], [1754, 1959], [1755, 1963], [1757, 1965], [1760, 1967], [1762, 1969], [1765, 1971], [1769, 1973], [1773, 1975], [1777, 1977], [1787, 1979], [1797, 1977], [1799, 1975], [1801, 1961], [1799, 1947], [1797, 1943], [1795, 1939], [1793, 1935], [1791, 1932], [1789, 1930], [1787, 1927], [1785, 1923], [1783, 1920], [1781, 1918], [1779, 1915], [1777, 1911], [1775, 1908], [1773, 1906], [1771, 1904], [1769, 1902], [1767, 1900], [1765, 1898], [1763, 1896], [1761, 1894], [1759, 1891], [1757, 1889]]
463;763;NA;0.89111328125;0.8570548367221196;0.8500619530677795;4751;4291;[619, 2402, 688, 2503];[616, 2405, 682, 2503];[[624, 2405], [620, 2410], [619, 2417], [622, 2434], [619, 2447], [635, 2464], [637, 2474], [654, 2496], [663, 2503], [676, 2502], [686, 2491], [688, 2453], [683, 2442], [671, 2428], [668, 2416], [655, 2414], [643, 2404], [636, 2402]];[[635, 2405], [621, 2406], [619, 2409], [616, 2421], [619, 2432], [621, 2440], [624, 2447], [626, 2452], [628, 2456], [631, 2461], [633, 2466], [636, 2471], [637, 2475], [640, 2477], [642, 2479], [644, 2482], [647, 2484], [649, 2486], [651, 2489], [654, 2491], [657, 2494], [659, 2497], [663, 2498], [668, 2501], [671, 2503], [672, 2502], [675, 2499], [678, 2496], [680, 2494], [682, 2466], [680, 2438], [678, 2436], [675, 2433], [673, 2431], [671, 2428], [668, 2426], [666, 2424], [663, 2421], [661, 2419], [659, 2417], [656, 2414], [654, 2412], [651, 2409], [648, 2406]]
464;494;NA;0.91259765625;0.9181213632585203;0.8852857947349548;4577;4653;[797, 2379, 903, 2443];[799, 2380, 906, 2447];[[798, 2393], [797, 2403], [801, 2411], [814, 2415], [822, 2421], [834, 2422], [880, 2443], [893, 2442], [901, 2434], [903, 2421], [896, 2390], [877, 2390], [867, 2382], [847, 2379], [816, 2385]];[[800, 2392], [799, 2399], [800, 2407], [802, 2409], [806, 2411], [810, 2413], [814, 2415], [818, 2417], [821, 2419], [823, 2421], [828, 2423], [834, 2425], [840, 2427], [846, 2429], [850, 2431], [854, 2433], [858, 2435], [862, 2437], [866, 2439], [870, 2441], [874, 2443], [878, 2445], [880, 2447], [882, 2445], [888, 2443], [894, 2441], [896, 2439], [898, 2437], [900, 2435], [902, 2433], [904, 2431], [906, 2425], [904, 2419], [902, 2415], [900, 2411], [898, 2401], [888, 2392], [878, 2390], [876, 2388], [874, 2386], [872, 2383], [870, 2381], [852, 2380], [834, 2382], [820, 2384], [807, 2385], [805, 2387], [802, 2390]]
465;657;NA;0.90185546875;0.8595223760786674;0.8901484608650208;4723;4543;[779, 2280, 882, 2351];[784, 2279, 881, 2348];[[788, 2284], [787, 2300], [795, 2308], [795, 2312], [779, 2319], [780, 2325], [787, 2331], [814, 2333], [833, 2346], [860, 2351], [872, 2348], [882, 2337], [882, 2332], [874, 2318], [867, 2313], [857, 2299], [845, 2294], [829, 2282], [799, 2280]];[[787, 2285], [784, 2292], [787, 2299], [791, 2306], [787, 2314], [784, 2324], [800, 2334], [818, 2337], [823, 2342], [827, 2346], [833, 2348], [840, 2345], [858, 2341], [874, 2339], [878, 2335], [881, 2328], [879, 2322], [875, 2318], [872, 2315], [868, 2311], [865, 2308], [861, 2304], [856, 2299], [853, 2296], [847, 2293], [840, 2290], [833, 2286], [825, 2283], [807, 2279], [791, 2281]]
466;830;NA;0.880859375;0.8542600896860987;0.9193892478942871;4220;4050;[810, 2329, 924, 2381];[812, 2328, 925, 2379];[[921, 2338], [895, 2329], [870, 2340], [840, 2342], [828, 2347], [819, 2355], [810, 2369], [812, 2378], [838, 2381], [890, 2380], [920, 2361], [924, 2353]];[[925, 2347], [923, 2343], [921, 2340], [918, 2338], [916, 2335], [913, 2332], [911, 2330], [895, 2328], [879, 2330], [876, 2332], [873, 2335], [866, 2338], [859, 2340], [847, 2343], [835, 2345], [828, 2347], [822, 2349], [819, 2351], [816, 2355], [814, 2357], [812, 2368], [821, 2379], [830, 2377], [842, 2374], [854, 2377], [873, 2379], [892, 2377], [897, 2374], [901, 2373], [903, 2370], [907, 2367], [911, 2365], [915, 2361], [918, 2356], [921, 2353], [923, 2351]]
467;523;NA;0.9111328125;0.8098389982110913;0.7720839977264404;5508;4609;[423, 2040, 492, 2163];[431, 2037, 486, 2165];[[436, 2041], [431, 2049], [430, 2077], [424, 2085], [423, 2097], [431, 2108], [431, 2120], [439, 2139], [439, 2149], [450, 2162], [483, 2163], [487, 2158], [492, 2136], [488, 2130], [486, 2115], [479, 2106], [479, 2095], [472, 2086], [470, 2074], [457, 2056], [454, 2044], [447, 2040]];[[449, 2037], [445, 2039], [442, 2041], [439, 2045], [435, 2047], [431, 2080], [433, 2113], [435, 2125], [437, 2136], [439, 2138], [442, 2142], [445, 2146], [446, 2150], [449, 2153], [451, 2155], [454, 2157], [457, 2161], [459, 2163], [465, 2165], [472, 2163], [474, 2161], [477, 2157], [480, 2155], [481, 2142], [484, 2127], [486, 2122], [484, 2118], [481, 2111], [479, 2103], [477, 2099], [474, 2094], [472, 2087], [470, 2080], [468, 2078], [465, 2076], [463, 2073], [460, 2070], [458, 2056], [456, 2042], [454, 2040]]
468;507;NA;0.91162109375;0.871494429504418;0.7991748452186584;4798;4945;[488, 2376, 566, 2465];[492, 2376, 575, 2471];[[515, 2376], [506, 2379], [489, 2397], [488, 2415], [497, 2440], [513, 2463], [524, 2465], [535, 2457], [551, 2456], [561, 2445], [559, 2432], [547, 2419], [545, 2409], [550, 2404], [560, 2403], [566, 2398], [559, 2394], [545, 2392], [535, 2377]];[[523, 2376], [512, 2377], [510, 2379], [508, 2381], [506, 2383], [504, 2385], [502, 2387], [499, 2390], [495, 2392], [492, 2409], [494, 2427], [496, 2433], [498, 2439], [500, 2443], [501, 2447], [503, 2449], [506, 2451], [508, 2455], [510, 2459], [512, 2463], [513, 2467], [515, 2469], [517, 2471], [519, 2469], [523, 2467], [527, 2465], [529, 2463], [531, 2461], [535, 2459], [539, 2461], [547, 2463], [555, 2459], [557, 2455], [559, 2451], [561, 2447], [563, 2441], [561, 2436], [559, 2434], [557, 2432], [555, 2430], [553, 2428], [551, 2426], [549, 2423], [547, 2419], [545, 2416], [543, 2414], [545, 2411], [547, 2409], [559, 2407], [571, 2405], [573, 2403], [575, 2401], [573, 2400], [571, 2398], [565, 2396], [559, 2394], [551, 2392], [543, 2390], [541, 2387], [539, 2383], [537, 2380], [535, 2378]]
469;122;NA;0.93505859375;0.9149492017416546;0.8297556042671204;3255;3342;[183, 2367, 255, 2443];[188, 2368, 259, 2447];[[197, 2369], [186, 2380], [183, 2388], [194, 2405], [202, 2424], [216, 2428], [235, 2443], [252, 2443], [255, 2436], [254, 2421], [241, 2397], [219, 2373], [206, 2367]];[[207, 2368], [196, 2369], [194, 2371], [191, 2374], [189, 2376], [188, 2385], [190, 2395], [192, 2399], [194, 2403], [196, 2407], [198, 2411], [200, 2417], [201, 2423], [203, 2425], [209, 2427], [215, 2429], [219, 2431], [223, 2433], [226, 2435], [228, 2439], [231, 2443], [235, 2445], [243, 2447], [251, 2445], [253, 2443], [255, 2439], [257, 2435], [259, 2429], [257, 2423], [255, 2419], [253, 2416], [251, 2414], [249, 2411], [247, 2407], [245, 2403], [243, 2399], [241, 2396], [239, 2394], [237, 2392], [235, 2390], [233, 2388], [231, 2386], [229, 2384], [227, 2382], [225, 2380], [223, 2378], [221, 2375], [219, 2371]]
470;138;NA;0.93359375;0.8671124828532236;0.9338086843490601;5206;5683;[99, 1973, 174, 2091];[97, 1972, 176, 2090];[[105, 1973], [99, 1984], [102, 1998], [101, 2020], [112, 2027], [128, 2072], [147, 2091], [170, 2091], [174, 2084], [170, 2051], [165, 2044], [163, 2031], [148, 2011], [152, 2000], [143, 1991], [134, 1988], [119, 1973]];[[113, 1972], [102, 1973], [99, 1976], [97, 1993], [99, 2009], [102, 2016], [104, 2024], [106, 2028], [109, 2033], [111, 2038], [113, 2043], [116, 2047], [118, 2052], [121, 2057], [122, 2061], [125, 2063], [128, 2066], [130, 2071], [132, 2075], [134, 2078], [137, 2081], [140, 2083], [144, 2085], [148, 2087], [158, 2090], [167, 2088], [169, 2086], [171, 2081], [174, 2076], [176, 2069], [174, 2062], [171, 2052], [169, 2043], [167, 2035], [165, 2029], [163, 2027], [160, 2024], [157, 2019], [155, 2014], [152, 2004], [151, 1996], [148, 1993], [145, 1990], [143, 1988], [139, 1986], [134, 1984], [132, 1981], [129, 1979], [126, 1976], [124, 1973]]
471;221;NA;0.92724609375;0.8689120809614168;0.9201905727386475;6190;5629;[524, 2252, 616, 2356];[526, 2253, 620, 2357];[[529, 2257], [524, 2263], [525, 2285], [542, 2303], [545, 2315], [560, 2331], [563, 2343], [574, 2356], [595, 2354], [616, 2333], [609, 2322], [606, 2302], [600, 2292], [596, 2264], [578, 2252], [555, 2252], [541, 2258]];[[547, 2258], [526, 2269], [528, 2281], [531, 2286], [532, 2290], [535, 2292], [537, 2295], [539, 2297], [542, 2299], [544, 2302], [547, 2305], [550, 2310], [552, 2314], [555, 2322], [557, 2329], [559, 2333], [562, 2338], [564, 2343], [566, 2347], [568, 2349], [571, 2353], [574, 2355], [582, 2357], [591, 2355], [593, 2353], [596, 2350], [598, 2348], [601, 2345], [606, 2342], [611, 2340], [616, 2337], [620, 2336], [617, 2333], [615, 2326], [613, 2320], [611, 2318], [609, 2315], [606, 2313], [603, 2310], [601, 2305], [598, 2300], [596, 2281], [594, 2263], [592, 2260], [589, 2257], [586, 2255], [578, 2253], [568, 2256]]
472;422;NA;0.91796875;0.91228822646365;0.9523809552192688;4458;4459;[459, 2017, 558, 2080];[459, 2020, 558, 2080];[[556, 2028], [548, 2018], [529, 2017], [517, 2023], [504, 2025], [498, 2030], [484, 2032], [461, 2048], [459, 2054], [461, 2069], [471, 2079], [482, 2080], [499, 2079], [507, 2074], [532, 2067], [548, 2068], [558, 2043]];[[553, 2024], [532, 2020], [511, 2022], [504, 2024], [496, 2027], [489, 2029], [483, 2031], [481, 2033], [477, 2036], [473, 2039], [469, 2040], [466, 2043], [463, 2046], [461, 2048], [459, 2057], [461, 2066], [463, 2068], [465, 2070], [468, 2073], [471, 2076], [473, 2078], [480, 2080], [487, 2078], [501, 2075], [516, 2073], [532, 2070], [548, 2069], [551, 2066], [553, 2059], [555, 2052], [558, 2040], [555, 2028]]
473;480;NA;0.9130859375;0.8712234840368545;0.882758617401123;4250;4483;[740, 2184, 803, 2280];[743, 2184, 806, 2283];[[764, 2184], [756, 2188], [755, 2198], [763, 2205], [754, 2212], [750, 2219], [740, 2270], [744, 2276], [752, 2275], [764, 2280], [777, 2280], [782, 2277], [790, 2254], [802, 2233], [803, 2203], [794, 2196], [780, 2197], [774, 2186]];[[768, 2184], [763, 2189], [761, 2195], [759, 2197], [757, 2199], [754, 2202], [752, 2204], [751, 2205], [753, 2207], [755, 2211], [753, 2215], [751, 2217], [749, 2219], [746, 2222], [744, 2224], [743, 2227], [745, 2231], [747, 2239], [745, 2247], [743, 2263], [752, 2279], [762, 2281], [770, 2283], [778, 2281], [780, 2279], [782, 2277], [784, 2275], [786, 2267], [788, 2259], [790, 2255], [792, 2251], [794, 2249], [796, 2247], [798, 2243], [800, 2239], [802, 2235], [804, 2231], [806, 2217], [804, 2203], [802, 2199], [798, 2196], [794, 2194], [786, 2192], [778, 2190], [776, 2187], [774, 2185]]
474;601;NA;0.9072265625;0.8945094051855618;0.9042026996612549;3696;3757;[466, 2281, 543, 2360];[464, 2284, 543, 2363];[[512, 2281], [497, 2282], [481, 2298], [481, 2304], [474, 2311], [473, 2325], [467, 2332], [466, 2353], [470, 2357], [485, 2360], [512, 2353], [520, 2340], [519, 2329], [521, 2324], [527, 2318], [536, 2317], [543, 2313], [541, 2309], [531, 2307], [525, 2303], [523, 2291]];[[515, 2285], [505, 2284], [496, 2285], [494, 2287], [492, 2289], [490, 2291], [488, 2293], [486, 2295], [483, 2298], [481, 2300], [480, 2303], [478, 2307], [476, 2311], [474, 2315], [472, 2319], [470, 2323], [468, 2329], [466, 2335], [464, 2345], [465, 2355], [467, 2357], [473, 2359], [479, 2361], [485, 2363], [491, 2361], [497, 2359], [503, 2357], [507, 2355], [511, 2351], [513, 2347], [515, 2343], [517, 2339], [519, 2335], [521, 2331], [523, 2327], [525, 2323], [527, 2321], [533, 2319], [539, 2317], [541, 2315], [543, 2313], [541, 2312], [539, 2310], [535, 2308], [531, 2306], [529, 2304], [527, 2302], [525, 2299], [523, 2295], [521, 2292], [519, 2290], [517, 2287]]
475;402;NA;0.9189453125;0.8484162895927602;0.875;4576;4411;[414, 1909, 475, 2005];[416, 1905, 472, 2004];[[428, 1909], [423, 1912], [414, 1935], [415, 1947], [418, 1951], [414, 1965], [415, 1984], [418, 1987], [430, 1990], [438, 1997], [451, 1999], [458, 2005], [466, 2005], [475, 1987], [475, 1963], [470, 1944], [446, 1909]];[[437, 1905], [426, 1907], [423, 1909], [421, 1914], [419, 1919], [416, 1933], [419, 1947], [421, 1950], [419, 1952], [416, 1971], [419, 1990], [421, 1997], [427, 2004], [434, 2002], [431, 2000], [430, 1997], [437, 1994], [444, 1997], [456, 1999], [467, 1997], [469, 1995], [472, 1971], [469, 1947], [467, 1942], [465, 1938], [462, 1933], [460, 1928], [458, 1923], [456, 1919], [454, 1917], [450, 1914], [448, 1909]]
476;44;NA;0.943359375;0.8179012345679012;0.7994428873062134;4711;4124;[166, 2065, 254, 2153];[175, 2071, 252, 2155];[[252, 2086], [238, 2080], [223, 2067], [214, 2065], [208, 2068], [198, 2085], [191, 2107], [181, 2117], [173, 2118], [166, 2129], [167, 2144], [181, 2153], [201, 2153], [208, 2148], [217, 2147], [222, 2141], [226, 2141], [230, 2146], [230, 2136], [233, 2130], [252, 2109], [254, 2099]];[[252, 2099], [246, 2086], [239, 2082], [232, 2079], [224, 2075], [214, 2071], [204, 2074], [201, 2077], [197, 2085], [193, 2092], [190, 2099], [186, 2106], [181, 2111], [178, 2114], [175, 2131], [178, 2148], [181, 2151], [189, 2155], [196, 2151], [203, 2148], [210, 2144], [217, 2141], [223, 2138], [227, 2135], [230, 2131], [234, 2127], [237, 2124], [241, 2120], [246, 2116], [249, 2112]]
477;241;NA;0.92626953125;0.8226490953763681;0.8101608157157898;4315;3845;[387, 2131, 462, 2213];[392, 2136, 463, 2219];[[391, 2140], [387, 2151], [394, 2169], [408, 2187], [408, 2194], [405, 2199], [406, 2206], [413, 2209], [423, 2204], [429, 2204], [442, 2213], [459, 2212], [462, 2196], [460, 2163], [442, 2146], [435, 2145], [428, 2138], [420, 2137], [410, 2131], [402, 2131]];[[407, 2136], [400, 2137], [398, 2139], [395, 2142], [393, 2144], [392, 2153], [393, 2163], [395, 2165], [398, 2167], [400, 2171], [401, 2175], [403, 2177], [405, 2179], [407, 2181], [410, 2183], [412, 2187], [414, 2191], [416, 2193], [414, 2195], [412, 2201], [410, 2207], [408, 2209], [406, 2211], [404, 2213], [405, 2215], [407, 2217], [409, 2219], [411, 2217], [413, 2215], [415, 2213], [417, 2211], [419, 2209], [429, 2207], [439, 2209], [443, 2211], [447, 2213], [449, 2215], [451, 2213], [455, 2211], [459, 2209], [461, 2207], [463, 2195], [461, 2183], [459, 2177], [457, 2171], [455, 2165], [453, 2160], [451, 2158], [449, 2155], [447, 2153], [443, 2152], [439, 2150], [437, 2147], [435, 2145], [431, 2144], [427, 2142], [421, 2140], [415, 2138]]
478;306;NA;0.923828125;0.8018575851393189;0.7498588562011719;3895;4253;[341, 2059, 427, 2125];[340, 2043, 424, 2123];[[341, 2071], [341, 2087], [347, 2093], [365, 2101], [374, 2109], [375, 2123], [380, 2124], [386, 2120], [394, 2120], [404, 2125], [412, 2125], [425, 2116], [427, 2102], [424, 2091], [415, 2081], [393, 2064], [386, 2061], [363, 2059], [353, 2062]];[[361, 2043], [349, 2052], [347, 2062], [344, 2065], [342, 2067], [340, 2078], [344, 2090], [349, 2092], [353, 2094], [358, 2097], [363, 2099], [368, 2104], [370, 2109], [373, 2111], [376, 2114], [378, 2117], [384, 2118], [392, 2121], [401, 2123], [411, 2121], [418, 2118], [424, 2102], [423, 2086], [420, 2084], [417, 2081], [415, 2078], [411, 2077], [406, 2074], [404, 2072], [401, 2070], [399, 2067], [396, 2065], [394, 2062], [392, 2060], [388, 2057], [386, 2055], [382, 2053], [377, 2051], [374, 2047], [372, 2045]]
479;600;NA;0.9072265625;0.9012809187279152;0.8634958863258362;4488;4121;[179, 2018, 291, 2070];[184, 2020, 291, 2067];[[179, 2036], [179, 2043], [187, 2054], [197, 2059], [206, 2060], [213, 2066], [222, 2069], [264, 2070], [281, 2062], [291, 2053], [291, 2041], [282, 2033], [261, 2024], [243, 2022], [234, 2018], [220, 2018], [206, 2024], [193, 2024], [188, 2026]];[[186, 2027], [184, 2039], [185, 2051], [187, 2053], [190, 2055], [192, 2057], [199, 2059], [207, 2061], [213, 2063], [219, 2065], [247, 2067], [275, 2065], [279, 2063], [283, 2061], [285, 2059], [287, 2057], [289, 2055], [291, 2049], [289, 2044], [287, 2042], [285, 2040], [283, 2038], [281, 2036], [279, 2034], [277, 2031], [275, 2029], [269, 2028], [263, 2026], [255, 2024], [247, 2022], [225, 2020], [203, 2022], [195, 2024], [188, 2025]]
480;244;NA;0.92626953125;0.9085431461157736;0.8842453956604004;4362;4507;[99, 2329, 188, 2396];[96, 2332, 191, 2395];[[103, 2390], [107, 2394], [116, 2396], [151, 2382], [159, 2376], [167, 2375], [182, 2364], [188, 2353], [187, 2345], [177, 2337], [168, 2336], [158, 2331], [147, 2331], [143, 2334], [132, 2330], [114, 2329], [107, 2331], [99, 2344], [99, 2353], [103, 2362], [101, 2377]];[[96, 2379], [98, 2383], [100, 2387], [101, 2391], [103, 2393], [115, 2395], [127, 2393], [131, 2391], [135, 2389], [139, 2387], [143, 2385], [147, 2383], [151, 2381], [155, 2379], [159, 2377], [163, 2375], [167, 2373], [171, 2371], [175, 2369], [179, 2367], [183, 2365], [185, 2363], [187, 2359], [189, 2355], [191, 2353], [189, 2351], [187, 2347], [185, 2344], [183, 2342], [181, 2339], [179, 2337], [173, 2336], [167, 2334], [135, 2332], [104, 2333], [102, 2335], [99, 2338], [97, 2340], [96, 2349], [98, 2359], [100, 2367], [98, 2375]]
481;723;NA;0.8955078125;0.885758098524056;0.8734017014503479;4926;4912;[71, 2405, 156, 2481];[72, 2400, 159, 2479];[[153, 2407], [132, 2407], [124, 2411], [113, 2405], [100, 2405], [95, 2410], [96, 2421], [71, 2442], [71, 2464], [74, 2471], [85, 2480], [100, 2481], [111, 2480], [134, 2466], [156, 2444], [156, 2411]];[[155, 2411], [151, 2408], [147, 2406], [139, 2404], [131, 2406], [125, 2408], [119, 2406], [117, 2403], [115, 2401], [103, 2400], [92, 2403], [94, 2407], [96, 2411], [94, 2415], [91, 2418], [89, 2420], [88, 2425], [86, 2431], [83, 2434], [79, 2436], [76, 2437], [74, 2439], [72, 2453], [74, 2467], [76, 2471], [77, 2475], [79, 2477], [85, 2479], [91, 2477], [97, 2475], [103, 2473], [105, 2471], [107, 2473], [113, 2475], [119, 2473], [123, 2471], [127, 2469], [131, 2467], [135, 2465], [137, 2463], [139, 2461], [141, 2459], [143, 2457], [145, 2455], [147, 2453], [149, 2451], [151, 2447], [153, 2443], [155, 2435], [157, 2427], [159, 2421], [157, 2415]]
482;513;NA;0.91162109375;0.6583704479958082;0.6597014665603638;5148;7512;[715, 1901, 806, 2003];[676, 1900, 810, 2005];[[806, 1912], [793, 1901], [776, 1903], [738, 1942], [720, 1972], [715, 1978], [715, 1999], [737, 2003], [746, 1994], [761, 1991], [795, 1953], [798, 1942], [806, 1935]];[[803, 1906], [786, 1900], [769, 1902], [766, 1906], [762, 1909], [759, 1913], [754, 1918], [750, 1921], [748, 1927], [744, 1934], [740, 1939], [725, 1943], [712, 1945], [708, 1949], [704, 1953], [693, 1957], [683, 1959], [680, 1963], [676, 1977], [679, 1990], [682, 1994], [693, 1998], [704, 2001], [722, 2005], [740, 2001], [747, 1998], [753, 1995], [756, 1992], [760, 1988], [763, 1984], [767, 1981], [771, 1977], [774, 1974], [778, 1970], [781, 1967], [785, 1963], [790, 1958], [793, 1955], [796, 1949], [799, 1941], [803, 1934], [806, 1927], [810, 1920], [806, 1913]]
483;845;NA;0.87646484375;0.8487451574869462;0.9392300248146057;5585;5391;[669, 2386, 753, 2494];[671, 2384, 754, 2495];[[709, 2386], [697, 2391], [686, 2414], [669, 2419], [670, 2430], [682, 2449], [705, 2473], [706, 2482], [718, 2492], [732, 2494], [747, 2482], [747, 2464], [753, 2452], [747, 2445], [738, 2409], [724, 2391]];[[710, 2384], [703, 2385], [701, 2387], [698, 2390], [696, 2392], [694, 2396], [688, 2400], [683, 2401], [681, 2403], [679, 2405], [677, 2407], [674, 2410], [672, 2412], [671, 2419], [672, 2427], [674, 2429], [677, 2431], [679, 2435], [681, 2439], [683, 2443], [685, 2447], [687, 2451], [688, 2455], [690, 2457], [693, 2459], [695, 2463], [696, 2467], [698, 2469], [700, 2471], [702, 2473], [704, 2475], [706, 2477], [709, 2479], [711, 2483], [712, 2487], [714, 2489], [718, 2491], [722, 2493], [728, 2495], [734, 2493], [738, 2491], [742, 2479], [744, 2467], [746, 2465], [748, 2463], [750, 2461], [752, 2459], [754, 2453], [752, 2448], [750, 2446], [746, 2443], [742, 2439], [740, 2435], [738, 2431], [736, 2427], [734, 2423], [732, 2419], [730, 2409], [728, 2400], [726, 2398], [724, 2395], [722, 2391], [720, 2388], [718, 2386]]
484;183;NA;0.9306640625;0.7830239682825735;0.8855983018875122;4766;5128;[182, 2144, 288, 2223];[183, 2149, 286, 2221];[[182, 2167], [183, 2186], [216, 2210], [234, 2211], [240, 2216], [251, 2217], [263, 2223], [276, 2223], [286, 2215], [288, 2204], [286, 2192], [259, 2172], [241, 2170], [237, 2165], [238, 2148], [235, 2144], [232, 2144], [227, 2154], [220, 2159], [193, 2158]];[[192, 2160], [183, 2174], [186, 2188], [192, 2194], [199, 2201], [204, 2206], [218, 2210], [234, 2215], [261, 2221], [286, 2201], [283, 2181], [277, 2176], [267, 2170], [256, 2165], [249, 2158], [243, 2153], [224, 2149], [202, 2154]]
485;759;NA;0.89111328125;0.8870108821486455;0.9157293438911438;4268;3882;[404, 2214, 469, 2300];[404, 2216, 467, 2303];[[460, 2215], [450, 2214], [431, 2221], [418, 2215], [406, 2216], [404, 2284], [407, 2292], [414, 2300], [433, 2299], [441, 2286], [443, 2277], [464, 2254], [468, 2246], [469, 2229]];[[463, 2219], [453, 2216], [443, 2218], [433, 2220], [423, 2218], [417, 2216], [412, 2217], [410, 2219], [408, 2233], [406, 2247], [404, 2269], [405, 2291], [407, 2293], [409, 2295], [411, 2297], [414, 2299], [416, 2301], [423, 2303], [431, 2299], [433, 2295], [435, 2293], [437, 2291], [439, 2287], [441, 2283], [443, 2279], [445, 2275], [447, 2271], [449, 2267], [451, 2265], [453, 2263], [455, 2259], [457, 2255], [459, 2249], [461, 2243], [463, 2235], [465, 2227], [467, 2225], [465, 2223]]
486;688;NA;0.8984375;0.8778520396404702;0.8346839547157288;3916;4232;[598, 2207, 645, 2312];[600, 2208, 651, 2311];[[608, 2207], [601, 2214], [601, 2230], [598, 2239], [602, 2300], [608, 2311], [611, 2312], [622, 2311], [631, 2303], [643, 2307], [644, 2294], [640, 2284], [635, 2242], [638, 2238], [645, 2236], [645, 2230], [627, 2211]];[[615, 2208], [604, 2209], [602, 2211], [600, 2257], [601, 2303], [603, 2305], [606, 2307], [608, 2309], [615, 2311], [623, 2309], [631, 2307], [639, 2309], [641, 2311], [643, 2309], [645, 2307], [647, 2301], [645, 2295], [643, 2283], [641, 2271], [639, 2259], [643, 2247], [647, 2245], [649, 2243], [651, 2239], [649, 2236], [647, 2234], [645, 2232], [643, 2230], [641, 2228], [639, 2226], [637, 2223], [635, 2219], [633, 2216], [631, 2214], [629, 2211], [627, 2209]]
487;901;NA;0.8642578125;0.7722295225580377;0.8252032399177551;4389;3703;[2879, 1552, 2975, 1610];[2887, 1549, 2971, 1611];[[2879, 1603], [2883, 1609], [2897, 1610], [2927, 1598], [2934, 1605], [2946, 1608], [2953, 1597], [2964, 1595], [2975, 1584], [2975, 1573], [2963, 1562], [2954, 1562], [2945, 1553], [2899, 1552], [2891, 1556], [2880, 1578]];[[2889, 1571], [2887, 1587], [2900, 1604], [2914, 1600], [2922, 1597], [2929, 1600], [2932, 1604], [2936, 1608], [2940, 1611], [2942, 1609], [2946, 1605], [2950, 1600], [2957, 1597], [2963, 1594], [2967, 1591], [2971, 1577], [2965, 1563], [2957, 1560], [2953, 1555], [2949, 1552], [2925, 1549], [2901, 1555], [2898, 1562], [2893, 1567]]
488;396;NA;0.9189453125;0.8696983616597764;0.881339430809021;6329;5882;[2407, 1683, 2514, 1783];[2405, 1688, 2512, 1787];[[2462, 1683], [2450, 1683], [2446, 1686], [2440, 1705], [2443, 1724], [2408, 1764], [2407, 1776], [2420, 1783], [2463, 1779], [2471, 1770], [2500, 1768], [2513, 1757], [2514, 1744], [2507, 1737], [2504, 1724]];[[2468, 1689], [2456, 1688], [2445, 1689], [2443, 1691], [2441, 1693], [2442, 1695], [2444, 1697], [2447, 1699], [2449, 1703], [2451, 1707], [2453, 1713], [2451, 1719], [2448, 1722], [2446, 1724], [2444, 1728], [2440, 1732], [2436, 1734], [2432, 1736], [2429, 1739], [2427, 1743], [2425, 1745], [2423, 1747], [2420, 1750], [2416, 1752], [2413, 1753], [2411, 1755], [2409, 1759], [2407, 1763], [2405, 1767], [2406, 1771], [2408, 1773], [2417, 1775], [2425, 1781], [2432, 1787], [2440, 1785], [2446, 1783], [2452, 1781], [2454, 1779], [2456, 1777], [2460, 1775], [2464, 1773], [2470, 1771], [2476, 1769], [2488, 1767], [2500, 1765], [2504, 1763], [2508, 1761], [2510, 1759], [2512, 1749], [2510, 1740], [2508, 1738], [2506, 1735], [2504, 1731], [2502, 1727], [2500, 1723], [2498, 1720], [2496, 1718], [2494, 1715], [2492, 1711], [2490, 1708], [2488, 1706], [2486, 1704], [2484, 1702], [2482, 1699], [2480, 1697], [2476, 1696], [2472, 1694], [2470, 1691]]
489;836;NA;0.87890625;0.8057428214731586;0.8508023023605347;3891;3341;[2889, 1408, 2990, 1466];[2901, 1410, 2990, 1466];[[2990, 1449], [2966, 1415], [2953, 1408], [2941, 1408], [2934, 1413], [2923, 1415], [2905, 1429], [2897, 1438], [2889, 1456], [2905, 1460], [2959, 1459], [2978, 1466], [2989, 1457]];[[2902, 1444], [2901, 1450], [2928, 1457], [2957, 1459], [2962, 1461], [2966, 1464], [2974, 1466], [2980, 1464], [2982, 1462], [2986, 1459], [2988, 1457], [2990, 1448], [2988, 1439], [2986, 1437], [2981, 1434], [2976, 1432], [2973, 1429], [2970, 1424], [2969, 1420], [2966, 1418], [2962, 1415], [2957, 1413], [2938, 1410], [2920, 1414], [2917, 1419], [2915, 1426], [2912, 1433], [2910, 1436], [2908, 1438], [2904, 1441]]
490;973;NA;0.830078125;0.6932615434818078;0.7711803913116455;6096;4282;[2657, 1646, 2752, 1749];[2672, 1649, 2749, 1747];[[2740, 1646], [2716, 1647], [2710, 1654], [2687, 1665], [2663, 1687], [2658, 1699], [2657, 1710], [2661, 1717], [2679, 1728], [2687, 1737], [2703, 1738], [2719, 1732], [2727, 1749], [2731, 1748], [2735, 1704], [2743, 1690], [2744, 1680], [2752, 1670], [2752, 1659]];[[2728, 1649], [2708, 1652], [2705, 1655], [2701, 1659], [2697, 1662], [2693, 1667], [2686, 1671], [2680, 1673], [2676, 1677], [2672, 1687], [2680, 1698], [2687, 1705], [2690, 1713], [2694, 1720], [2696, 1726], [2700, 1729], [2703, 1733], [2707, 1729], [2714, 1726], [2721, 1733], [2725, 1740], [2728, 1744], [2732, 1747], [2734, 1716], [2738, 1684], [2742, 1677], [2745, 1670], [2749, 1659]]
491;791;NA;0.8857421875;0.7802325581395348;0.8259075880050659;4285;3370;[2489, 1759, 2590, 1819];[2497, 1764, 2588, 1819];[[2489, 1775], [2491, 1783], [2500, 1794], [2528, 1812], [2542, 1814], [2552, 1819], [2576, 1819], [2587, 1810], [2590, 1787], [2587, 1775], [2583, 1772], [2557, 1773], [2531, 1760], [2519, 1759], [2499, 1767]];[[2500, 1768], [2497, 1775], [2499, 1783], [2501, 1787], [2502, 1791], [2504, 1793], [2506, 1795], [2508, 1797], [2510, 1799], [2512, 1801], [2514, 1803], [2516, 1805], [2519, 1807], [2521, 1809], [2526, 1811], [2532, 1813], [2546, 1815], [2560, 1817], [2562, 1819], [2564, 1817], [2570, 1815], [2576, 1813], [2578, 1811], [2580, 1809], [2582, 1807], [2584, 1805], [2586, 1803], [2588, 1797], [2586, 1791], [2584, 1783], [2582, 1776], [2580, 1780], [2570, 1784], [2560, 1782], [2558, 1780], [2556, 1778], [2554, 1775], [2552, 1773], [2548, 1772], [2544, 1770], [2538, 1768], [2532, 1766], [2518, 1764], [2504, 1766]]
492;628;NA;0.9052734375;0.7998508204873197;0.784995436668396;3961;3278;[2771, 1403, 2850, 1468];[2772, 1406, 2856, 1461];[[2847, 1406], [2842, 1403], [2821, 1404], [2808, 1411], [2799, 1411], [2793, 1406], [2784, 1407], [2783, 1410], [2786, 1417], [2771, 1431], [2772, 1459], [2781, 1467], [2815, 1468], [2847, 1434], [2850, 1418]];[[2856, 1410], [2838, 1406], [2819, 1408], [2802, 1410], [2786, 1417], [2784, 1424], [2781, 1427], [2776, 1429], [2772, 1443], [2773, 1457], [2776, 1459], [2797, 1461], [2818, 1460], [2820, 1457], [2823, 1454], [2828, 1452], [2832, 1450], [2835, 1448], [2837, 1443], [2839, 1438], [2842, 1433], [2844, 1429], [2846, 1424], [2849, 1419], [2852, 1416], [2854, 1414]]
493;587;NA;0.908203125;0.906659287954252;0.8892861604690552;5327;5009;[2905, 1457, 2988, 1557];[2904, 1460, 2987, 1551];[[2961, 1457], [2939, 1466], [2921, 1486], [2921, 1495], [2914, 1502], [2905, 1521], [2906, 1541], [2916, 1553], [2924, 1557], [2944, 1551], [2949, 1540], [2970, 1526], [2979, 1514], [2988, 1486], [2980, 1468]];[[2979, 1470], [2973, 1468], [2967, 1466], [2961, 1464], [2955, 1462], [2951, 1460], [2947, 1462], [2943, 1464], [2940, 1465], [2938, 1467], [2936, 1469], [2934, 1471], [2931, 1474], [2929, 1476], [2928, 1479], [2926, 1483], [2924, 1487], [2922, 1491], [2919, 1494], [2917, 1496], [2916, 1499], [2914, 1503], [2912, 1505], [2910, 1507], [2907, 1510], [2905, 1512], [2904, 1521], [2906, 1531], [2908, 1541], [2925, 1551], [2943, 1547], [2945, 1543], [2947, 1541], [2949, 1539], [2951, 1537], [2955, 1535], [2959, 1533], [2963, 1531], [2967, 1529], [2969, 1527], [2971, 1525], [2973, 1523], [2975, 1521], [2977, 1519], [2979, 1515], [2981, 1511], [2983, 1501], [2985, 1491], [2987, 1485], [2985, 1479], [2983, 1475], [2981, 1472]]
494;50;NA;0.9423828125;0.7955019707859958;0.8801020383834839;4267;3477;[2809, 1478, 2907, 1550];[2816, 1478, 2906, 1547];[[2907, 1482], [2900, 1478], [2882, 1478], [2852, 1493], [2840, 1505], [2827, 1513], [2820, 1514], [2810, 1522], [2809, 1540], [2821, 1550], [2839, 1550], [2847, 1544], [2860, 1542], [2877, 1530], [2889, 1526], [2907, 1504]];[[2906, 1491], [2889, 1478], [2873, 1480], [2869, 1484], [2864, 1488], [2857, 1492], [2851, 1494], [2848, 1498], [2843, 1503], [2836, 1506], [2829, 1510], [2821, 1513], [2816, 1530], [2829, 1547], [2843, 1543], [2850, 1540], [2857, 1536], [2868, 1532], [2878, 1530], [2881, 1527], [2885, 1523], [2888, 1519], [2892, 1516], [2895, 1512], [2900, 1507], [2904, 1504]]
495;942;NA;0.84716796875;0.746217968508799;0.647019624710083;2806;2850;[2849, 1818, 2914, 1897];[2836, 1820, 2907, 1887];[[2849, 1873], [2850, 1886], [2856, 1897], [2887, 1879], [2911, 1884], [2914, 1872], [2894, 1852], [2896, 1831], [2892, 1818], [2874, 1824]];[[2895, 1822], [2883, 1820], [2872, 1827], [2870, 1835], [2868, 1839], [2866, 1843], [2864, 1845], [2862, 1847], [2859, 1850], [2855, 1852], [2852, 1853], [2850, 1855], [2847, 1858], [2845, 1860], [2844, 1863], [2842, 1867], [2839, 1870], [2837, 1872], [2836, 1879], [2855, 1887], [2875, 1885], [2883, 1883], [2891, 1881], [2897, 1879], [2903, 1881], [2905, 1883], [2907, 1875], [2905, 1868], [2903, 1866], [2899, 1864], [2895, 1860], [2893, 1855], [2891, 1853], [2893, 1851], [2895, 1847], [2897, 1843], [2899, 1833], [2897, 1824]]
496;121;NA;0.93505859375;0.8855407615043214;0.9122986793518066;4188;3884;[2725, 1798, 2797, 1891];[2728, 1796, 2795, 1891];[[2751, 1798], [2747, 1801], [2746, 1810], [2742, 1814], [2734, 1814], [2725, 1824], [2725, 1845], [2731, 1853], [2732, 1863], [2756, 1890], [2780, 1891], [2794, 1878], [2797, 1867], [2792, 1860], [2791, 1851], [2783, 1843], [2777, 1826], [2774, 1823], [2763, 1823], [2755, 1818], [2760, 1812], [2759, 1798]];[[2755, 1796], [2752, 1797], [2750, 1799], [2748, 1803], [2746, 1807], [2743, 1810], [2739, 1812], [2735, 1814], [2731, 1816], [2728, 1833], [2730, 1851], [2732, 1855], [2734, 1859], [2736, 1863], [2737, 1867], [2739, 1869], [2741, 1871], [2743, 1873], [2745, 1875], [2747, 1877], [2749, 1879], [2751, 1881], [2754, 1883], [2756, 1885], [2759, 1887], [2763, 1889], [2773, 1891], [2783, 1889], [2787, 1887], [2791, 1885], [2793, 1883], [2795, 1873], [2793, 1863], [2791, 1859], [2789, 1856], [2787, 1854], [2785, 1852], [2783, 1850], [2781, 1847], [2779, 1837], [2777, 1828], [2775, 1826], [2769, 1824], [2763, 1822], [2761, 1819], [2759, 1807]]
497;944;NA;0.845703125;0.7500487804878049;0.7611523866653442;4964;4005;[2817, 1876, 2908, 1956];[2816, 1884, 2911, 1947];[[2838, 1876], [2823, 1889], [2817, 1905], [2819, 1915], [2829, 1929], [2847, 1940], [2862, 1955], [2877, 1956], [2881, 1951], [2882, 1943], [2894, 1930], [2905, 1926], [2908, 1916], [2907, 1904], [2885, 1884], [2870, 1883], [2857, 1876]];[[2818, 1887], [2816, 1899], [2817, 1911], [2819, 1913], [2822, 1915], [2824, 1919], [2827, 1923], [2831, 1925], [2834, 1927], [2836, 1929], [2839, 1931], [2843, 1933], [2846, 1935], [2848, 1937], [2851, 1939], [2855, 1941], [2858, 1943], [2860, 1945], [2867, 1947], [2875, 1943], [2877, 1939], [2879, 1935], [2881, 1931], [2883, 1929], [2887, 1927], [2891, 1925], [2897, 1923], [2903, 1921], [2905, 1919], [2907, 1917], [2909, 1915], [2911, 1909], [2909, 1904], [2907, 1902], [2905, 1900], [2903, 1898], [2901, 1895], [2899, 1893], [2895, 1892], [2891, 1890], [2865, 1888], [2839, 1886], [2829, 1884], [2820, 1885]]
498;383;NA;0.91943359375;0.8101623147494708;0.7870961427688599;6590;6235;[2449, 1769, 2528, 1879];[2449, 1776, 2544, 1879];[[2472, 1769], [2459, 1784], [2457, 1812], [2449, 1821], [2449, 1845], [2458, 1853], [2458, 1875], [2462, 1879], [2474, 1879], [2491, 1859], [2498, 1868], [2511, 1876], [2523, 1865], [2528, 1845], [2524, 1809], [2514, 1792], [2492, 1771]];[[2478, 1776], [2465, 1779], [2463, 1783], [2461, 1787], [2459, 1791], [2457, 1799], [2455, 1807], [2453, 1821], [2451, 1835], [2449, 1843], [2453, 1851], [2457, 1857], [2455, 1863], [2453, 1865], [2454, 1867], [2456, 1869], [2458, 1871], [2460, 1873], [2463, 1875], [2465, 1877], [2468, 1879], [2472, 1877], [2474, 1875], [2476, 1873], [2478, 1871], [2480, 1867], [2482, 1863], [2484, 1861], [2486, 1859], [2488, 1861], [2490, 1863], [2492, 1865], [2495, 1867], [2497, 1869], [2504, 1871], [2512, 1869], [2514, 1867], [2516, 1865], [2518, 1863], [2520, 1859], [2522, 1855], [2524, 1853], [2526, 1851], [2528, 1849], [2532, 1847], [2536, 1843], [2538, 1839], [2540, 1837], [2542, 1835], [2544, 1831], [2542, 1828], [2540, 1826], [2538, 1824], [2536, 1822], [2534, 1819], [2532, 1817], [2528, 1816], [2524, 1814], [2520, 1812], [2516, 1810], [2514, 1808], [2512, 1806], [2510, 1803], [2508, 1799], [2506, 1796], [2504, 1794], [2502, 1791], [2500, 1787], [2498, 1784], [2496, 1782], [2494, 1779], [2492, 1777]]
499;132;NA;0.93408203125;0.7869458128078818;0.8397590517997742;4670;4036;[2820, 1531, 2904, 1622];[2822, 1537, 2904, 1630];[[2893, 1531], [2874, 1531], [2833, 1574], [2832, 1584], [2826, 1589], [2824, 1602], [2820, 1608], [2825, 1622], [2845, 1622], [2861, 1609], [2867, 1619], [2871, 1619], [2883, 1592], [2904, 1561], [2904, 1542]];[[2904, 1546], [2885, 1537], [2865, 1540], [2860, 1546], [2854, 1551], [2849, 1556], [2844, 1562], [2838, 1567], [2831, 1574], [2826, 1580], [2822, 1605], [2831, 1630], [2840, 1626], [2845, 1621], [2852, 1614], [2863, 1608], [2872, 1599], [2877, 1588], [2885, 1581], [2890, 1576], [2894, 1567], [2899, 1556]]
500;933;NA;0.84912109375;0.7016617790811339;0.6962339282035828;5045;3659;[2570, 1638, 2669, 1745];[2588, 1648, 2671, 1751];[[2656, 1638], [2651, 1642], [2649, 1653], [2639, 1664], [2625, 1667], [2617, 1676], [2608, 1676], [2600, 1685], [2590, 1686], [2570, 1700], [2571, 1711], [2586, 1724], [2608, 1724], [2613, 1730], [2610, 1741], [2619, 1745], [2644, 1717], [2652, 1714], [2668, 1692], [2669, 1669], [2661, 1660], [2661, 1645]];[[2659, 1655], [2655, 1648], [2652, 1649], [2650, 1651], [2648, 1655], [2646, 1659], [2644, 1661], [2642, 1663], [2639, 1666], [2635, 1668], [2631, 1670], [2627, 1672], [2624, 1673], [2622, 1675], [2619, 1678], [2615, 1680], [2611, 1682], [2607, 1684], [2603, 1686], [2599, 1688], [2596, 1689], [2594, 1691], [2591, 1694], [2589, 1696], [2588, 1701], [2589, 1707], [2591, 1709], [2593, 1711], [2595, 1713], [2598, 1715], [2600, 1717], [2601, 1719], [2603, 1717], [2607, 1715], [2611, 1717], [2613, 1719], [2615, 1721], [2618, 1723], [2620, 1729], [2618, 1735], [2616, 1743], [2617, 1751], [2619, 1749], [2621, 1747], [2623, 1745], [2625, 1743], [2627, 1739], [2629, 1735], [2631, 1733], [2633, 1731], [2635, 1727], [2637, 1723], [2639, 1721], [2641, 1719], [2643, 1717], [2645, 1715], [2647, 1711], [2651, 1707], [2655, 1705], [2657, 1703], [2659, 1701], [2661, 1699], [2663, 1695], [2665, 1691], [2667, 1689], [2669, 1687], [2671, 1685], [2669, 1684], [2667, 1682], [2665, 1679], [2663, 1671], [2661, 1663]]
501;811;NA;0.88330078125;0.702414189522089;0.5950455069541931;6018;4348;[2516, 1634, 2631, 1720];[2520, 1636, 2627, 1691];[[2561, 1634], [2550, 1652], [2529, 1654], [2516, 1666], [2516, 1678], [2539, 1699], [2550, 1701], [2567, 1716], [2579, 1720], [2583, 1705], [2597, 1692], [2608, 1691], [2627, 1678], [2631, 1664], [2628, 1656], [2618, 1647], [2598, 1642], [2589, 1634]];[[2520, 1673], [2521, 1683], [2523, 1685], [2539, 1687], [2555, 1689], [2575, 1691], [2595, 1689], [2599, 1687], [2603, 1685], [2607, 1683], [2611, 1681], [2615, 1679], [2619, 1677], [2621, 1675], [2623, 1673], [2625, 1671], [2627, 1663], [2625, 1656], [2623, 1654], [2619, 1652], [2615, 1650], [2611, 1648], [2607, 1646], [2599, 1644], [2591, 1642], [2587, 1640], [2583, 1638], [2565, 1636], [2548, 1639], [2550, 1643], [2552, 1647], [2548, 1651], [2543, 1654], [2537, 1656], [2531, 1658], [2527, 1660], [2524, 1661], [2522, 1663]]
502;502;NA;0.91259765625;0.850197720400093;0.9175456166267395;8240;7668;[2299, 1748, 2432, 1859];[2296, 1751, 2432, 1855];[[2377, 1748], [2349, 1762], [2336, 1775], [2329, 1789], [2299, 1808], [2299, 1836], [2327, 1859], [2344, 1857], [2376, 1826], [2413, 1829], [2430, 1822], [2432, 1807], [2406, 1787], [2402, 1775]];[[2432, 1814], [2429, 1805], [2423, 1800], [2411, 1793], [2400, 1777], [2396, 1762], [2391, 1757], [2380, 1751], [2370, 1757], [2359, 1762], [2350, 1766], [2345, 1771], [2339, 1777], [2334, 1782], [2327, 1789], [2316, 1794], [2307, 1798], [2302, 1803], [2296, 1825], [2305, 1845], [2316, 1850], [2321, 1855], [2325, 1852], [2330, 1846], [2337, 1839], [2354, 1834], [2370, 1828], [2380, 1823], [2391, 1828], [2407, 1834], [2421, 1830], [2427, 1825]]
503;82;NA;0.9375;0.8727272727272727;0.8929641246795654;7918;8665;[2090, 1362, 2187, 1490];[2089, 1364, 2192, 1495];[[2148, 1362], [2129, 1387], [2112, 1386], [2103, 1391], [2103, 1417], [2121, 1438], [2090, 1442], [2108, 1450], [2116, 1455], [2138, 1459], [2149, 1467], [2130, 1480], [2123, 1489], [2159, 1481], [2166, 1489], [2182, 1490], [2187, 1484], [2186, 1406], [2178, 1392], [2176, 1379], [2162, 1364]];[[2152, 1364], [2141, 1365], [2139, 1367], [2137, 1373], [2135, 1379], [2132, 1384], [2120, 1388], [2109, 1389], [2107, 1391], [2104, 1394], [2102, 1396], [2101, 1403], [2103, 1411], [2105, 1415], [2107, 1419], [2109, 1425], [2107, 1431], [2104, 1434], [2096, 1436], [2089, 1441], [2094, 1447], [2100, 1449], [2110, 1451], [2120, 1453], [2124, 1455], [2128, 1457], [2132, 1459], [2136, 1461], [2139, 1463], [2141, 1467], [2137, 1471], [2133, 1473], [2131, 1475], [2128, 1478], [2126, 1480], [2125, 1483], [2140, 1487], [2156, 1489], [2160, 1491], [2164, 1493], [2170, 1495], [2176, 1493], [2180, 1491], [2184, 1489], [2186, 1487], [2188, 1483], [2190, 1479], [2192, 1459], [2190, 1439], [2188, 1431], [2186, 1423], [2184, 1403], [2182, 1384], [2180, 1382], [2176, 1380], [2172, 1378], [2170, 1375], [2168, 1371], [2166, 1368], [2164, 1366]]
504;83;NA;0.9375;0.8525174513589782;0.9114782214164734;6472;6001;[2029, 1513, 2148, 1601];[2033, 1516, 2148, 1599];[[2040, 1517], [2040, 1538], [2060, 1558], [2035, 1562], [2030, 1566], [2029, 1587], [2035, 1597], [2045, 1601], [2100, 1601], [2111, 1592], [2122, 1591], [2132, 1582], [2147, 1578], [2148, 1557], [2145, 1553], [2102, 1551], [2059, 1514], [2045, 1513]];[[2050, 1516], [2037, 1521], [2038, 1527], [2040, 1529], [2042, 1531], [2044, 1533], [2046, 1535], [2048, 1537], [2051, 1539], [2053, 1543], [2054, 1547], [2056, 1549], [2059, 1551], [2061, 1553], [2059, 1555], [2057, 1557], [2055, 1559], [2052, 1562], [2048, 1564], [2044, 1566], [2040, 1568], [2037, 1569], [2035, 1571], [2033, 1583], [2034, 1595], [2036, 1597], [2058, 1599], [2080, 1597], [2082, 1595], [2084, 1597], [2096, 1599], [2108, 1597], [2110, 1595], [2112, 1593], [2114, 1591], [2116, 1589], [2122, 1587], [2128, 1585], [2132, 1583], [2136, 1581], [2140, 1579], [2144, 1575], [2146, 1571], [2148, 1565], [2146, 1559], [2144, 1555], [2142, 1552], [2140, 1550], [2120, 1548], [2100, 1546], [2096, 1544], [2092, 1542], [2090, 1540], [2088, 1538], [2086, 1536], [2084, 1534], [2082, 1532], [2080, 1530], [2078, 1527], [2076, 1525], [2072, 1524], [2068, 1522], [2066, 1519], [2064, 1517]]
505;762;NA;0.89111328125;0.8451347647327547;0.8492515087127686;6095;6022;[2236, 1533, 2321, 1639];[2233, 1533, 2312, 1641];[[2258, 1533], [2252, 1548], [2239, 1553], [2236, 1560], [2236, 1568], [2243, 1569], [2250, 1565], [2253, 1573], [2243, 1594], [2242, 1606], [2249, 1621], [2259, 1618], [2263, 1626], [2278, 1638], [2309, 1639], [2321, 1625], [2321, 1606], [2304, 1581], [2301, 1556], [2272, 1533]];[[2268, 1533], [2257, 1537], [2254, 1542], [2252, 1544], [2250, 1547], [2247, 1549], [2245, 1551], [2242, 1554], [2240, 1556], [2237, 1559], [2235, 1562], [2233, 1568], [2237, 1575], [2242, 1577], [2245, 1580], [2247, 1590], [2245, 1599], [2242, 1606], [2245, 1613], [2247, 1621], [2249, 1627], [2251, 1629], [2261, 1632], [2270, 1634], [2280, 1637], [2289, 1639], [2297, 1641], [2303, 1640], [2305, 1637], [2308, 1634], [2311, 1632], [2312, 1621], [2310, 1609], [2308, 1599], [2305, 1590], [2303, 1575], [2301, 1561], [2298, 1556], [2297, 1552], [2294, 1550], [2292, 1548], [2289, 1545], [2287, 1543], [2285, 1540], [2281, 1537], [2279, 1535]]
506;77;NA;0.9384765625;0.8314712612733881;0.8750126957893372;7193;6413;[2240, 1851, 2318, 1972];[2243, 1857, 2319, 1976];[[2253, 1851], [2247, 1862], [2247, 1874], [2241, 1890], [2244, 1916], [2240, 1926], [2255, 1945], [2249, 1955], [2262, 1972], [2275, 1972], [2317, 1929], [2318, 1874], [2304, 1858], [2291, 1858], [2283, 1865], [2274, 1858]];[[2305, 1863], [2278, 1857], [2250, 1866], [2247, 1877], [2243, 1909], [2247, 1941], [2250, 1956], [2256, 1969], [2263, 1972], [2267, 1976], [2269, 1974], [2273, 1970], [2277, 1967], [2280, 1963], [2284, 1959], [2287, 1956], [2291, 1952], [2294, 1949], [2299, 1944], [2310, 1940], [2319, 1934], [2316, 1927], [2312, 1920], [2309, 1913], [2305, 1899], [2309, 1884], [2312, 1877], [2309, 1870]]
507;364;NA;0.9208984375;0.8677728361272665;0.8971630930900574;5549;5370;[1932, 1831, 2005, 1945];[1936, 1835, 2005, 1947];[[1993, 1832], [1983, 1831], [1975, 1835], [1962, 1864], [1956, 1871], [1951, 1888], [1938, 1882], [1934, 1883], [1932, 1903], [1946, 1917], [1947, 1923], [1943, 1932], [1951, 1945], [1970, 1945], [1977, 1937], [1986, 1934], [2001, 1922], [2005, 1888], [2005, 1853]];[[1999, 1839], [1984, 1835], [1971, 1841], [1968, 1848], [1964, 1856], [1961, 1863], [1957, 1870], [1953, 1877], [1949, 1875], [1945, 1871], [1943, 1874], [1939, 1877], [1936, 1895], [1939, 1913], [1943, 1927], [1949, 1940], [1956, 1944], [1963, 1947], [1969, 1945], [1972, 1941], [1977, 1937], [1984, 1933], [1990, 1931], [1994, 1927], [1998, 1909], [2001, 1891], [2005, 1866], [2002, 1843]]
508;294;NA;0.92431640625;0.8457211046709854;0.918961226940155;5468;5359;[2164, 1791, 2266, 1885];[2166, 1795, 2265, 1884];[[2177, 1793], [2165, 1804], [2164, 1817], [2179, 1835], [2180, 1843], [2184, 1847], [2198, 1846], [2206, 1850], [2199, 1867], [2202, 1884], [2208, 1885], [2219, 1874], [2234, 1851], [2241, 1857], [2254, 1857], [2266, 1845], [2266, 1831], [2248, 1811], [2229, 1801], [2218, 1799], [2208, 1791]];[[2168, 1815], [2166, 1819], [2169, 1823], [2171, 1828], [2173, 1833], [2176, 1840], [2177, 1846], [2180, 1849], [2190, 1852], [2200, 1854], [2197, 1857], [2195, 1866], [2197, 1876], [2200, 1880], [2206, 1884], [2212, 1880], [2215, 1876], [2218, 1873], [2220, 1870], [2222, 1866], [2224, 1861], [2227, 1858], [2242, 1856], [2256, 1853], [2261, 1851], [2265, 1840], [2262, 1828], [2260, 1823], [2258, 1819], [2256, 1817], [2253, 1814], [2250, 1811], [2246, 1810], [2242, 1807], [2237, 1805], [2232, 1803], [2225, 1800], [2218, 1798], [2201, 1795], [2185, 1797], [2183, 1799], [2181, 1802], [2178, 1804], [2176, 1807], [2173, 1809], [2170, 1812]]
509;328;NA;0.92236328125;0.8607679465776293;0.9571558833122253;5503;5643;[1956, 1541, 2032, 1655];[1957, 1542, 2033, 1654];[[2020, 1541], [2009, 1542], [2001, 1550], [1985, 1554], [1979, 1575], [1970, 1588], [1956, 1600], [1960, 1605], [1975, 1606], [1980, 1610], [1975, 1647], [1984, 1655], [2006, 1650], [2023, 1630], [2024, 1620], [2031, 1612], [2032, 1554], [2028, 1546]];[[2027, 1546], [2013, 1542], [1999, 1546], [1992, 1549], [1986, 1552], [1982, 1555], [1978, 1562], [1975, 1569], [1971, 1577], [1968, 1584], [1963, 1589], [1959, 1592], [1957, 1598], [1959, 1604], [1963, 1608], [1971, 1612], [1978, 1623], [1975, 1634], [1971, 1645], [1984, 1654], [1999, 1651], [2006, 1647], [2012, 1641], [2015, 1634], [2019, 1627], [2023, 1620], [2026, 1598], [2030, 1577], [2033, 1562], [2031, 1549]]
510;941;NA;0.84716796875;0.8339244731900689;0.8154789805412292;4577;4213;[1050, 1733, 1150, 1790];[1047, 1728, 1146, 1787];[[1050, 1748], [1050, 1771], [1061, 1779], [1081, 1783], [1087, 1790], [1118, 1786], [1134, 1780], [1145, 1772], [1150, 1759], [1150, 1749], [1141, 1740], [1119, 1733], [1108, 1735], [1087, 1733], [1073, 1738], [1061, 1739]];[[1050, 1744], [1047, 1755], [1049, 1767], [1051, 1771], [1052, 1775], [1054, 1777], [1066, 1779], [1078, 1781], [1081, 1783], [1083, 1785], [1090, 1787], [1098, 1785], [1102, 1783], [1106, 1781], [1112, 1779], [1118, 1777], [1122, 1775], [1126, 1773], [1134, 1771], [1142, 1769], [1144, 1767], [1146, 1759], [1144, 1751], [1142, 1747], [1140, 1744], [1138, 1742], [1136, 1739], [1134, 1737], [1130, 1736], [1126, 1734], [1122, 1732], [1118, 1734], [1112, 1736], [1106, 1734], [1102, 1732], [1098, 1730], [1094, 1728], [1091, 1729], [1089, 1731], [1086, 1734], [1072, 1736], [1059, 1737], [1057, 1739], [1054, 1742]]
511;206;NA;0.927734375;0.9047619047619048;0.876420259475708;4194;4126;[1206, 1735, 1297, 1807];[1203, 1736, 1294, 1811];[[1207, 1742], [1206, 1759], [1211, 1766], [1219, 1770], [1216, 1778], [1226, 1791], [1237, 1788], [1269, 1807], [1286, 1807], [1289, 1804], [1291, 1797], [1297, 1790], [1297, 1781], [1294, 1772], [1285, 1760], [1275, 1754], [1253, 1746], [1245, 1746], [1236, 1740], [1221, 1735]];[[1216, 1736], [1203, 1739], [1205, 1743], [1207, 1747], [1209, 1751], [1211, 1757], [1213, 1763], [1215, 1771], [1216, 1779], [1218, 1781], [1221, 1783], [1223, 1785], [1230, 1787], [1238, 1789], [1242, 1791], [1246, 1793], [1249, 1795], [1251, 1797], [1254, 1799], [1258, 1801], [1261, 1803], [1263, 1805], [1266, 1807], [1270, 1809], [1276, 1811], [1282, 1809], [1286, 1807], [1290, 1805], [1292, 1803], [1294, 1789], [1292, 1775], [1290, 1771], [1288, 1767], [1286, 1763], [1284, 1760], [1282, 1758], [1278, 1756], [1274, 1754], [1268, 1752], [1262, 1750], [1256, 1748], [1250, 1746], [1244, 1744], [1238, 1742], [1234, 1740], [1230, 1738]]
512;637;NA;0.90380859375;0.8392298831660359;0.8947806358337402;5908;5269;[1247, 1702, 1353, 1778];[1243, 1704, 1354, 1775];[[1254, 1710], [1251, 1715], [1258, 1722], [1247, 1728], [1247, 1732], [1255, 1738], [1253, 1749], [1269, 1765], [1286, 1776], [1300, 1778], [1310, 1775], [1318, 1769], [1329, 1767], [1337, 1760], [1348, 1757], [1351, 1753], [1353, 1737], [1349, 1729], [1340, 1722], [1333, 1710], [1320, 1703], [1287, 1702], [1278, 1709]];[[1247, 1719], [1243, 1725], [1246, 1731], [1250, 1733], [1256, 1735], [1262, 1741], [1264, 1747], [1266, 1749], [1269, 1751], [1271, 1753], [1274, 1755], [1278, 1757], [1282, 1759], [1286, 1761], [1288, 1763], [1290, 1765], [1292, 1767], [1294, 1769], [1297, 1771], [1299, 1773], [1302, 1775], [1306, 1773], [1312, 1771], [1318, 1769], [1324, 1767], [1330, 1765], [1334, 1763], [1338, 1761], [1342, 1759], [1346, 1757], [1348, 1755], [1350, 1753], [1352, 1751], [1354, 1741], [1352, 1732], [1350, 1730], [1348, 1728], [1346, 1726], [1344, 1724], [1342, 1722], [1340, 1720], [1338, 1718], [1336, 1716], [1334, 1714], [1332, 1711], [1330, 1709], [1326, 1708], [1322, 1706], [1302, 1704], [1282, 1706], [1278, 1708], [1274, 1710], [1272, 1712], [1270, 1710], [1260, 1708], [1251, 1713]]
513;84;NA;0.9375;0.8908946110963631;0.8759190440177917;6977;7269;[1266, 1824, 1378, 1931];[1270, 1824, 1381, 1939];[[1362, 1826], [1343, 1824], [1336, 1833], [1296, 1860], [1268, 1900], [1266, 1912], [1270, 1922], [1277, 1925], [1299, 1924], [1318, 1931], [1326, 1917], [1346, 1923], [1349, 1920], [1345, 1909], [1348, 1906], [1366, 1903], [1376, 1894], [1378, 1887], [1368, 1879], [1365, 1865], [1348, 1859], [1358, 1850], [1364, 1830]];[[1361, 1826], [1353, 1824], [1345, 1826], [1341, 1828], [1338, 1829], [1336, 1831], [1334, 1833], [1332, 1835], [1329, 1838], [1325, 1840], [1322, 1841], [1320, 1843], [1318, 1845], [1316, 1847], [1313, 1850], [1309, 1852], [1306, 1853], [1304, 1855], [1302, 1857], [1300, 1859], [1298, 1861], [1296, 1863], [1294, 1865], [1292, 1867], [1290, 1869], [1288, 1871], [1285, 1874], [1283, 1876], [1282, 1879], [1280, 1883], [1277, 1886], [1275, 1888], [1274, 1891], [1272, 1895], [1270, 1909], [1271, 1923], [1273, 1925], [1283, 1927], [1293, 1929], [1299, 1931], [1305, 1933], [1307, 1935], [1309, 1937], [1311, 1939], [1313, 1937], [1315, 1935], [1317, 1927], [1321, 1919], [1325, 1921], [1331, 1923], [1337, 1925], [1339, 1927], [1341, 1925], [1343, 1923], [1345, 1915], [1347, 1907], [1349, 1905], [1357, 1903], [1365, 1901], [1369, 1899], [1373, 1897], [1375, 1895], [1377, 1893], [1379, 1891], [1381, 1889], [1379, 1888], [1377, 1886], [1375, 1884], [1373, 1882], [1371, 1879], [1369, 1875], [1371, 1871], [1373, 1867], [1371, 1864], [1369, 1862], [1367, 1859], [1365, 1857], [1359, 1855], [1353, 1853], [1355, 1851], [1357, 1847], [1359, 1843], [1361, 1839], [1363, 1835], [1365, 1831], [1363, 1828]]
514;409;NA;0.91845703125;0.8726330476380307;0.8851562738418579;4701;4694;[1074, 1614, 1134, 1717];[1075, 1612, 1130, 1719];[[1077, 1615], [1074, 1623], [1074, 1637], [1080, 1659], [1081, 1705], [1091, 1717], [1112, 1716], [1126, 1702], [1134, 1689], [1128, 1658], [1122, 1646], [1124, 1635], [1113, 1622], [1106, 1622], [1099, 1614]];[[1090, 1612], [1079, 1613], [1077, 1615], [1075, 1647], [1077, 1679], [1079, 1691], [1081, 1703], [1083, 1707], [1084, 1711], [1086, 1713], [1089, 1715], [1091, 1717], [1098, 1719], [1106, 1717], [1108, 1715], [1110, 1713], [1112, 1711], [1114, 1709], [1116, 1707], [1118, 1705], [1122, 1703], [1126, 1699], [1128, 1695], [1130, 1683], [1128, 1671], [1126, 1665], [1124, 1659], [1122, 1649], [1120, 1639], [1118, 1627], [1114, 1616], [1111, 1617], [1109, 1619], [1106, 1618], [1104, 1615], [1102, 1613]]
515;884;NA;0.86865234375;0.7713223787167449;0.875434935092926;4699;4356;[1131, 1701, 1216, 1781];[1127, 1700, 1216, 1775];[[1131, 1731], [1145, 1748], [1144, 1759], [1153, 1774], [1174, 1781], [1187, 1781], [1209, 1774], [1214, 1769], [1216, 1738], [1213, 1722], [1216, 1708], [1213, 1704], [1202, 1705], [1195, 1715], [1186, 1721], [1180, 1708], [1169, 1701], [1166, 1707], [1165, 1726], [1142, 1725], [1136, 1726]];[[1140, 1724], [1127, 1733], [1128, 1741], [1131, 1744], [1134, 1747], [1136, 1754], [1139, 1761], [1141, 1766], [1145, 1770], [1150, 1772], [1176, 1775], [1202, 1772], [1207, 1770], [1211, 1764], [1209, 1757], [1206, 1752], [1204, 1747], [1201, 1742], [1204, 1737], [1207, 1734], [1209, 1732], [1211, 1726], [1213, 1718], [1216, 1716], [1213, 1714], [1211, 1709], [1207, 1705], [1203, 1706], [1201, 1709], [1197, 1714], [1190, 1719], [1183, 1714], [1180, 1709], [1178, 1704], [1171, 1700], [1164, 1714], [1159, 1729], [1155, 1726]]
516;30;NA;0.94677734375;0.8140933140933141;0.8001665472984314;3906;3637;[1244, 1455, 1342, 1526];[1249, 1456, 1346, 1518];[[1244, 1472], [1245, 1477], [1251, 1483], [1281, 1498], [1293, 1501], [1298, 1508], [1297, 1518], [1303, 1526], [1309, 1523], [1309, 1510], [1312, 1506], [1328, 1513], [1338, 1513], [1342, 1510], [1341, 1485], [1327, 1473], [1325, 1465], [1313, 1455], [1279, 1456], [1271, 1462], [1262, 1463], [1255, 1469]];[[1258, 1463], [1249, 1473], [1255, 1482], [1262, 1486], [1276, 1490], [1290, 1497], [1294, 1504], [1298, 1507], [1308, 1511], [1319, 1515], [1326, 1518], [1332, 1516], [1336, 1512], [1340, 1507], [1344, 1504], [1346, 1498], [1344, 1492], [1340, 1488], [1336, 1484], [1332, 1476], [1330, 1470], [1326, 1467], [1321, 1462], [1318, 1459], [1294, 1456], [1269, 1460]]
517;102;NA;0.9365234375;0.869061224489796;0.9472182393074036;5894;5554;[960, 1700, 1045, 1805];[962, 1699, 1046, 1804];[[972, 1700], [960, 1711], [961, 1723], [969, 1731], [961, 1751], [962, 1760], [967, 1761], [974, 1755], [984, 1768], [987, 1784], [1007, 1805], [1034, 1804], [1045, 1787], [1045, 1776], [1039, 1765], [1038, 1755], [1022, 1732], [1014, 1710], [1008, 1702], [998, 1702], [990, 1706], [983, 1700]];[[983, 1699], [962, 1730], [968, 1761], [976, 1765], [979, 1769], [983, 1772], [988, 1777], [991, 1784], [993, 1790], [997, 1794], [1004, 1797], [1011, 1801], [1022, 1804], [1032, 1802], [1035, 1798], [1040, 1794], [1044, 1790], [1046, 1780], [1042, 1770], [1039, 1763], [1035, 1755], [1032, 1748], [1028, 1741], [1024, 1734], [1021, 1727], [1017, 1716], [1011, 1707], [1004, 1703]]
518;521;NA;0.9111328125;0.8397679089488953;0.8473214507102966;3823;4421;[1376, 1399, 1467, 1472];[1370, 1396, 1468, 1476];[[1467, 1401], [1464, 1399], [1451, 1399], [1440, 1403], [1434, 1400], [1424, 1401], [1415, 1414], [1412, 1430], [1405, 1435], [1377, 1428], [1376, 1434], [1390, 1446], [1390, 1468], [1398, 1472], [1414, 1472], [1434, 1464], [1444, 1454], [1446, 1447], [1457, 1434], [1460, 1423], [1467, 1412]];[[1468, 1407], [1450, 1396], [1432, 1398], [1429, 1400], [1426, 1403], [1422, 1406], [1418, 1407], [1415, 1410], [1413, 1417], [1410, 1424], [1407, 1427], [1393, 1429], [1379, 1427], [1374, 1425], [1370, 1431], [1374, 1437], [1379, 1440], [1384, 1443], [1389, 1448], [1387, 1453], [1384, 1457], [1387, 1462], [1389, 1467], [1391, 1471], [1393, 1473], [1405, 1476], [1417, 1473], [1422, 1471], [1426, 1468], [1431, 1466], [1435, 1464], [1437, 1462], [1440, 1460], [1442, 1457], [1445, 1454], [1448, 1452], [1449, 1448], [1452, 1443], [1455, 1440], [1457, 1437], [1459, 1433], [1461, 1429], [1464, 1424], [1466, 1419]]
519;87;NA;0.93701171875;0.8557320738514383;0.8321065902709961;4367;4277;[1235, 1495, 1317, 1583];[1238, 1496, 1325, 1579];[[1240, 1498], [1235, 1504], [1235, 1520], [1252, 1546], [1290, 1582], [1303, 1583], [1309, 1580], [1313, 1574], [1317, 1551], [1307, 1544], [1304, 1527], [1291, 1521], [1285, 1505], [1268, 1496], [1246, 1495]];[[1259, 1496], [1246, 1497], [1244, 1499], [1241, 1502], [1239, 1504], [1238, 1515], [1239, 1527], [1241, 1529], [1244, 1531], [1246, 1535], [1247, 1539], [1249, 1541], [1251, 1543], [1253, 1545], [1255, 1547], [1257, 1549], [1259, 1551], [1261, 1553], [1263, 1555], [1265, 1557], [1268, 1559], [1270, 1561], [1273, 1563], [1277, 1565], [1279, 1567], [1281, 1569], [1283, 1571], [1285, 1573], [1288, 1575], [1290, 1577], [1299, 1579], [1309, 1577], [1311, 1575], [1313, 1571], [1315, 1567], [1317, 1561], [1319, 1555], [1321, 1553], [1323, 1551], [1325, 1547], [1317, 1544], [1309, 1542], [1307, 1539], [1305, 1535], [1307, 1531], [1309, 1525], [1307, 1520], [1305, 1518], [1301, 1516], [1298, 1517], [1296, 1519], [1293, 1518], [1291, 1516], [1289, 1514], [1287, 1512], [1285, 1510], [1283, 1508], [1281, 1506], [1279, 1504], [1277, 1502], [1275, 1499], [1273, 1497]]
520;131;NA;0.93408203125;0.7671597141432608;0.956296980381012;4703;5930;[893, 1859, 1003, 1933];[891, 1857, 1003, 1933];[[1002, 1898], [993, 1890], [977, 1884], [979, 1867], [970, 1859], [962, 1880], [945, 1887], [938, 1886], [930, 1876], [926, 1876], [900, 1890], [893, 1907], [900, 1919], [926, 1932], [947, 1933], [963, 1926], [980, 1923], [1000, 1912], [1003, 1908]];[[893, 1893], [891, 1906], [897, 1919], [904, 1922], [911, 1926], [918, 1930], [940, 1933], [961, 1930], [968, 1926], [976, 1922], [983, 1919], [990, 1915], [997, 1912], [1003, 1902], [1001, 1893], [997, 1889], [993, 1885], [990, 1882], [985, 1877], [982, 1866], [976, 1857], [970, 1859], [966, 1863], [962, 1866], [959, 1870], [954, 1875], [949, 1877], [946, 1866], [936, 1857], [927, 1863], [920, 1870], [912, 1874], [909, 1877], [905, 1881], [902, 1884], [897, 1889]]
521;506;NA;0.91162109375;0.8979244641034365;0.9472327828407288;5618;5538;[1171, 1826, 1267, 1917];[1171, 1824, 1266, 1915];[[1261, 1829], [1256, 1826], [1233, 1827], [1202, 1858], [1181, 1875], [1178, 1887], [1171, 1895], [1172, 1914], [1179, 1917], [1208, 1917], [1230, 1904], [1247, 1905], [1251, 1899], [1252, 1885], [1255, 1882], [1267, 1881], [1265, 1871], [1256, 1863], [1265, 1841]];[[1266, 1837], [1264, 1832], [1262, 1830], [1258, 1828], [1254, 1826], [1244, 1824], [1234, 1826], [1230, 1828], [1227, 1829], [1225, 1831], [1223, 1833], [1221, 1835], [1218, 1838], [1216, 1840], [1215, 1843], [1213, 1847], [1211, 1849], [1209, 1851], [1207, 1853], [1205, 1855], [1203, 1857], [1201, 1859], [1199, 1861], [1197, 1863], [1194, 1866], [1190, 1868], [1187, 1869], [1185, 1871], [1182, 1874], [1180, 1876], [1179, 1879], [1177, 1883], [1175, 1887], [1173, 1891], [1171, 1901], [1174, 1911], [1178, 1913], [1182, 1915], [1186, 1913], [1188, 1911], [1190, 1913], [1198, 1915], [1206, 1913], [1212, 1911], [1218, 1909], [1228, 1907], [1238, 1905], [1240, 1903], [1242, 1901], [1244, 1899], [1246, 1893], [1248, 1887], [1250, 1885], [1258, 1883], [1266, 1875], [1264, 1867], [1262, 1855], [1264, 1843]]
522;293;NA;0.92431640625;0.8468252236526292;0.8467614650726318;4137;4327;[1376, 1856, 1467, 1925];[1379, 1853, 1473, 1923];[[1460, 1859], [1449, 1856], [1442, 1860], [1420, 1863], [1380, 1895], [1376, 1907], [1378, 1916], [1383, 1920], [1400, 1925], [1430, 1919], [1450, 1906], [1466, 1907], [1467, 1902], [1458, 1891], [1464, 1873]];[[1464, 1861], [1462, 1857], [1460, 1855], [1450, 1853], [1441, 1855], [1431, 1857], [1422, 1859], [1420, 1861], [1417, 1865], [1412, 1867], [1408, 1869], [1406, 1871], [1403, 1876], [1401, 1880], [1398, 1884], [1393, 1886], [1389, 1888], [1387, 1890], [1384, 1895], [1382, 1900], [1379, 1909], [1383, 1918], [1388, 1920], [1400, 1923], [1412, 1920], [1422, 1918], [1431, 1915], [1436, 1913], [1441, 1911], [1450, 1908], [1460, 1911], [1467, 1913], [1473, 1909], [1472, 1905], [1469, 1903], [1467, 1900], [1464, 1898], [1461, 1895], [1459, 1890], [1461, 1885], [1464, 1882], [1467, 1880], [1468, 1873], [1466, 1866]]
523;441;NA;0.916015625;0.9161086309523809;0.8963414430618286;5099;5202;[1076, 1509, 1177, 1590];[1079, 1504, 1178, 1591];[[1166, 1521], [1152, 1519], [1124, 1529], [1115, 1509], [1109, 1533], [1080, 1561], [1076, 1570], [1078, 1580], [1091, 1590], [1127, 1590], [1149, 1577], [1174, 1567], [1177, 1555], [1168, 1543], [1169, 1527]];[[1114, 1504], [1111, 1505], [1109, 1507], [1107, 1521], [1105, 1535], [1103, 1539], [1099, 1543], [1095, 1545], [1093, 1547], [1091, 1549], [1089, 1551], [1087, 1553], [1085, 1555], [1082, 1558], [1080, 1560], [1079, 1571], [1080, 1583], [1082, 1585], [1088, 1587], [1094, 1589], [1108, 1591], [1122, 1589], [1126, 1587], [1130, 1585], [1134, 1583], [1138, 1581], [1144, 1579], [1150, 1577], [1158, 1575], [1166, 1573], [1168, 1571], [1170, 1569], [1172, 1567], [1174, 1565], [1176, 1563], [1178, 1559], [1176, 1555], [1174, 1551], [1172, 1547], [1170, 1537], [1168, 1528], [1166, 1526], [1164, 1523], [1162, 1521], [1152, 1520], [1142, 1522], [1138, 1524], [1134, 1526], [1130, 1528], [1127, 1529], [1125, 1531], [1122, 1528], [1120, 1523], [1118, 1513]]
524;270;NA;0.92578125;0.8526740665993946;0.8896020650863647;5257;5759;[998, 1413, 1075, 1521];[998, 1408, 1080, 1522];[[1060, 1413], [1050, 1413], [1038, 1420], [1015, 1447], [998, 1481], [998, 1494], [1003, 1513], [1011, 1521], [1035, 1519], [1055, 1493], [1061, 1465], [1075, 1450], [1069, 1439], [1069, 1422]];[[1070, 1417], [1061, 1408], [1050, 1413], [1039, 1418], [1030, 1422], [1025, 1427], [1019, 1438], [1014, 1449], [1007, 1456], [1002, 1461], [998, 1486], [1002, 1511], [1007, 1517], [1018, 1522], [1027, 1519], [1032, 1513], [1037, 1508], [1043, 1503], [1050, 1495], [1055, 1490], [1059, 1481], [1064, 1470], [1071, 1463], [1077, 1458], [1080, 1443], [1075, 1427]]
525;227;NA;0.92724609375;0.8898725977110775;0.8865979313850403;4380;4372;[1120, 1574, 1180, 1664];[1120, 1578, 1182, 1668];[[1159, 1574], [1146, 1575], [1125, 1584], [1121, 1591], [1121, 1608], [1124, 1622], [1120, 1627], [1122, 1638], [1130, 1645], [1132, 1659], [1137, 1664], [1158, 1661], [1172, 1646], [1179, 1631], [1180, 1603], [1173, 1583]];[[1151, 1578], [1133, 1581], [1126, 1585], [1120, 1612], [1123, 1641], [1127, 1652], [1129, 1661], [1133, 1665], [1144, 1668], [1153, 1666], [1157, 1662], [1160, 1659], [1164, 1655], [1169, 1651], [1172, 1647], [1175, 1637], [1178, 1627], [1182, 1616], [1178, 1605], [1175, 1594], [1172, 1585], [1169, 1581]]
526;535;NA;0.91064453125;0.8416528925619835;0.8282662034034729;5743;5399;[542, 1442, 646, 1534];[550, 1444, 648, 1528];[[569, 1442], [559, 1453], [558, 1462], [551, 1470], [550, 1488], [542, 1504], [553, 1512], [570, 1515], [625, 1516], [634, 1529], [644, 1534], [646, 1525], [639, 1514], [640, 1504], [646, 1496], [642, 1485], [590, 1443]];[[578, 1444], [564, 1450], [562, 1457], [559, 1464], [557, 1472], [555, 1479], [552, 1486], [550, 1495], [551, 1504], [554, 1507], [568, 1509], [582, 1511], [597, 1514], [611, 1516], [618, 1519], [625, 1521], [630, 1523], [635, 1526], [640, 1528], [644, 1515], [646, 1500], [648, 1493], [647, 1487], [644, 1484], [642, 1482], [640, 1480], [637, 1477], [635, 1475], [632, 1472], [629, 1469], [625, 1468], [620, 1465], [617, 1462], [615, 1460], [611, 1458], [606, 1456], [603, 1453], [601, 1450], [597, 1449], [592, 1446]]
527;330;NA;0.92236328125;0.7786440206042043;0.8964464068412781;6863;5913;[488, 1580, 618, 1655];[494, 1580, 619, 1651];[[618, 1622], [593, 1604], [596, 1594], [592, 1585], [581, 1580], [557, 1580], [524, 1606], [489, 1594], [497, 1610], [512, 1619], [501, 1623], [488, 1627], [488, 1643], [505, 1655], [525, 1655], [537, 1647], [552, 1647], [581, 1654], [589, 1648], [610, 1643], [618, 1633]];[[619, 1626], [615, 1623], [610, 1617], [603, 1610], [597, 1594], [572, 1580], [547, 1583], [542, 1588], [535, 1596], [524, 1601], [513, 1606], [503, 1612], [494, 1631], [546, 1651], [597, 1648], [603, 1642], [608, 1637], [614, 1631]]
528;111;NA;0.93603515625;0.8261744966442953;0.8896377682685852;4375;3788;[639, 1691, 737, 1751];[641, 1692, 738, 1747];[[737, 1712], [726, 1698], [712, 1692], [701, 1691], [690, 1696], [661, 1698], [657, 1702], [646, 1706], [639, 1715], [644, 1731], [659, 1743], [675, 1750], [690, 1751], [729, 1736], [736, 1728]];[[641, 1723], [643, 1733], [646, 1736], [654, 1740], [661, 1744], [679, 1747], [695, 1745], [699, 1741], [704, 1736], [711, 1733], [718, 1729], [725, 1726], [731, 1723], [735, 1720], [738, 1713], [736, 1707], [732, 1703], [728, 1698], [724, 1695], [704, 1692], [682, 1696], [672, 1699], [661, 1703], [654, 1707], [648, 1709], [644, 1713]]
529;-1;NA;NA;0.0;0.0;3253;0;[312, 1486, 386, 1562];[];[[326, 1560], [375, 1562], [386, 1550], [386, 1539], [382, 1532], [384, 1515], [377, 1509], [369, 1526], [359, 1523], [334, 1486], [329, 1517], [312, 1544]];[]
530;895;NA;0.8662109375;0.4783417486048366;0.47328880429267883;4228;6898;[257, 1454, 339, 1549];[258, 1472, 383, 1565];[[319, 1454], [306, 1455], [295, 1467], [292, 1485], [294, 1507], [291, 1511], [264, 1511], [257, 1514], [259, 1519], [269, 1520], [283, 1527], [287, 1531], [288, 1540], [297, 1548], [311, 1549], [322, 1545], [333, 1532], [339, 1519], [338, 1492], [334, 1486], [333, 1477], [328, 1472], [327, 1464]];[[272, 1504], [258, 1513], [267, 1522], [277, 1528], [283, 1533], [288, 1538], [295, 1546], [301, 1551], [315, 1554], [331, 1560], [352, 1565], [372, 1562], [378, 1556], [383, 1540], [379, 1526], [374, 1520], [363, 1515], [352, 1504], [347, 1494], [342, 1488], [335, 1481], [329, 1476], [315, 1472], [301, 1476], [295, 1481], [288, 1494]]
531;179;NA;0.93115234375;0.6258883248730964;0.6420000195503235;5140;7672;[510, 1508, 617, 1586];[494, 1504, 619, 1608];[[530, 1563], [553, 1577], [595, 1586], [617, 1576], [617, 1556], [601, 1545], [586, 1542], [575, 1535], [555, 1510], [529, 1508], [510, 1514], [515, 1546]];[[519, 1504], [494, 1551], [497, 1597], [503, 1603], [508, 1608], [513, 1603], [524, 1597], [533, 1594], [538, 1588], [546, 1581], [567, 1576], [589, 1581], [599, 1587], [608, 1583], [614, 1578], [619, 1567], [615, 1558], [610, 1553], [603, 1546], [597, 1540], [589, 1537], [578, 1531], [571, 1524], [565, 1519], [556, 1515], [546, 1510]]
532;415;NA;0.91845703125;0.870961887477314;0.8578329682350159;5476;4833;[588, 1643, 703, 1706];[590, 1649, 703, 1704];[[588, 1664], [589, 1677], [609, 1696], [622, 1697], [639, 1706], [688, 1697], [701, 1686], [703, 1679], [701, 1664], [678, 1648], [650, 1652], [633, 1643], [610, 1643], [603, 1650], [593, 1654]];[[594, 1655], [590, 1670], [593, 1683], [596, 1686], [604, 1690], [611, 1693], [621, 1697], [632, 1701], [643, 1704], [654, 1701], [668, 1697], [682, 1693], [689, 1690], [695, 1687], [699, 1684], [703, 1673], [700, 1664], [697, 1660], [689, 1656], [682, 1653], [639, 1649], [598, 1652]]
533;190;NA;0.92919921875;0.9083778966131907;0.8778815269470215;5362;5344;[685, 1574, 781, 1658];[687, 1576, 786, 1655];[[780, 1586], [772, 1581], [759, 1584], [746, 1575], [736, 1574], [731, 1576], [731, 1583], [726, 1586], [695, 1594], [685, 1603], [686, 1624], [693, 1634], [694, 1650], [703, 1657], [715, 1658], [746, 1642], [781, 1606]];[[782, 1587], [780, 1584], [778, 1582], [766, 1580], [754, 1578], [738, 1576], [723, 1579], [721, 1583], [718, 1586], [712, 1588], [706, 1590], [702, 1592], [699, 1593], [697, 1595], [694, 1598], [690, 1600], [687, 1611], [689, 1623], [691, 1633], [692, 1643], [694, 1645], [696, 1647], [698, 1649], [701, 1651], [703, 1653], [712, 1655], [722, 1653], [726, 1651], [730, 1649], [734, 1647], [738, 1645], [742, 1643], [746, 1641], [748, 1639], [750, 1637], [752, 1635], [754, 1633], [756, 1631], [758, 1629], [760, 1627], [762, 1625], [764, 1623], [766, 1621], [768, 1619], [770, 1617], [772, 1615], [774, 1613], [776, 1611], [778, 1609], [780, 1607], [782, 1603], [784, 1599], [786, 1595], [784, 1591]]
534;779;NA;0.88818359375;0.7463537425038869;0.6781558990478516;10142;13446;[3511, 894, 3625, 1030];[3477, 893, 3638, 1035];[[3597, 894], [3573, 894], [3529, 927], [3513, 932], [3511, 955], [3516, 969], [3541, 974], [3534, 1001], [3535, 1022], [3540, 1030], [3555, 1030], [3575, 1002], [3584, 1001], [3601, 1008], [3613, 1004], [3617, 982], [3614, 947], [3625, 936], [3623, 922]];[[3600, 895], [3589, 893], [3577, 895], [3572, 898], [3567, 900], [3563, 903], [3559, 904], [3556, 907], [3553, 910], [3548, 912], [3543, 915], [3539, 917], [3535, 918], [3532, 921], [3529, 924], [3524, 926], [3520, 928], [3518, 930], [3516, 933], [3513, 935], [3510, 938], [3508, 941], [3506, 945], [3508, 949], [3511, 954], [3513, 959], [3516, 966], [3513, 973], [3511, 978], [3504, 983], [3496, 986], [3486, 988], [3477, 992], [3479, 996], [3481, 999], [3496, 1001], [3510, 999], [3517, 996], [3524, 1006], [3527, 1015], [3529, 1018], [3532, 1020], [3534, 1023], [3536, 1025], [3539, 1027], [3542, 1031], [3544, 1033], [3551, 1035], [3557, 1033], [3559, 1031], [3562, 1028], [3564, 1026], [3567, 1023], [3569, 1021], [3571, 1019], [3574, 1016], [3577, 1013], [3591, 1011], [3605, 1013], [3608, 1015], [3610, 1018], [3613, 1020], [3615, 1023], [3617, 1025], [3619, 1011], [3621, 997], [3624, 988], [3622, 979], [3620, 977], [3621, 973], [3624, 969], [3626, 964], [3628, 961], [3631, 959], [3634, 956], [3636, 953], [3638, 938], [3636, 922], [3634, 919], [3629, 917], [3625, 915], [3620, 912], [3615, 910], [3613, 907], [3610, 905], [3608, 903], [3605, 900], [3602, 897]]
535;835;NA;0.87890625;0.8852419158764891;0.8789675831794739;3976;3778;[3534, 1366, 3595, 1460];[3535, 1368, 3595, 1452];[[3563, 1366], [3554, 1368], [3539, 1387], [3535, 1396], [3534, 1414], [3539, 1432], [3548, 1446], [3557, 1454], [3574, 1460], [3584, 1451], [3581, 1409], [3586, 1402], [3594, 1400], [3595, 1393], [3592, 1386], [3583, 1379], [3579, 1369]];[[3565, 1368], [3554, 1369], [3551, 1371], [3549, 1374], [3547, 1376], [3543, 1379], [3541, 1382], [3539, 1386], [3537, 1391], [3535, 1412], [3536, 1433], [3539, 1435], [3541, 1437], [3543, 1440], [3547, 1443], [3549, 1445], [3553, 1447], [3558, 1449], [3570, 1452], [3581, 1450], [3583, 1448], [3586, 1436], [3583, 1424], [3581, 1417], [3583, 1410], [3586, 1407], [3588, 1405], [3591, 1402], [3594, 1399], [3595, 1395], [3594, 1391], [3591, 1389], [3586, 1386], [3581, 1379], [3579, 1372], [3577, 1370]]
536;58;NA;0.9404296875;0.8925399644760214;0.8694204092025757;4339;4185;[3436, 1141, 3531, 1220];[3444, 1144, 3531, 1219];[[3521, 1142], [3508, 1141], [3483, 1151], [3462, 1151], [3436, 1178], [3437, 1189], [3451, 1194], [3459, 1204], [3459, 1212], [3472, 1220], [3522, 1175], [3531, 1158], [3529, 1150]];[[3527, 1146], [3513, 1144], [3499, 1146], [3493, 1148], [3487, 1150], [3475, 1152], [3464, 1153], [3462, 1155], [3460, 1157], [3458, 1159], [3455, 1162], [3451, 1164], [3448, 1165], [3446, 1167], [3444, 1179], [3445, 1191], [3447, 1193], [3449, 1195], [3451, 1197], [3454, 1199], [3456, 1203], [3457, 1207], [3459, 1209], [3461, 1211], [3463, 1213], [3466, 1215], [3468, 1217], [3473, 1219], [3479, 1217], [3483, 1215], [3487, 1213], [3489, 1211], [3491, 1209], [3493, 1207], [3495, 1203], [3497, 1199], [3499, 1197], [3501, 1195], [3503, 1193], [3505, 1191], [3507, 1189], [3509, 1187], [3511, 1185], [3513, 1183], [3515, 1181], [3517, 1179], [3519, 1177], [3521, 1175], [3523, 1173], [3525, 1171], [3527, 1167], [3529, 1163], [3531, 1155], [3529, 1148]]
537;186;NA;0.93017578125;0.8703971119133574;0.8572244644165039;5374;4988;[3504, 1259, 3607, 1344];[3508, 1264, 3603, 1343];[[3514, 1266], [3513, 1275], [3505, 1287], [3504, 1302], [3506, 1309], [3524, 1323], [3534, 1324], [3541, 1331], [3552, 1332], [3559, 1338], [3577, 1340], [3584, 1344], [3596, 1340], [3606, 1328], [3607, 1319], [3592, 1306], [3587, 1289], [3559, 1278], [3546, 1266], [3530, 1259], [3523, 1259]];[[3535, 1264], [3528, 1265], [3526, 1267], [3523, 1270], [3521, 1272], [3520, 1275], [3518, 1279], [3516, 1281], [3514, 1283], [3511, 1286], [3509, 1288], [3508, 1299], [3509, 1311], [3511, 1313], [3513, 1315], [3515, 1317], [3518, 1319], [3520, 1321], [3523, 1323], [3527, 1325], [3531, 1327], [3535, 1329], [3541, 1331], [3547, 1333], [3553, 1335], [3559, 1337], [3565, 1339], [3571, 1341], [3583, 1343], [3595, 1341], [3597, 1339], [3599, 1337], [3601, 1335], [3603, 1319], [3599, 1304], [3595, 1302], [3591, 1300], [3587, 1296], [3585, 1292], [3583, 1290], [3581, 1287], [3579, 1285], [3575, 1284], [3572, 1285], [3570, 1287], [3567, 1286], [3565, 1283], [3563, 1281], [3559, 1280], [3555, 1278], [3553, 1276], [3551, 1274], [3549, 1272], [3547, 1270], [3545, 1267], [3543, 1265]]
538;433;NA;0.91650390625;0.8610289769367239;0.8402351140975952;4883;4558;[3542, 1012, 3615, 1111];[3539, 1015, 3609, 1113];[[3605, 1012], [3575, 1013], [3550, 1038], [3546, 1048], [3550, 1058], [3548, 1066], [3542, 1073], [3542, 1092], [3544, 1099], [3554, 1110], [3569, 1111], [3585, 1092], [3587, 1083], [3600, 1068], [3602, 1058], [3614, 1044], [3615, 1022]];[[3605, 1017], [3591, 1015], [3578, 1016], [3575, 1019], [3573, 1021], [3570, 1023], [3568, 1026], [3566, 1028], [3563, 1031], [3561, 1033], [3559, 1035], [3556, 1038], [3553, 1041], [3551, 1043], [3549, 1052], [3547, 1062], [3544, 1066], [3542, 1071], [3539, 1088], [3543, 1104], [3548, 1106], [3553, 1108], [3558, 1111], [3560, 1113], [3563, 1111], [3567, 1108], [3571, 1107], [3574, 1104], [3576, 1102], [3578, 1100], [3582, 1097], [3584, 1094], [3586, 1090], [3588, 1085], [3591, 1082], [3594, 1080], [3595, 1076], [3597, 1071], [3600, 1066], [3602, 1062], [3605, 1057], [3607, 1052], [3609, 1035], [3608, 1019]]
539;101;NA;0.9365234375;0.7950380603326755;0.9033468961715698;3509;2858;[3274, 1238, 3352, 1319];[3273, 1242, 3350, 1318];[[3342, 1238], [3329, 1238], [3319, 1243], [3296, 1265], [3275, 1292], [3274, 1309], [3282, 1318], [3293, 1319], [3298, 1314], [3307, 1311], [3327, 1290], [3337, 1283], [3352, 1256], [3352, 1247]];[[3350, 1255], [3347, 1249], [3344, 1245], [3329, 1242], [3316, 1244], [3313, 1247], [3309, 1251], [3306, 1255], [3301, 1259], [3297, 1263], [3295, 1269], [3291, 1276], [3288, 1280], [3284, 1283], [3279, 1288], [3276, 1292], [3273, 1305], [3287, 1318], [3300, 1315], [3303, 1312], [3307, 1305], [3310, 1298], [3314, 1294], [3318, 1290], [3321, 1287], [3325, 1283], [3328, 1280], [3332, 1276], [3335, 1273], [3339, 1269], [3344, 1264], [3347, 1261]]
540;743;NA;0.89306640625;0.7241729247006292;0.7656923532485962;4363;4132;[3333, 711, 3402, 811];[3334, 717, 3414, 815];[[3350, 711], [3340, 724], [3338, 743], [3333, 754], [3342, 759], [3356, 773], [3368, 795], [3381, 807], [3392, 811], [3400, 800], [3399, 781], [3402, 774], [3402, 765], [3396, 754], [3395, 742], [3388, 734], [3387, 723], [3376, 713]];[[3338, 726], [3334, 737], [3338, 748], [3343, 751], [3350, 753], [3357, 756], [3361, 759], [3363, 780], [3365, 801], [3367, 803], [3369, 806], [3372, 803], [3377, 801], [3381, 803], [3384, 806], [3386, 808], [3389, 811], [3392, 814], [3398, 815], [3404, 814], [3407, 811], [3409, 806], [3412, 802], [3414, 797], [3412, 793], [3410, 791], [3405, 788], [3400, 786], [3397, 783], [3395, 775], [3397, 768], [3400, 765], [3403, 763], [3404, 759], [3403, 755], [3400, 752], [3397, 749], [3395, 744], [3393, 740], [3391, 738], [3388, 736], [3386, 733], [3383, 730], [3381, 725], [3379, 721], [3377, 719], [3362, 717], [3349, 718], [3346, 721], [3343, 724]]
541;670;NA;0.900390625;0.8317340181105555;0.8461538553237915;6843;6710;[3040, 1093, 3158, 1177];[3044, 1098, 3164, 1175];[[3041, 1108], [3040, 1121], [3047, 1131], [3049, 1151], [3057, 1156], [3091, 1161], [3086, 1165], [3075, 1164], [3070, 1170], [3074, 1176], [3099, 1177], [3115, 1172], [3105, 1160], [3125, 1158], [3157, 1141], [3158, 1119], [3140, 1105], [3099, 1102], [3088, 1093], [3064, 1093]];[[3048, 1104], [3044, 1129], [3050, 1153], [3058, 1157], [3062, 1162], [3066, 1169], [3083, 1175], [3101, 1171], [3115, 1168], [3129, 1164], [3136, 1160], [3142, 1154], [3146, 1147], [3149, 1144], [3153, 1140], [3158, 1135], [3161, 1132], [3164, 1129], [3161, 1127], [3158, 1123], [3153, 1119], [3149, 1115], [3140, 1113], [3129, 1109], [3122, 1106], [3115, 1102], [3083, 1098], [3052, 1101]]
542;393;NA;0.9189453125;0.881486517108543;0.9026598930358887;4370;3933;[2930, 1338, 3023, 1395];[2932, 1340, 3019, 1395];[[3023, 1359], [3012, 1343], [2975, 1338], [2959, 1342], [2939, 1351], [2932, 1360], [2930, 1370], [2936, 1386], [2946, 1395], [2992, 1395], [3015, 1383], [3023, 1371]];[[2939, 1356], [2932, 1369], [2933, 1383], [2935, 1385], [2938, 1387], [2940, 1389], [2943, 1391], [2947, 1393], [2965, 1395], [2983, 1393], [2997, 1391], [3011, 1389], [3013, 1387], [3015, 1385], [3017, 1383], [3019, 1367], [3017, 1352], [3015, 1350], [3013, 1347], [3011, 1345], [3001, 1344], [2991, 1342], [2977, 1340], [2964, 1341], [2962, 1343], [2960, 1345], [2958, 1347], [2955, 1350], [2951, 1352], [2947, 1354]]
543;240;NA;0.92626953125;0.8121632024634334;0.8284101486206055;6043;5727;[3016, 1318, 3125, 1409];[3020, 1324, 3119, 1407];[[3122, 1337], [3073, 1318], [3066, 1319], [3060, 1327], [3060, 1340], [3044, 1334], [3028, 1336], [3025, 1350], [3034, 1358], [3035, 1367], [3016, 1386], [3016, 1400], [3033, 1409], [3053, 1403], [3060, 1395], [3081, 1392], [3088, 1386], [3101, 1382], [3116, 1359], [3125, 1351]];[[3119, 1343], [3117, 1340], [3115, 1338], [3113, 1336], [3111, 1334], [3109, 1331], [3107, 1329], [3103, 1328], [3099, 1326], [3069, 1324], [3040, 1325], [3038, 1327], [3035, 1330], [3027, 1332], [3020, 1339], [3021, 1347], [3023, 1349], [3026, 1351], [3028, 1355], [3029, 1359], [3031, 1361], [3034, 1363], [3036, 1367], [3034, 1371], [3032, 1373], [3030, 1375], [3028, 1377], [3026, 1379], [3023, 1382], [3021, 1384], [3020, 1395], [3029, 1407], [3039, 1405], [3043, 1403], [3047, 1401], [3051, 1399], [3055, 1397], [3057, 1395], [3059, 1393], [3065, 1391], [3071, 1389], [3077, 1387], [3083, 1385], [3087, 1383], [3091, 1381], [3095, 1379], [3099, 1377], [3101, 1375], [3103, 1373], [3105, 1371], [3107, 1369], [3109, 1367], [3111, 1363], [3113, 1359], [3115, 1353], [3117, 1347]]
544;312;NA;0.9228515625;0.8699001926107511;0.7948741912841797;5109;5570;[3080, 1337, 3154, 1453];[3064, 1336, 3155, 1451];[[3135, 1337], [3123, 1337], [3118, 1341], [3118, 1350], [3112, 1363], [3080, 1398], [3083, 1408], [3092, 1407], [3094, 1410], [3091, 1439], [3100, 1453], [3120, 1451], [3129, 1437], [3139, 1409], [3154, 1390], [3153, 1362]];[[3127, 1338], [3125, 1336], [3124, 1337], [3122, 1339], [3120, 1345], [3118, 1351], [3116, 1355], [3114, 1359], [3112, 1363], [3110, 1367], [3108, 1369], [3106, 1371], [3104, 1373], [3102, 1375], [3100, 1377], [3098, 1379], [3095, 1382], [3091, 1384], [3088, 1385], [3086, 1387], [3083, 1390], [3079, 1392], [3076, 1393], [3074, 1395], [3072, 1397], [3070, 1399], [3067, 1402], [3065, 1404], [3064, 1409], [3065, 1415], [3067, 1413], [3071, 1411], [3075, 1409], [3079, 1407], [3083, 1409], [3086, 1411], [3088, 1423], [3090, 1435], [3092, 1439], [3094, 1443], [3096, 1447], [3107, 1451], [3119, 1449], [3123, 1447], [3127, 1443], [3129, 1439], [3131, 1435], [3133, 1431], [3135, 1425], [3137, 1419], [3139, 1415], [3141, 1411], [3143, 1409], [3145, 1407], [3147, 1403], [3149, 1399], [3151, 1395], [3153, 1391], [3155, 1375], [3153, 1359], [3151, 1355], [3149, 1352], [3147, 1350], [3145, 1347], [3143, 1345], [3139, 1344], [3135, 1342], [3131, 1340]]
545;493;NA;0.91259765625;0.8478908188585608;0.8576440811157227;3939;3508;[3086, 926, 3181, 989];[3092, 928, 3179, 987];[[3181, 936], [3173, 926], [3162, 926], [3154, 931], [3126, 932], [3113, 935], [3094, 953], [3086, 970], [3093, 980], [3103, 988], [3108, 989], [3123, 987], [3153, 967], [3157, 968], [3159, 978], [3165, 981], [3168, 978], [3168, 961], [3175, 952]];[[3093, 960], [3092, 969], [3095, 979], [3099, 981], [3103, 983], [3107, 985], [3111, 987], [3115, 985], [3121, 983], [3127, 981], [3131, 979], [3135, 977], [3137, 975], [3139, 973], [3149, 971], [3159, 975], [3163, 979], [3167, 967], [3169, 955], [3171, 951], [3173, 947], [3175, 943], [3177, 939], [3179, 937], [3177, 935], [3175, 931], [3167, 928], [3159, 930], [3145, 932], [3131, 930], [3127, 928], [3123, 930], [3119, 932], [3116, 933], [3114, 935], [3112, 937], [3110, 939], [3108, 941], [3106, 943], [3103, 946], [3101, 948], [3100, 951], [3098, 955], [3095, 958]]
546;382;NA;0.91943359375;0.8815452215305749;0.8797297477722168;5086;5191;[3102, 1283, 3209, 1346];[3104, 1284, 3211, 1351];[[3209, 1303], [3205, 1298], [3187, 1295], [3181, 1286], [3175, 1283], [3167, 1291], [3151, 1293], [3142, 1297], [3112, 1299], [3102, 1320], [3109, 1335], [3128, 1346], [3188, 1346], [3209, 1328]];[[3211, 1313], [3209, 1304], [3207, 1302], [3203, 1300], [3199, 1298], [3195, 1296], [3191, 1294], [3187, 1292], [3183, 1290], [3181, 1287], [3179, 1285], [3173, 1284], [3167, 1286], [3155, 1288], [3143, 1292], [3125, 1296], [3108, 1301], [3106, 1307], [3104, 1317], [3105, 1327], [3107, 1329], [3111, 1331], [3115, 1333], [3121, 1335], [3127, 1337], [3131, 1339], [3135, 1341], [3139, 1343], [3143, 1345], [3147, 1347], [3151, 1349], [3161, 1351], [3171, 1349], [3179, 1347], [3187, 1345], [3191, 1343], [3195, 1341], [3197, 1339], [3199, 1337], [3201, 1335], [3203, 1333], [3205, 1331], [3207, 1327], [3209, 1323]]
547;436;NA;0.91650390625;0.7802231866088035;0.8109828233718872;5877;5609;[2938, 1035, 3055, 1107];[2944, 1041, 3056, 1103];[[2938, 1087], [2960, 1107], [2975, 1107], [3009, 1090], [3027, 1094], [3031, 1104], [3031, 1095], [3054, 1079], [3055, 1065], [3041, 1054], [3029, 1050], [3022, 1037], [3004, 1043], [2992, 1035], [2965, 1035], [2947, 1047], [2947, 1051], [2963, 1067], [2943, 1074]];[[2948, 1047], [2944, 1054], [2948, 1061], [2951, 1065], [2948, 1069], [2944, 1079], [2954, 1089], [2965, 1092], [2969, 1097], [2973, 1101], [2979, 1103], [2986, 1100], [3000, 1096], [3015, 1100], [3025, 1103], [3035, 1101], [3039, 1097], [3042, 1094], [3046, 1090], [3050, 1085], [3054, 1082], [3056, 1072], [3054, 1063], [3050, 1059], [3043, 1055], [3036, 1052], [3031, 1047], [3028, 1044], [2990, 1041], [2951, 1044]]
548;14;NA;0.9560546875;0.865176001771087;0.8085472583770752;4365;4060;[3408, 1083, 3517, 1147];[3417, 1077, 3514, 1146];[[3517, 1095], [3507, 1084], [3479, 1083], [3471, 1085], [3429, 1108], [3409, 1126], [3408, 1136], [3420, 1147], [3436, 1147], [3451, 1140], [3470, 1140], [3509, 1115]];[[3507, 1083], [3494, 1077], [3480, 1081], [3473, 1084], [3465, 1088], [3458, 1091], [3452, 1094], [3449, 1097], [3444, 1102], [3437, 1106], [3431, 1108], [3427, 1112], [3422, 1116], [3419, 1120], [3417, 1133], [3430, 1146], [3444, 1143], [3458, 1139], [3473, 1135], [3480, 1132], [3487, 1128], [3494, 1125], [3500, 1122], [3504, 1119], [3508, 1114], [3512, 1110], [3514, 1101], [3511, 1090]]
549;204;NA;0.927734375;0.8914274160938132;0.9196214079856873;4740;4615;[2938, 1090, 3002, 1197];[2940, 1092, 3003, 1199];[[2945, 1090], [2938, 1101], [2942, 1130], [2956, 1156], [2943, 1162], [2944, 1172], [2949, 1177], [2963, 1179], [2974, 1195], [2990, 1197], [3000, 1184], [3002, 1177], [3002, 1145], [2995, 1135], [2994, 1128], [2985, 1119], [2973, 1098], [2956, 1090]];[[2951, 1092], [2940, 1109], [2942, 1127], [2944, 1131], [2946, 1135], [2948, 1139], [2950, 1143], [2952, 1147], [2950, 1151], [2947, 1154], [2945, 1156], [2944, 1157], [2945, 1159], [2947, 1161], [2950, 1163], [2952, 1167], [2950, 1171], [2948, 1175], [2951, 1179], [2955, 1181], [2959, 1183], [2963, 1185], [2965, 1187], [2967, 1189], [2969, 1191], [2971, 1193], [2974, 1195], [2976, 1197], [2981, 1199], [2987, 1197], [2991, 1195], [2995, 1193], [2997, 1191], [2999, 1187], [3001, 1183], [3003, 1163], [3001, 1143], [2999, 1139], [2997, 1136], [2995, 1134], [2993, 1131], [2991, 1127], [2989, 1124], [2987, 1122], [2985, 1119], [2983, 1115], [2981, 1112], [2979, 1110], [2977, 1108], [2975, 1106], [2973, 1104], [2971, 1102], [2969, 1100], [2967, 1098], [2965, 1095], [2963, 1093]]
550;323;NA;0.92236328125;0.8793925481193714;0.9453946352005005;5341;5302;[3335, 1330, 3418, 1424];[3336, 1332, 3419, 1423];[[3407, 1330], [3385, 1330], [3377, 1336], [3361, 1331], [3355, 1334], [3357, 1346], [3354, 1354], [3336, 1380], [3335, 1408], [3339, 1416], [3378, 1389], [3383, 1405], [3402, 1424], [3408, 1424], [3411, 1411], [3418, 1402], [3418, 1391], [3410, 1372], [3411, 1342]];[[3369, 1336], [3364, 1337], [3362, 1339], [3360, 1345], [3358, 1351], [3356, 1353], [3354, 1355], [3351, 1358], [3349, 1360], [3348, 1363], [3346, 1367], [3343, 1370], [3341, 1372], [3340, 1375], [3338, 1379], [3336, 1397], [3343, 1415], [3351, 1413], [3353, 1411], [3355, 1409], [3357, 1407], [3359, 1405], [3361, 1403], [3363, 1401], [3365, 1399], [3367, 1397], [3371, 1395], [3375, 1393], [3377, 1391], [3379, 1393], [3382, 1395], [3384, 1401], [3386, 1407], [3388, 1411], [3389, 1415], [3391, 1417], [3394, 1419], [3396, 1421], [3403, 1423], [3411, 1421], [3413, 1419], [3415, 1415], [3417, 1411], [3419, 1395], [3417, 1379], [3415, 1373], [3413, 1367], [3411, 1351], [3409, 1336], [3407, 1334], [3391, 1332], [3375, 1334]]
551;783;NA;0.88720703125;0.727896066402021;0.6365740895271301;5382;4194;[3411, 925, 3519, 1001];[3416, 928, 3511, 983];[[3411, 940], [3420, 964], [3434, 976], [3462, 976], [3481, 995], [3500, 1001], [3517, 992], [3519, 979], [3516, 959], [3507, 950], [3505, 944], [3494, 936], [3485, 935], [3473, 926], [3445, 925], [3426, 927]];[[3419, 932], [3416, 957], [3419, 983], [3423, 977], [3435, 971], [3447, 973], [3453, 975], [3459, 977], [3467, 979], [3475, 981], [3489, 983], [3503, 981], [3505, 979], [3507, 977], [3509, 975], [3511, 965], [3509, 956], [3507, 954], [3505, 952], [3503, 950], [3501, 948], [3499, 946], [3497, 943], [3495, 941], [3491, 940], [3487, 938], [3483, 936], [3479, 934], [3477, 931], [3475, 929], [3449, 928], [3423, 930]]
552;758;NA;0.89111328125;0.8084886128364389;0.7840631008148193;5707;4775;[3257, 853, 3353, 945];[3264, 860, 3347, 947];[[3353, 866], [3343, 855], [3329, 853], [3311, 862], [3302, 862], [3293, 871], [3284, 872], [3271, 894], [3263, 901], [3257, 922], [3274, 935], [3286, 936], [3304, 945], [3316, 944], [3325, 935], [3327, 922], [3343, 904], [3346, 892], [3353, 886]];[[3347, 863], [3327, 860], [3308, 861], [3306, 863], [3303, 866], [3301, 868], [3299, 872], [3293, 876], [3287, 878], [3283, 880], [3280, 883], [3278, 887], [3276, 891], [3274, 895], [3272, 897], [3270, 899], [3267, 902], [3265, 904], [3264, 913], [3266, 923], [3268, 927], [3269, 931], [3271, 933], [3279, 935], [3287, 933], [3289, 931], [3291, 933], [3297, 935], [3303, 937], [3307, 939], [3311, 941], [3314, 943], [3316, 945], [3321, 947], [3327, 935], [3329, 923], [3331, 919], [3333, 915], [3335, 907], [3337, 899], [3339, 897], [3341, 895], [3343, 893], [3345, 891], [3347, 883], [3345, 875], [3343, 871], [3345, 867]]
553;79;NA;0.93798828125;0.8915328177672021;0.9239130616188049;4809;4730;[3082, 1165, 3171, 1257];[3086, 1167, 3171, 1256];[[3169, 1175], [3158, 1168], [3147, 1165], [3125, 1172], [3108, 1184], [3106, 1194], [3082, 1219], [3082, 1240], [3112, 1257], [3123, 1252], [3136, 1229], [3157, 1208], [3168, 1205], [3171, 1198]];[[3161, 1169], [3145, 1167], [3129, 1169], [3127, 1171], [3124, 1174], [3117, 1177], [3110, 1174], [3107, 1172], [3105, 1174], [3100, 1177], [3096, 1178], [3098, 1180], [3100, 1182], [3103, 1186], [3106, 1190], [3103, 1195], [3101, 1197], [3098, 1200], [3095, 1203], [3093, 1205], [3091, 1209], [3089, 1214], [3086, 1231], [3093, 1247], [3100, 1249], [3105, 1251], [3110, 1254], [3114, 1256], [3118, 1255], [3121, 1252], [3124, 1249], [3126, 1247], [3128, 1243], [3130, 1238], [3133, 1235], [3136, 1232], [3137, 1228], [3140, 1224], [3142, 1221], [3145, 1219], [3147, 1217], [3149, 1214], [3152, 1212], [3154, 1209], [3157, 1206], [3162, 1204], [3166, 1202], [3168, 1200], [3171, 1188], [3169, 1177], [3167, 1174], [3164, 1171]]
554;144;NA;0.93310546875;0.8962155963302753;0.9118363261222839;4761;5160;[2986, 928, 3083, 1006];[2987, 927, 3085, 1010];[[3080, 933], [3069, 928], [3052, 931], [3030, 947], [3014, 948], [3005, 956], [2994, 960], [2986, 979], [2995, 988], [2998, 996], [3004, 1000], [3037, 1000], [3051, 1006], [3053, 996], [3070, 979], [3073, 968], [3079, 962], [3083, 946]];[[3085, 943], [3083, 934], [3079, 930], [3065, 927], [3050, 930], [3043, 934], [3037, 936], [3034, 940], [3029, 945], [3018, 948], [3008, 952], [3000, 955], [2994, 958], [2991, 961], [2987, 976], [2991, 990], [2994, 997], [3018, 1003], [3043, 1007], [3047, 1010], [3049, 1004], [3053, 997], [3058, 992], [3061, 989], [3064, 983], [3067, 976], [3072, 971], [3075, 967], [3078, 961], [3081, 954]]
555;7;NA;0.96337890625;0.7153636554181513;0.8986440300941467;4695;3489;[3421, 1022, 3504, 1108];[3423, 1021, 3505, 1103];[[3500, 1030], [3484, 1022], [3470, 1022], [3458, 1029], [3445, 1030], [3442, 1033], [3440, 1048], [3423, 1080], [3421, 1095], [3425, 1106], [3428, 1108], [3448, 1107], [3482, 1075], [3492, 1075], [3502, 1070], [3504, 1037]];[[3505, 1041], [3496, 1032], [3485, 1026], [3475, 1021], [3466, 1024], [3460, 1030], [3455, 1035], [3450, 1041], [3444, 1046], [3439, 1051], [3432, 1058], [3426, 1064], [3423, 1084], [3432, 1103], [3441, 1100], [3446, 1094], [3452, 1089], [3457, 1084], [3464, 1076], [3480, 1071], [3494, 1062], [3500, 1051]]
556;166;NA;0.931640625;0.871466341264999;0.8606400489807129;4824;4378;[3269, 1149, 3348, 1246];[3273, 1149, 3350, 1239];[[3288, 1154], [3275, 1163], [3269, 1171], [3269, 1178], [3274, 1183], [3278, 1195], [3285, 1201], [3287, 1209], [3315, 1239], [3327, 1246], [3337, 1246], [3348, 1235], [3348, 1216], [3340, 1208], [3343, 1199], [3339, 1190], [3331, 1183], [3329, 1164], [3318, 1152], [3309, 1149]];[[3304, 1149], [3288, 1151], [3284, 1154], [3279, 1159], [3276, 1163], [3273, 1176], [3276, 1189], [3279, 1193], [3284, 1197], [3288, 1205], [3290, 1211], [3294, 1214], [3297, 1218], [3301, 1221], [3304, 1225], [3308, 1228], [3313, 1233], [3316, 1237], [3322, 1239], [3329, 1236], [3337, 1232], [3344, 1236], [3347, 1239], [3350, 1230], [3346, 1219], [3343, 1208], [3339, 1197], [3335, 1190], [3332, 1183], [3328, 1172], [3325, 1162], [3321, 1154]]
557;488;NA;0.9130859375;0.5682034220532319;0.7615704536437988;5577;7621;[2290, 1231, 2397, 1321];[2296, 1225, 2411, 1318];[[2291, 1258], [2290, 1269], [2297, 1276], [2299, 1287], [2329, 1314], [2376, 1321], [2389, 1315], [2397, 1306], [2397, 1291], [2376, 1273], [2365, 1270], [2354, 1259], [2349, 1240], [2337, 1241], [2330, 1245], [2325, 1234], [2320, 1231], [2314, 1241], [2317, 1250], [2315, 1253]];[[2305, 1246], [2296, 1261], [2302, 1277], [2307, 1288], [2311, 1297], [2316, 1302], [2337, 1307], [2359, 1313], [2375, 1318], [2389, 1309], [2395, 1298], [2400, 1282], [2405, 1266], [2411, 1245], [2391, 1225], [2370, 1230], [2364, 1236], [2359, 1230], [2354, 1225], [2348, 1230], [2332, 1236], [2316, 1241]]
558;612;NA;0.90576171875;0.8518776077885952;0.8381190299987793;6859;6456;[1975, 868, 2073, 978];[1977, 872, 2072, 991];[[2014, 868], [1988, 892], [1990, 913], [1975, 939], [1977, 955], [1986, 958], [2022, 959], [2043, 978], [2061, 978], [2073, 960], [2066, 932], [2060, 926], [2050, 906], [2048, 891], [2039, 879], [2027, 869]];[[2016, 872], [2005, 875], [2003, 879], [2001, 887], [1999, 895], [1996, 898], [1990, 900], [1985, 901], [1983, 903], [1981, 905], [1983, 907], [1985, 911], [1987, 915], [1989, 921], [1985, 927], [1981, 931], [1979, 935], [1977, 945], [1998, 955], [2020, 957], [2025, 959], [2029, 965], [2030, 971], [2032, 973], [2034, 975], [2036, 977], [2038, 979], [2040, 981], [2043, 983], [2045, 985], [2048, 987], [2052, 989], [2054, 991], [2056, 989], [2058, 987], [2060, 981], [2062, 975], [2064, 969], [2066, 963], [2068, 957], [2070, 951], [2072, 947], [2070, 943], [2068, 939], [2066, 935], [2064, 931], [2062, 928], [2060, 926], [2058, 923], [2056, 919], [2054, 915], [2052, 911], [2050, 907], [2048, 901], [2046, 895], [2044, 891], [2042, 888], [2040, 886], [2038, 883], [2036, 879], [2032, 876], [2028, 874]]
559;564;NA;0.9091796875;0.7542068443940253;0.7775754332542419;5158;4120;[1928, 1181, 1997, 1291];[1936, 1191, 1998, 1289];[[1946, 1181], [1935, 1194], [1928, 1220], [1929, 1232], [1940, 1248], [1937, 1262], [1956, 1275], [1971, 1291], [1981, 1291], [1994, 1280], [1997, 1264], [1992, 1231], [1979, 1215], [1976, 1203], [1967, 1187], [1959, 1181]];[[1945, 1191], [1936, 1226], [1938, 1261], [1941, 1264], [1945, 1268], [1949, 1271], [1952, 1275], [1956, 1278], [1961, 1283], [1964, 1287], [1977, 1289], [1990, 1287], [1994, 1283], [1998, 1262], [1995, 1242], [1992, 1238], [1988, 1234], [1984, 1231], [1981, 1227], [1977, 1224], [1972, 1219], [1969, 1212], [1967, 1206], [1963, 1202], [1958, 1197], [1955, 1194]]
560;782;NA;0.88818359375;0.4492298338062424;0.6038846373558044;5728;8573;[2202, 1210, 2292, 1339];[2178, 1225, 2293, 1361];[[2218, 1211], [2207, 1210], [2203, 1215], [2202, 1241], [2210, 1262], [2209, 1276], [2227, 1276], [2250, 1289], [2240, 1317], [2254, 1339], [2270, 1313], [2287, 1306], [2292, 1299], [2291, 1274], [2273, 1264], [2257, 1236], [2244, 1223], [2231, 1221]];[[2239, 1229], [2225, 1225], [2210, 1239], [2214, 1254], [2219, 1259], [2216, 1266], [2209, 1273], [2203, 1279], [2200, 1288], [2194, 1298], [2189, 1309], [2184, 1320], [2178, 1341], [2198, 1361], [2218, 1358], [2223, 1352], [2230, 1340], [2236, 1329], [2241, 1334], [2246, 1340], [2250, 1336], [2255, 1331], [2261, 1325], [2266, 1320], [2271, 1315], [2277, 1309], [2284, 1302], [2289, 1297], [2293, 1288], [2289, 1279], [2284, 1273], [2278, 1268], [2273, 1263], [2268, 1257], [2262, 1252], [2257, 1246], [2252, 1241], [2244, 1234]]
561;298;NA;0.923828125;0.8595203132648067;0.8858677744865417;5698;5699;[2310, 1319, 2414, 1399];[2313, 1316, 2420, 1399];[[2414, 1326], [2406, 1322], [2362, 1319], [2341, 1325], [2343, 1347], [2334, 1355], [2321, 1359], [2312, 1368], [2310, 1380], [2330, 1399], [2358, 1399], [2367, 1392], [2377, 1390], [2413, 1354]];[[2313, 1397], [2320, 1399], [2328, 1397], [2330, 1395], [2332, 1397], [2340, 1399], [2348, 1397], [2356, 1395], [2364, 1393], [2368, 1391], [2372, 1389], [2376, 1387], [2380, 1385], [2382, 1383], [2384, 1381], [2386, 1379], [2388, 1377], [2390, 1375], [2392, 1373], [2394, 1371], [2396, 1369], [2398, 1367], [2400, 1365], [2402, 1363], [2404, 1361], [2406, 1359], [2408, 1357], [2410, 1355], [2412, 1353], [2414, 1351], [2416, 1345], [2418, 1339], [2420, 1337], [2418, 1335], [2416, 1331], [2414, 1328], [2412, 1326], [2410, 1323], [2408, 1321], [2398, 1320], [2388, 1322], [2374, 1324], [2360, 1322], [2356, 1320], [2352, 1318], [2340, 1316], [2329, 1321], [2330, 1327], [2332, 1329], [2334, 1331], [2336, 1333], [2338, 1335], [2340, 1337], [2343, 1339], [2345, 1345], [2341, 1351], [2337, 1353], [2335, 1355], [2332, 1358], [2328, 1360], [2325, 1361], [2323, 1363], [2321, 1365], [2319, 1367], [2316, 1370], [2314, 1372], [2313, 1377], [2314, 1383], [2316, 1385], [2319, 1387], [2321, 1389], [2319, 1391], [2317, 1393], [2315, 1395]]
562;848;NA;0.8759765625;0.7918480411555204;0.7816805243492126;5019;4037;[1974, 1082, 2068, 1167];[1973, 1088, 2068, 1155];[[1987, 1091], [1975, 1101], [1974, 1113], [1982, 1123], [1995, 1129], [1998, 1137], [2011, 1151], [2031, 1167], [2037, 1166], [2042, 1155], [2059, 1138], [2067, 1121], [2068, 1110], [2049, 1089], [2035, 1089], [2015, 1082], [2007, 1088]];[[1982, 1096], [1973, 1103], [1975, 1111], [1977, 1115], [1980, 1119], [1984, 1121], [1990, 1123], [1996, 1125], [2000, 1127], [2004, 1129], [2006, 1131], [2008, 1133], [2011, 1135], [2013, 1139], [2014, 1143], [2016, 1145], [2018, 1147], [2020, 1149], [2023, 1151], [2025, 1153], [2028, 1155], [2032, 1153], [2036, 1151], [2040, 1149], [2042, 1147], [2044, 1145], [2046, 1143], [2048, 1141], [2050, 1139], [2052, 1137], [2054, 1135], [2056, 1133], [2058, 1131], [2060, 1129], [2062, 1127], [2064, 1123], [2066, 1119], [2068, 1113], [2066, 1107], [2064, 1103], [2062, 1100], [2060, 1098], [2056, 1096], [2052, 1094], [2046, 1092], [2040, 1090], [2022, 1088], [2004, 1090], [1998, 1092], [1992, 1094]]
563;664;NA;0.9013671875;0.8078602620087336;0.7400881052017212;4406;3874;[2055, 934, 2141, 997];[2057, 941, 2148, 1003];[[2138, 939], [2127, 934], [2098, 936], [2075, 945], [2064, 954], [2056, 969], [2055, 979], [2063, 994], [2067, 997], [2102, 997], [2109, 991], [2120, 991], [2127, 985], [2134, 984], [2141, 971], [2141, 947]];[[2057, 983], [2063, 996], [2070, 999], [2077, 1003], [2085, 999], [2102, 996], [2119, 990], [2123, 983], [2126, 979], [2130, 976], [2133, 972], [2137, 968], [2142, 964], [2145, 960], [2148, 951], [2113, 941], [2079, 943], [2075, 947], [2070, 952], [2067, 955], [2064, 961], [2061, 968]]
564;468;NA;0.9140625;0.8899233296823659;0.9273064136505127;3336;3566;[2148, 1023, 2206, 1104];[2149, 1024, 2208, 1103];[[2166, 1024], [2157, 1040], [2149, 1044], [2148, 1054], [2154, 1067], [2171, 1083], [2156, 1091], [2154, 1097], [2161, 1104], [2180, 1099], [2200, 1100], [2206, 1090], [2206, 1081], [2196, 1041], [2184, 1025], [2178, 1023]];[[2174, 1024], [2165, 1025], [2163, 1027], [2160, 1030], [2158, 1032], [2157, 1035], [2153, 1039], [2149, 1051], [2150, 1063], [2152, 1065], [2154, 1067], [2156, 1069], [2159, 1071], [2161, 1075], [2163, 1079], [2164, 1082], [2158, 1084], [2153, 1089], [2154, 1095], [2156, 1097], [2159, 1099], [2161, 1101], [2168, 1103], [2176, 1101], [2178, 1099], [2180, 1101], [2190, 1103], [2200, 1101], [2202, 1099], [2204, 1097], [2206, 1095], [2208, 1083], [2206, 1071], [2204, 1065], [2202, 1059], [2200, 1055], [2198, 1051], [2196, 1047], [2194, 1043], [2192, 1037], [2190, 1032], [2188, 1030], [2186, 1027], [2184, 1025]]
565;62;NA;0.93994140625;0.9033158240315168;0.9149481654167175;5888;5707;[1879, 1368, 1980, 1460];[1882, 1368, 1985, 1459];[[1978, 1369], [1963, 1368], [1939, 1383], [1924, 1384], [1913, 1391], [1900, 1392], [1879, 1412], [1879, 1430], [1896, 1438], [1897, 1454], [1901, 1458], [1914, 1460], [1932, 1457], [1951, 1439], [1957, 1426], [1970, 1422], [1980, 1401]];[[1973, 1369], [1965, 1368], [1957, 1370], [1953, 1372], [1950, 1373], [1948, 1375], [1945, 1378], [1939, 1380], [1933, 1382], [1927, 1384], [1921, 1386], [1915, 1388], [1909, 1390], [1905, 1392], [1901, 1394], [1897, 1396], [1894, 1397], [1892, 1399], [1890, 1401], [1888, 1403], [1885, 1406], [1883, 1408], [1882, 1421], [1885, 1435], [1889, 1437], [1891, 1439], [1893, 1441], [1896, 1443], [1898, 1447], [1899, 1451], [1901, 1453], [1904, 1455], [1906, 1457], [1917, 1459], [1929, 1457], [1931, 1455], [1933, 1453], [1935, 1451], [1937, 1449], [1939, 1447], [1941, 1445], [1943, 1443], [1945, 1441], [1947, 1439], [1949, 1437], [1951, 1435], [1953, 1433], [1955, 1431], [1957, 1427], [1959, 1423], [1961, 1421], [1963, 1419], [1965, 1417], [1967, 1415], [1969, 1413], [1971, 1411], [1973, 1409], [1975, 1407], [1977, 1405], [1979, 1403], [1981, 1399], [1983, 1395], [1985, 1387], [1983, 1380], [1981, 1378], [1979, 1376], [1977, 1374], [1975, 1371]]
566;262;NA;0.92578125;0.9173609547399234;0.9477714896202087;4192;4323;[2269, 951, 2337, 1043];[2269, 952, 2340, 1043];[[2327, 951], [2313, 952], [2302, 958], [2289, 972], [2276, 973], [2272, 976], [2274, 981], [2282, 983], [2286, 989], [2271, 1014], [2269, 1025], [2273, 1034], [2287, 1037], [2295, 1042], [2306, 1043], [2314, 1040], [2323, 1006], [2331, 991], [2336, 987], [2337, 961]];[[2332, 954], [2322, 952], [2312, 954], [2308, 956], [2304, 958], [2300, 960], [2296, 964], [2292, 968], [2288, 970], [2280, 972], [2273, 973], [2271, 975], [2269, 977], [2270, 979], [2272, 981], [2278, 983], [2284, 985], [2287, 987], [2289, 991], [2287, 995], [2285, 997], [2283, 999], [2281, 1001], [2279, 1003], [2277, 1005], [2275, 1007], [2272, 1010], [2270, 1012], [2269, 1023], [2270, 1035], [2272, 1037], [2284, 1039], [2296, 1041], [2304, 1043], [2312, 1041], [2314, 1039], [2316, 1035], [2318, 1031], [2320, 1025], [2322, 1019], [2324, 1011], [2326, 1003], [2328, 999], [2330, 995], [2332, 991], [2334, 987], [2336, 983], [2338, 979], [2340, 975], [2338, 971], [2336, 963], [2334, 956]]
567;805;NA;0.88427734375;0.8587114149575306;0.8237704634666443;4733;4239;[2292, 1104, 2362, 1198];[2295, 1105, 2365, 1189];[[2343, 1105], [2322, 1104], [2306, 1122], [2298, 1138], [2298, 1146], [2292, 1156], [2292, 1183], [2297, 1195], [2301, 1198], [2313, 1197], [2337, 1183], [2362, 1149], [2361, 1127], [2349, 1115]];[[2347, 1108], [2332, 1105], [2319, 1107], [2316, 1109], [2314, 1112], [2312, 1114], [2308, 1117], [2306, 1120], [2304, 1124], [2302, 1128], [2300, 1135], [2297, 1143], [2295, 1162], [2297, 1180], [2299, 1182], [2308, 1185], [2318, 1187], [2325, 1189], [2332, 1188], [2334, 1186], [2337, 1182], [2339, 1180], [2341, 1176], [2343, 1171], [2346, 1166], [2348, 1162], [2351, 1159], [2353, 1157], [2356, 1154], [2359, 1151], [2360, 1147], [2362, 1143], [2365, 1138], [2362, 1133], [2360, 1128], [2359, 1124], [2356, 1122], [2353, 1119], [2351, 1114], [2349, 1110]]
568;460;NA;0.9150390625;0.7733644859813084;0.8403390049934387;5013;4095;[2390, 910, 2465, 1028];[2393, 912, 2460, 1023];[[2448, 911], [2428, 910], [2421, 913], [2418, 922], [2419, 935], [2412, 944], [2404, 966], [2390, 983], [2390, 988], [2398, 991], [2403, 990], [2408, 983], [2411, 985], [2416, 1002], [2415, 1028], [2434, 1012], [2443, 1009], [2458, 986], [2465, 968], [2460, 936]];[[2448, 913], [2438, 912], [2429, 913], [2427, 915], [2424, 918], [2422, 920], [2421, 923], [2419, 927], [2417, 937], [2415, 947], [2413, 951], [2411, 955], [2409, 959], [2407, 963], [2405, 967], [2403, 971], [2401, 975], [2399, 979], [2396, 982], [2394, 984], [2393, 989], [2396, 995], [2400, 993], [2409, 991], [2417, 1001], [2419, 1011], [2421, 1017], [2424, 1023], [2428, 1019], [2430, 1015], [2432, 1013], [2434, 1011], [2436, 1007], [2438, 1003], [2440, 993], [2442, 983], [2444, 981], [2446, 979], [2448, 977], [2450, 975], [2452, 973], [2454, 971], [2456, 969], [2458, 967], [2460, 953], [2458, 939], [2456, 929], [2454, 920], [2452, 918], [2450, 915]]
569;962;NA;0.83642578125;0.7450088450846601;0.7375478744506836;3224;3681;[1527, 1228, 1587, 1306];[1522, 1229, 1588, 1323];[[1582, 1232], [1570, 1228], [1560, 1230], [1544, 1241], [1533, 1254], [1527, 1271], [1533, 1293], [1541, 1306], [1549, 1305], [1563, 1291], [1583, 1277], [1586, 1271], [1584, 1252], [1587, 1247], [1587, 1242]];[[1579, 1232], [1567, 1229], [1556, 1231], [1553, 1233], [1551, 1236], [1549, 1238], [1546, 1240], [1544, 1243], [1542, 1245], [1539, 1248], [1537, 1250], [1534, 1252], [1532, 1255], [1530, 1257], [1526, 1260], [1524, 1263], [1522, 1293], [1531, 1323], [1540, 1321], [1542, 1319], [1546, 1316], [1548, 1313], [1549, 1309], [1552, 1305], [1554, 1300], [1557, 1295], [1559, 1293], [1561, 1290], [1564, 1288], [1566, 1286], [1569, 1283], [1571, 1281], [1574, 1278], [1579, 1275], [1583, 1274], [1585, 1271], [1588, 1269], [1586, 1267], [1584, 1265], [1580, 1262], [1578, 1257], [1580, 1252], [1583, 1243], [1581, 1234]]
570;985;NA;0.81884765625;0.6083824492468893;0.5922642946243286;3054;1858;[1551, 1062, 1602, 1135];[1566, 1064, 1601, 1127];[[1573, 1062], [1566, 1064], [1560, 1069], [1552, 1080], [1551, 1087], [1555, 1095], [1553, 1114], [1558, 1133], [1583, 1135], [1587, 1133], [1596, 1122], [1602, 1106], [1602, 1091], [1589, 1064]];[[1579, 1064], [1570, 1065], [1568, 1067], [1566, 1093], [1567, 1119], [1569, 1121], [1572, 1123], [1574, 1125], [1581, 1127], [1589, 1125], [1593, 1123], [1597, 1119], [1599, 1115], [1601, 1103], [1599, 1091], [1597, 1085], [1595, 1079], [1593, 1075], [1591, 1071], [1589, 1067]]
571;171;NA;0.93115234375;0.8416284268737498;0.8735376000404358;7745;7907;[1576, 901, 1688, 1006];[1574, 900, 1693, 999];[[1686, 914], [1674, 905], [1643, 914], [1625, 912], [1615, 903], [1593, 901], [1591, 910], [1603, 929], [1584, 938], [1576, 948], [1588, 971], [1588, 992], [1592, 1001], [1601, 1006], [1609, 1005], [1674, 965], [1688, 942]];[[1595, 900], [1586, 901], [1588, 903], [1590, 909], [1588, 915], [1586, 921], [1584, 927], [1582, 931], [1580, 935], [1578, 939], [1576, 943], [1574, 949], [1576, 955], [1578, 957], [1576, 959], [1574, 963], [1576, 967], [1578, 971], [1579, 975], [1581, 977], [1583, 979], [1585, 981], [1588, 983], [1590, 987], [1591, 991], [1593, 993], [1596, 995], [1598, 997], [1607, 999], [1617, 997], [1619, 995], [1621, 993], [1625, 991], [1629, 989], [1633, 987], [1637, 985], [1641, 983], [1645, 981], [1649, 979], [1653, 977], [1655, 975], [1657, 973], [1659, 971], [1661, 969], [1665, 967], [1669, 965], [1671, 963], [1673, 961], [1677, 959], [1681, 955], [1683, 951], [1685, 947], [1687, 943], [1689, 937], [1691, 931], [1693, 925], [1691, 919], [1689, 913], [1679, 908], [1669, 910], [1663, 912], [1657, 914], [1643, 916], [1629, 914], [1623, 912], [1617, 910], [1613, 908], [1609, 906], [1607, 903], [1605, 901]]
572;870;NA;0.87158203125;0.8123129542539547;0.8753355741500854;4302;4176;[1555, 1118, 1666, 1170];[1554, 1120, 1669, 1167];[[1555, 1133], [1555, 1152], [1559, 1158], [1577, 1164], [1595, 1164], [1604, 1170], [1617, 1159], [1654, 1158], [1663, 1151], [1666, 1141], [1663, 1130], [1650, 1127], [1643, 1121], [1611, 1121], [1591, 1118], [1569, 1122]];[[1555, 1128], [1554, 1139], [1559, 1151], [1565, 1153], [1573, 1155], [1581, 1157], [1587, 1159], [1593, 1161], [1597, 1163], [1601, 1165], [1607, 1167], [1613, 1165], [1625, 1163], [1637, 1161], [1647, 1159], [1657, 1157], [1661, 1155], [1665, 1151], [1667, 1147], [1669, 1139], [1667, 1132], [1665, 1130], [1663, 1127], [1661, 1125], [1657, 1124], [1653, 1122], [1625, 1120], [1598, 1121], [1596, 1123], [1593, 1126], [1583, 1128], [1573, 1126], [1569, 1124], [1565, 1122], [1563, 1120], [1562, 1121], [1560, 1123], [1557, 1126]]
573;381;NA;0.91943359375;0.8833814565287135;0.8658823370933533;5559;6182;[1788, 1098, 1857, 1210];[1782, 1092, 1857, 1211];[[1851, 1098], [1823, 1098], [1807, 1119], [1804, 1129], [1788, 1148], [1788, 1188], [1800, 1210], [1819, 1210], [1857, 1150], [1857, 1139], [1851, 1130], [1855, 1114], [1854, 1101]];[[1849, 1094], [1837, 1092], [1826, 1093], [1824, 1095], [1822, 1097], [1820, 1099], [1817, 1102], [1815, 1104], [1814, 1107], [1812, 1111], [1810, 1115], [1808, 1119], [1806, 1121], [1804, 1123], [1801, 1126], [1799, 1128], [1798, 1131], [1796, 1135], [1794, 1139], [1792, 1143], [1790, 1149], [1788, 1155], [1786, 1159], [1784, 1163], [1782, 1175], [1784, 1187], [1786, 1191], [1788, 1195], [1790, 1199], [1791, 1203], [1793, 1205], [1797, 1207], [1801, 1209], [1811, 1211], [1821, 1209], [1823, 1207], [1825, 1205], [1827, 1203], [1829, 1199], [1831, 1195], [1833, 1193], [1835, 1191], [1837, 1189], [1839, 1187], [1841, 1183], [1843, 1179], [1845, 1173], [1847, 1167], [1849, 1161], [1851, 1155], [1853, 1153], [1855, 1151], [1857, 1141], [1855, 1131], [1853, 1127], [1855, 1123], [1857, 1113], [1855, 1103], [1853, 1099], [1851, 1096]]
574;597;NA;0.9072265625;0.9194318915429309;0.9306554794311523;7544;7322;[1450, 1026, 1560, 1140];[1450, 1032, 1561, 1139];[[1450, 1046], [1450, 1070], [1463, 1091], [1475, 1095], [1492, 1110], [1504, 1112], [1524, 1131], [1532, 1132], [1543, 1140], [1558, 1133], [1560, 1106], [1552, 1095], [1554, 1080], [1544, 1075], [1539, 1057], [1517, 1033], [1494, 1026], [1478, 1041], [1455, 1042]];[[1453, 1048], [1450, 1061], [1451, 1075], [1453, 1077], [1455, 1079], [1457, 1081], [1459, 1083], [1461, 1085], [1463, 1087], [1465, 1089], [1467, 1091], [1469, 1093], [1472, 1095], [1474, 1097], [1477, 1099], [1481, 1101], [1485, 1103], [1489, 1105], [1492, 1107], [1494, 1109], [1497, 1111], [1501, 1113], [1503, 1115], [1505, 1117], [1508, 1119], [1510, 1121], [1513, 1123], [1517, 1125], [1520, 1127], [1522, 1129], [1525, 1131], [1529, 1133], [1533, 1135], [1537, 1137], [1543, 1139], [1549, 1137], [1551, 1135], [1553, 1133], [1555, 1131], [1557, 1127], [1559, 1123], [1561, 1115], [1559, 1107], [1557, 1093], [1555, 1080], [1553, 1078], [1547, 1075], [1541, 1071], [1539, 1067], [1537, 1063], [1535, 1060], [1533, 1058], [1531, 1055], [1529, 1051], [1527, 1048], [1525, 1046], [1523, 1044], [1521, 1042], [1519, 1040], [1517, 1038], [1515, 1035], [1513, 1033], [1499, 1032], [1486, 1033], [1484, 1035], [1481, 1038], [1473, 1040], [1465, 1042], [1461, 1044], [1457, 1046]]
575;595;NA;0.908203125;0.804029053035494;0.8388746976852417;6813;6351;[1460, 1250, 1546, 1367];[1459, 1257, 1542, 1361];[[1499, 1251], [1482, 1250], [1469, 1264], [1471, 1296], [1460, 1335], [1469, 1345], [1473, 1367], [1478, 1365], [1478, 1342], [1482, 1334], [1499, 1356], [1512, 1359], [1535, 1335], [1545, 1316], [1546, 1293], [1543, 1282], [1533, 1271], [1522, 1268]];[[1495, 1257], [1470, 1288], [1465, 1320], [1459, 1336], [1474, 1350], [1490, 1356], [1506, 1361], [1520, 1358], [1526, 1352], [1531, 1341], [1536, 1331], [1542, 1304], [1538, 1279], [1533, 1273], [1526, 1266], [1520, 1261]]
576;300;NA;0.923828125;0.855457227138643;0.8892642259597778;6575;6634;[1853, 1194, 1925, 1312];[1849, 1192, 1928, 1311];[[1862, 1195], [1853, 1208], [1859, 1223], [1859, 1238], [1853, 1252], [1853, 1289], [1860, 1298], [1862, 1308], [1865, 1311], [1880, 1312], [1885, 1311], [1895, 1300], [1920, 1301], [1924, 1292], [1924, 1268], [1915, 1254], [1910, 1238], [1922, 1232], [1925, 1227], [1904, 1220], [1885, 1194]];[[1856, 1196], [1853, 1197], [1851, 1199], [1849, 1205], [1851, 1211], [1853, 1215], [1855, 1219], [1857, 1241], [1855, 1263], [1853, 1273], [1855, 1283], [1857, 1289], [1859, 1295], [1861, 1299], [1862, 1303], [1864, 1305], [1868, 1307], [1872, 1309], [1878, 1311], [1884, 1309], [1886, 1307], [1888, 1305], [1890, 1303], [1892, 1301], [1900, 1299], [1908, 1301], [1912, 1303], [1916, 1301], [1918, 1299], [1920, 1297], [1922, 1295], [1924, 1293], [1926, 1291], [1928, 1277], [1926, 1263], [1924, 1259], [1922, 1255], [1920, 1251], [1918, 1247], [1916, 1241], [1920, 1235], [1924, 1233], [1926, 1231], [1928, 1227], [1924, 1224], [1920, 1222], [1910, 1220], [1900, 1218], [1896, 1216], [1892, 1214], [1888, 1212], [1884, 1210], [1882, 1207], [1880, 1203], [1876, 1200], [1872, 1198], [1870, 1195], [1868, 1193], [1864, 1192], [1860, 1194]]
577;43;NA;0.943359375;0.881498597128239;0.9037558436393738;5540;5860;[1390, 1231, 1467, 1339];[1385, 1234, 1468, 1339];[[1455, 1231], [1432, 1238], [1411, 1262], [1396, 1266], [1390, 1278], [1398, 1288], [1396, 1309], [1403, 1318], [1410, 1319], [1417, 1328], [1434, 1339], [1444, 1338], [1449, 1332], [1452, 1316], [1458, 1306], [1459, 1289], [1467, 1270], [1467, 1239]];[[1462, 1238], [1441, 1234], [1419, 1245], [1412, 1256], [1405, 1259], [1394, 1263], [1385, 1273], [1388, 1283], [1392, 1298], [1394, 1311], [1398, 1314], [1402, 1319], [1406, 1323], [1412, 1325], [1419, 1329], [1426, 1332], [1433, 1336], [1437, 1339], [1439, 1337], [1443, 1333], [1448, 1329], [1451, 1325], [1454, 1312], [1457, 1298], [1461, 1287], [1465, 1276], [1468, 1258], [1466, 1242]]
578;479;NA;0.9130859375;0.9122496011345506;0.8956594467163086;5340;5447;[1493, 843, 1572, 960];[1498, 840, 1573, 959];[[1512, 844], [1506, 863], [1493, 878], [1505, 883], [1511, 889], [1515, 899], [1516, 916], [1532, 948], [1550, 960], [1562, 959], [1572, 937], [1563, 889], [1549, 867], [1547, 856], [1537, 843]];[[1523, 840], [1510, 845], [1508, 851], [1506, 857], [1504, 863], [1501, 866], [1499, 868], [1498, 873], [1501, 879], [1505, 881], [1507, 883], [1509, 885], [1512, 887], [1514, 895], [1516, 903], [1518, 913], [1520, 923], [1522, 927], [1523, 931], [1525, 933], [1528, 935], [1530, 939], [1532, 943], [1534, 947], [1535, 951], [1537, 953], [1540, 955], [1542, 957], [1549, 959], [1557, 957], [1561, 955], [1565, 953], [1567, 951], [1569, 947], [1571, 943], [1573, 929], [1571, 915], [1569, 909], [1567, 903], [1565, 899], [1563, 895], [1561, 889], [1559, 883], [1557, 877], [1555, 871], [1553, 867], [1551, 863], [1549, 859], [1547, 855], [1545, 851], [1543, 848], [1541, 846], [1539, 843], [1537, 841]]
579;740;NA;0.89306640625;0.8451784134473607;0.8777777552604675;3317;2940;[1859, 1136, 1913, 1221];[1862, 1136, 1913, 1215];[[1883, 1136], [1867, 1143], [1861, 1151], [1859, 1163], [1860, 1191], [1867, 1198], [1874, 1200], [1897, 1220], [1905, 1221], [1909, 1218], [1910, 1197], [1906, 1185], [1904, 1168], [1912, 1162], [1913, 1151], [1898, 1147], [1887, 1136]];[[1881, 1136], [1874, 1137], [1872, 1139], [1870, 1143], [1868, 1147], [1866, 1151], [1864, 1155], [1862, 1173], [1863, 1191], [1865, 1193], [1869, 1195], [1873, 1197], [1877, 1199], [1881, 1201], [1883, 1203], [1885, 1205], [1887, 1207], [1889, 1209], [1892, 1211], [1894, 1213], [1899, 1215], [1905, 1213], [1907, 1211], [1909, 1199], [1907, 1187], [1905, 1175], [1909, 1163], [1913, 1157], [1911, 1152], [1909, 1150], [1907, 1147], [1905, 1145], [1903, 1144], [1902, 1145], [1900, 1147], [1897, 1146], [1895, 1144], [1893, 1142], [1891, 1139], [1889, 1137]]
580;164;NA;0.931640625;0.9109087662917337;0.8640776872634888;5352;5351;[21, 1034, 115, 1123];[25, 1034, 114, 1132];[[113, 1036], [107, 1034], [78, 1036], [59, 1044], [26, 1073], [21, 1087], [28, 1099], [42, 1102], [59, 1121], [69, 1123], [77, 1120], [87, 1110], [94, 1095], [102, 1089], [107, 1068], [115, 1054]];[[105, 1036], [91, 1034], [77, 1036], [72, 1038], [67, 1041], [63, 1043], [59, 1045], [56, 1047], [53, 1050], [48, 1053], [44, 1057], [40, 1062], [35, 1064], [32, 1066], [29, 1069], [27, 1072], [25, 1088], [27, 1104], [29, 1101], [36, 1099], [43, 1106], [46, 1113], [48, 1116], [53, 1118], [58, 1123], [60, 1128], [63, 1130], [65, 1132], [67, 1131], [69, 1128], [71, 1126], [74, 1124], [77, 1120], [79, 1118], [81, 1114], [83, 1109], [86, 1106], [89, 1104], [90, 1100], [93, 1095], [96, 1092], [98, 1089], [100, 1085], [102, 1081], [105, 1076], [107, 1071], [109, 1066], [112, 1062], [114, 1054], [112, 1047], [109, 1042], [108, 1038]]
581;5;NA;0.96435546875;0.8540484785972151;0.984000027179718;5667;5118;[412, 902, 491, 1027];[412, 904, 491, 1027];[[481, 902], [458, 903], [445, 917], [421, 961], [419, 979], [412, 992], [413, 1013], [431, 1027], [443, 1016], [454, 997], [464, 991], [469, 978], [476, 970], [476, 960], [489, 940], [491, 916]];[[487, 907], [475, 904], [464, 905], [462, 907], [459, 910], [455, 912], [452, 913], [450, 915], [447, 918], [445, 920], [444, 923], [442, 927], [440, 935], [438, 943], [436, 945], [434, 947], [431, 950], [429, 952], [428, 955], [426, 959], [424, 963], [422, 967], [420, 971], [418, 975], [416, 981], [414, 987], [412, 1003], [413, 1019], [415, 1021], [421, 1023], [427, 1025], [429, 1027], [431, 1025], [435, 1023], [439, 1021], [441, 1019], [443, 1017], [445, 1015], [447, 1011], [449, 1007], [451, 1003], [455, 999], [459, 997], [461, 995], [463, 983], [465, 971], [467, 969], [469, 967], [471, 965], [473, 963], [475, 953], [477, 943], [479, 941], [481, 939], [483, 937], [485, 935], [487, 931], [489, 927], [491, 919], [489, 911]]
582;112;NA;0.935546875;0.8375064755655327;0.8868528604507446;5560;5081;[82, 908, 162, 1016];[84, 904, 163, 1011];[[159, 921], [150, 919], [137, 923], [125, 934], [121, 915], [111, 908], [95, 924], [88, 941], [90, 975], [82, 988], [82, 1007], [91, 1015], [100, 1016], [119, 1007], [135, 992], [142, 974], [155, 959], [155, 951], [161, 944], [162, 926]];[[159, 926], [155, 924], [151, 922], [147, 920], [143, 922], [139, 924], [136, 925], [134, 927], [131, 930], [129, 932], [127, 930], [125, 927], [123, 921], [121, 915], [119, 911], [117, 908], [115, 906], [109, 904], [104, 905], [102, 907], [100, 911], [98, 915], [96, 919], [94, 923], [91, 926], [89, 928], [88, 943], [90, 959], [92, 967], [90, 975], [88, 979], [86, 983], [84, 995], [85, 1007], [87, 1009], [95, 1011], [103, 1009], [107, 1007], [111, 1005], [115, 1003], [119, 1001], [121, 999], [123, 995], [125, 991], [127, 987], [129, 983], [131, 981], [133, 979], [135, 977], [137, 975], [139, 971], [141, 967], [143, 965], [145, 963], [147, 961], [149, 959], [151, 957], [153, 955], [155, 951], [157, 947], [159, 945], [161, 943], [163, 935], [161, 928]]
583;492;NA;0.91259765625;0.7561867871745211;0.7585791945457458;4503;3658;[471, 927, 559, 1012];[480, 928, 555, 1023];[[485, 930], [471, 947], [471, 959], [477, 968], [513, 1003], [535, 1012], [553, 1012], [559, 1003], [558, 992], [535, 955], [519, 941], [509, 927], [493, 927]];[[487, 936], [484, 937], [482, 939], [480, 951], [481, 963], [483, 965], [485, 967], [487, 969], [489, 971], [491, 973], [493, 975], [495, 977], [497, 979], [499, 981], [501, 983], [503, 985], [505, 987], [507, 989], [509, 991], [511, 993], [513, 995], [515, 997], [517, 999], [519, 1001], [521, 1003], [523, 1005], [525, 1007], [527, 1009], [529, 1011], [531, 1013], [533, 1015], [535, 1017], [538, 1019], [540, 1021], [543, 1023], [547, 1019], [549, 1015], [551, 1013], [553, 1011], [555, 999], [553, 988], [551, 986], [549, 984], [547, 982], [545, 979], [543, 975], [541, 971], [539, 967], [537, 964], [535, 962], [533, 959], [531, 953], [529, 948], [527, 946], [519, 944], [511, 936], [505, 928], [499, 930], [495, 932], [491, 934]]
584;350;NA;0.92138671875;0.903271692745377;0.8870235681533813;3396;3294;[10, 945, 58, 1033];[11, 948, 57, 1037];[[34, 945], [24, 948], [13, 962], [10, 974], [10, 992], [15, 1011], [26, 1025], [35, 1033], [46, 1033], [52, 1024], [58, 1008], [54, 964], [48, 948]];[[34, 948], [20, 949], [18, 952], [15, 955], [13, 957], [11, 980], [13, 1004], [16, 1009], [18, 1014], [20, 1019], [22, 1023], [24, 1025], [28, 1028], [30, 1031], [34, 1032], [39, 1035], [41, 1037], [43, 1035], [48, 1032], [52, 1028], [55, 1023], [57, 1004], [55, 985], [52, 971], [50, 957], [47, 952]]
585;662;NA;0.9013671875;0.9085449553877831;0.9532937407493591;5737;5386;[226, 1347, 333, 1415];[225, 1348, 334, 1414];[[226, 1364], [226, 1399], [237, 1408], [255, 1415], [292, 1414], [323, 1399], [333, 1386], [333, 1376], [326, 1367], [306, 1365], [280, 1347], [256, 1347], [236, 1354]];[[227, 1363], [225, 1381], [227, 1399], [229, 1402], [233, 1405], [235, 1407], [241, 1409], [249, 1411], [270, 1414], [291, 1411], [296, 1409], [300, 1407], [303, 1405], [305, 1402], [307, 1400], [311, 1397], [315, 1395], [320, 1392], [325, 1390], [329, 1388], [331, 1386], [334, 1379], [332, 1372], [330, 1370], [326, 1367], [324, 1364], [311, 1363], [296, 1360], [291, 1358], [287, 1356], [284, 1352], [281, 1350], [263, 1348], [244, 1351], [239, 1353], [235, 1355], [233, 1357], [229, 1360]]
586;117;NA;0.935546875;0.9012890094979648;0.9306500554084778;5385;5825;[553, 1059, 661, 1136];[555, 1058, 658, 1137];[[556, 1080], [553, 1088], [555, 1099], [566, 1110], [584, 1111], [590, 1114], [610, 1136], [617, 1133], [621, 1123], [640, 1131], [645, 1126], [642, 1100], [661, 1091], [655, 1081], [642, 1069], [619, 1059], [584, 1060], [577, 1067], [566, 1069]];[[556, 1077], [555, 1088], [556, 1099], [558, 1101], [561, 1104], [563, 1106], [566, 1109], [569, 1112], [578, 1113], [587, 1116], [592, 1118], [597, 1123], [600, 1128], [602, 1133], [609, 1137], [616, 1135], [628, 1132], [639, 1131], [641, 1128], [644, 1125], [647, 1123], [648, 1119], [646, 1114], [644, 1107], [648, 1100], [653, 1097], [655, 1095], [658, 1085], [656, 1077], [654, 1074], [649, 1072], [644, 1069], [640, 1067], [635, 1065], [628, 1062], [620, 1060], [601, 1058], [582, 1060], [578, 1062], [573, 1065], [568, 1067], [564, 1069], [562, 1071], [558, 1074]]
587;191;NA;0.9287109375;0.9226295382446246;0.9318950176239014;5438;5471;[814, 1229, 920, 1320];[815, 1228, 918, 1323];[[817, 1231], [814, 1243], [830, 1259], [831, 1268], [839, 1275], [840, 1284], [848, 1292], [850, 1303], [870, 1320], [893, 1319], [897, 1299], [920, 1284], [918, 1277], [903, 1265], [900, 1249], [891, 1245], [872, 1245], [864, 1238], [853, 1237], [839, 1229]];[[826, 1228], [815, 1237], [816, 1247], [818, 1249], [820, 1251], [822, 1253], [824, 1255], [826, 1257], [829, 1259], [831, 1263], [832, 1267], [834, 1269], [837, 1271], [839, 1275], [841, 1279], [843, 1283], [845, 1287], [847, 1293], [849, 1299], [851, 1303], [852, 1307], [854, 1309], [856, 1311], [858, 1313], [861, 1315], [863, 1317], [870, 1319], [878, 1321], [886, 1323], [894, 1313], [896, 1303], [898, 1301], [900, 1299], [902, 1297], [904, 1295], [906, 1293], [908, 1291], [910, 1289], [912, 1287], [914, 1285], [916, 1283], [918, 1279], [916, 1276], [914, 1274], [910, 1271], [906, 1261], [904, 1252], [902, 1250], [900, 1247], [898, 1245], [878, 1244], [858, 1242], [854, 1240], [850, 1238], [848, 1235], [846, 1233], [842, 1232], [838, 1230]]
588;647;NA;0.9033203125;0.7998779743746187;0.8885641098022461;4599;4251;[335, 1301, 449, 1365];[333, 1299, 452, 1368];[[449, 1319], [443, 1314], [430, 1315], [414, 1301], [369, 1302], [351, 1315], [340, 1330], [335, 1358], [342, 1365], [387, 1361], [397, 1354], [401, 1344], [411, 1334], [433, 1331], [448, 1323]];[[452, 1315], [443, 1313], [432, 1309], [427, 1305], [424, 1301], [407, 1299], [390, 1301], [387, 1305], [382, 1309], [375, 1313], [369, 1315], [365, 1319], [360, 1324], [353, 1327], [347, 1330], [344, 1333], [339, 1338], [335, 1342], [333, 1351], [335, 1361], [339, 1364], [350, 1368], [360, 1364], [375, 1361], [388, 1358], [391, 1355], [395, 1351], [398, 1348], [402, 1344], [406, 1340], [410, 1336], [421, 1332], [432, 1329], [439, 1325], [445, 1323], [449, 1319]]
589;922;NA;0.85400390625;0.8921122033085591;0.8634697198867798;3940;3952;[87, 1179, 151, 1277];[87, 1172, 152, 1271];[[106, 1180], [87, 1196], [88, 1219], [110, 1249], [124, 1257], [143, 1276], [148, 1277], [150, 1275], [150, 1265], [147, 1260], [151, 1240], [150, 1224], [139, 1202], [129, 1191], [126, 1184], [121, 1179]];[[115, 1172], [106, 1178], [102, 1186], [97, 1188], [94, 1190], [91, 1193], [89, 1196], [87, 1207], [89, 1218], [91, 1220], [94, 1224], [97, 1228], [99, 1233], [102, 1238], [104, 1243], [106, 1248], [108, 1251], [110, 1254], [113, 1256], [114, 1255], [117, 1252], [120, 1254], [122, 1256], [125, 1259], [127, 1261], [129, 1263], [133, 1267], [135, 1269], [144, 1271], [152, 1269], [150, 1267], [148, 1259], [150, 1252], [152, 1243], [150, 1233], [148, 1228], [145, 1224], [143, 1217], [140, 1209], [138, 1205], [136, 1200], [133, 1195], [131, 1190], [129, 1186], [126, 1181], [124, 1176]]
590;400;NA;0.9189453125;0.9019151601933059;0.9066520929336548;5100;5526;[691, 1176, 787, 1246];[688, 1177, 791, 1247];[[694, 1179], [691, 1191], [694, 1211], [726, 1235], [745, 1244], [761, 1246], [782, 1241], [787, 1201], [786, 1193], [781, 1186], [744, 1184], [720, 1176], [703, 1176]];[[692, 1182], [688, 1195], [690, 1209], [692, 1211], [697, 1213], [702, 1216], [704, 1218], [706, 1220], [709, 1224], [712, 1226], [716, 1228], [721, 1230], [724, 1233], [726, 1236], [730, 1237], [735, 1240], [740, 1242], [744, 1244], [761, 1247], [777, 1245], [779, 1243], [783, 1240], [785, 1237], [787, 1224], [789, 1209], [791, 1200], [787, 1191], [783, 1189], [779, 1186], [777, 1181], [773, 1177], [768, 1179], [749, 1182], [730, 1179], [713, 1177], [697, 1179]]
591;440;NA;0.916015625;0.9063097514340345;0.9051710963249207;4340;4633;[588, 1347, 664, 1427];[588, 1348, 667, 1431];[[598, 1352], [594, 1356], [589, 1371], [588, 1392], [590, 1396], [597, 1402], [624, 1410], [645, 1427], [661, 1423], [664, 1420], [662, 1405], [664, 1391], [650, 1368], [648, 1354], [640, 1348], [633, 1349], [632, 1354], [613, 1347]];[[613, 1348], [604, 1349], [602, 1351], [600, 1353], [598, 1355], [595, 1358], [593, 1360], [592, 1365], [590, 1371], [588, 1383], [589, 1395], [591, 1397], [595, 1399], [599, 1401], [603, 1403], [607, 1405], [611, 1407], [615, 1409], [619, 1411], [623, 1413], [625, 1415], [627, 1417], [629, 1419], [631, 1421], [633, 1423], [635, 1425], [638, 1427], [640, 1429], [645, 1431], [651, 1429], [657, 1427], [663, 1425], [665, 1423], [667, 1407], [665, 1391], [663, 1387], [661, 1384], [659, 1382], [657, 1379], [655, 1373], [653, 1367], [651, 1363], [649, 1359], [647, 1355], [645, 1352], [643, 1350], [635, 1348], [627, 1350], [625, 1352], [623, 1350]]
592;553;NA;0.9091796875;0.8385205232295896;0.8729984164237976;4371;3781;[371, 896, 441, 987];[372, 904, 439, 987];[[415, 896], [396, 897], [389, 903], [381, 905], [371, 920], [371, 935], [377, 942], [378, 967], [395, 986], [406, 987], [417, 976], [418, 967], [426, 955], [437, 950], [441, 944], [441, 930], [438, 923], [421, 916], [422, 908]];[[403, 904], [384, 905], [382, 907], [379, 910], [375, 912], [372, 931], [374, 951], [376, 955], [377, 959], [379, 961], [382, 963], [384, 967], [385, 971], [387, 973], [390, 975], [392, 979], [395, 983], [399, 985], [403, 987], [407, 985], [409, 983], [411, 981], [413, 979], [415, 975], [417, 971], [419, 967], [421, 963], [423, 959], [425, 955], [427, 953], [429, 951], [431, 949], [433, 947], [435, 945], [437, 943], [439, 937], [437, 932], [435, 930], [431, 928], [427, 926], [423, 923], [419, 917], [421, 911], [423, 907]]
593;351;NA;0.92138671875;0.9027388397670908;0.8914669752120972;4397;4426;[104, 1287, 187, 1364];[106, 1291, 186, 1366];[[186, 1307], [173, 1301], [160, 1287], [153, 1287], [150, 1299], [139, 1306], [134, 1306], [117, 1292], [108, 1292], [107, 1306], [112, 1315], [113, 1327], [104, 1342], [106, 1356], [117, 1364], [137, 1363], [149, 1357], [176, 1337], [187, 1323]];[[115, 1291], [106, 1300], [109, 1309], [111, 1314], [109, 1319], [106, 1338], [108, 1356], [110, 1359], [115, 1361], [120, 1364], [125, 1366], [129, 1364], [136, 1361], [144, 1359], [148, 1356], [152, 1355], [155, 1352], [157, 1350], [160, 1348], [163, 1344], [167, 1342], [171, 1340], [174, 1338], [176, 1336], [179, 1333], [182, 1330], [184, 1328], [186, 1317], [184, 1306], [182, 1303], [177, 1301], [172, 1298], [169, 1295], [167, 1293], [160, 1291], [154, 1293], [152, 1295], [149, 1298], [147, 1300], [144, 1303], [141, 1306], [139, 1303], [136, 1300], [133, 1298], [129, 1296], [125, 1294]]
594;667;NA;0.900390625;0.8892969569779643;0.9616713523864746;3727;3475;[100, 987, 180, 1062];[100, 988, 179, 1063];[[133, 987], [126, 991], [110, 1008], [101, 1013], [100, 1025], [107, 1037], [126, 1055], [138, 1056], [150, 1062], [165, 1062], [179, 1048], [180, 1039], [171, 1036], [161, 1028], [158, 1023], [160, 1019], [159, 1012], [149, 994], [142, 987]];[[135, 988], [128, 989], [126, 991], [124, 995], [122, 999], [120, 1001], [118, 1003], [115, 1006], [109, 1008], [104, 1009], [102, 1011], [100, 1021], [101, 1031], [103, 1033], [105, 1035], [107, 1037], [109, 1039], [111, 1041], [114, 1043], [116, 1047], [119, 1051], [123, 1053], [131, 1055], [139, 1057], [145, 1059], [151, 1061], [157, 1063], [163, 1061], [165, 1059], [167, 1057], [169, 1055], [171, 1053], [173, 1051], [175, 1047], [177, 1043], [179, 1039], [177, 1036], [175, 1034], [169, 1032], [163, 1030], [161, 1027], [159, 1023], [155, 1019], [151, 1015], [149, 1011], [147, 1001], [145, 992], [143, 990]]
595;195;NA;0.9287109375;0.6587331334332833;0.8108108043670654;5285;3566;[317, 1253, 424, 1332];[322, 1257, 426, 1340];[[421, 1257], [409, 1253], [386, 1254], [378, 1260], [365, 1264], [351, 1276], [336, 1280], [318, 1297], [317, 1326], [324, 1331], [332, 1332], [352, 1326], [360, 1319], [370, 1318], [377, 1312], [388, 1310], [398, 1303], [411, 1301], [423, 1291], [424, 1271]];[[426, 1266], [401, 1257], [376, 1261], [370, 1266], [363, 1273], [352, 1279], [344, 1282], [338, 1288], [331, 1295], [326, 1300], [322, 1320], [326, 1340], [329, 1336], [335, 1331], [342, 1323], [352, 1318], [361, 1315], [367, 1309], [374, 1302], [385, 1297], [395, 1291], [406, 1286], [415, 1282], [420, 1277]]
596;860;NA;0.8740234375;0.8375110586847537;0.8096035718917847;3118;3113;[257, 905, 338, 963];[260, 900, 335, 967];[[260, 916], [257, 930], [257, 945], [260, 952], [284, 952], [295, 961], [301, 963], [318, 959], [327, 943], [338, 933], [336, 927], [317, 928], [301, 910], [299, 905], [268, 909]];[[293, 900], [288, 901], [286, 903], [283, 906], [277, 908], [271, 910], [267, 912], [264, 915], [262, 919], [260, 937], [273, 955], [287, 957], [290, 959], [292, 963], [297, 967], [303, 965], [309, 963], [315, 961], [319, 959], [323, 955], [325, 951], [327, 947], [329, 943], [331, 941], [333, 939], [335, 933], [325, 928], [315, 926], [313, 924], [311, 922], [309, 920], [307, 918], [305, 915], [303, 911], [301, 907], [299, 903]]
597;816;NA;0.88232421875;0.8463083877448518;0.8347710967063904;5635;5393;[699, 881, 778, 988];[704, 880, 783, 983];[[721, 881], [708, 895], [708, 905], [699, 925], [700, 943], [707, 954], [709, 970], [718, 980], [737, 987], [752, 988], [769, 969], [778, 966], [773, 954], [757, 937], [763, 925], [764, 915], [749, 906], [749, 897], [742, 883]];[[729, 880], [716, 883], [714, 887], [712, 891], [710, 895], [708, 901], [706, 907], [704, 937], [707, 967], [711, 969], [714, 971], [716, 975], [721, 979], [727, 977], [737, 975], [747, 977], [751, 979], [755, 981], [759, 983], [763, 981], [767, 979], [771, 977], [773, 975], [775, 973], [777, 971], [779, 969], [781, 967], [783, 965], [781, 964], [779, 962], [777, 959], [775, 957], [771, 956], [767, 954], [765, 952], [763, 950], [761, 947], [759, 939], [761, 931], [763, 927], [765, 923], [767, 921], [765, 919], [763, 915], [757, 911], [751, 901], [749, 891], [747, 887], [745, 884], [743, 882]]
598;469;NA;0.9140625;0.6763061968408263;0.7395833134651184;4115;2783;[287, 1242, 367, 1332];[292, 1252, 367, 1323];[[359, 1244], [346, 1242], [335, 1248], [316, 1249], [308, 1258], [306, 1267], [301, 1272], [288, 1298], [287, 1323], [290, 1329], [299, 1332], [305, 1328], [338, 1295], [346, 1292], [365, 1276], [367, 1258]];[[367, 1261], [365, 1256], [363, 1254], [339, 1252], [316, 1257], [314, 1263], [311, 1266], [309, 1268], [308, 1271], [306, 1275], [304, 1279], [302, 1283], [299, 1286], [297, 1288], [296, 1291], [294, 1295], [292, 1309], [295, 1323], [299, 1321], [303, 1319], [307, 1317], [309, 1315], [311, 1313], [313, 1311], [315, 1309], [317, 1307], [319, 1305], [321, 1303], [323, 1301], [325, 1299], [327, 1297], [331, 1295], [335, 1293], [339, 1291], [343, 1289], [345, 1287], [347, 1285], [351, 1283], [355, 1281], [357, 1279], [359, 1277], [361, 1275], [363, 1271], [365, 1267]]
599;94;NA;0.9365234375;0.8980040285661967;0.9124221205711365;5075;5290;[185, 1017, 271, 1107];[188, 1016, 275, 1107];[[265, 1018], [254, 1017], [223, 1028], [193, 1049], [187, 1060], [185, 1073], [198, 1105], [205, 1107], [225, 1101], [238, 1089], [244, 1087], [252, 1075], [263, 1078], [267, 1076], [268, 1070], [260, 1054], [261, 1047], [268, 1041], [271, 1034], [270, 1024]];[[267, 1019], [257, 1016], [247, 1018], [243, 1020], [239, 1022], [231, 1024], [224, 1025], [222, 1027], [220, 1029], [218, 1031], [216, 1033], [214, 1035], [211, 1038], [207, 1040], [203, 1042], [199, 1044], [196, 1047], [194, 1051], [192, 1055], [190, 1059], [188, 1073], [189, 1087], [191, 1089], [194, 1091], [196, 1097], [199, 1103], [203, 1105], [207, 1107], [211, 1105], [215, 1103], [219, 1101], [223, 1099], [227, 1097], [229, 1095], [231, 1093], [235, 1091], [239, 1093], [243, 1095], [247, 1093], [249, 1091], [251, 1087], [259, 1083], [267, 1081], [269, 1079], [271, 1077], [269, 1075], [267, 1071], [265, 1067], [263, 1057], [265, 1047], [267, 1045], [269, 1043], [271, 1039], [273, 1035], [275, 1033], [273, 1031], [271, 1027], [269, 1023]]
600;1032;NA;0.275146484375;0.8607560137457044;0.9327228665351868;34130;33555;[3665, -6, 3866, 269];[3663, 6, 3867, 272];[[3687, -6], [3666, 8], [3665, 63], [3680, 106], [3682, 165], [3697, 193], [3702, 229], [3726, 269], [3743, 211], [3758, 211], [3796, 236], [3801, 219], [3786, 164], [3828, 141], [3845, 142], [3866, 125], [3852, 102], [3859, 61], [3824, 42], [3825, 22], [3811, 11], [3777, 8], [3762, -2]];[[3824, 8], [3746, 6], [3668, 10], [3666, 15], [3663, 41], [3666, 67], [3668, 79], [3671, 91], [3673, 96], [3675, 101], [3678, 117], [3680, 134], [3683, 139], [3680, 144], [3678, 148], [3675, 153], [3673, 160], [3675, 167], [3677, 169], [3682, 171], [3687, 176], [3690, 182], [3692, 189], [3694, 196], [3697, 206], [3699, 215], [3702, 222], [3704, 229], [3706, 237], [3709, 244], [3711, 253], [3714, 263], [3716, 268], [3727, 272], [3738, 270], [3741, 268], [3744, 241], [3756, 214], [3768, 217], [3771, 220], [3773, 225], [3776, 229], [3778, 234], [3779, 238], [3782, 241], [3785, 244], [3787, 246], [3789, 248], [3791, 246], [3793, 244], [3796, 241], [3799, 238], [3800, 222], [3798, 206], [3795, 198], [3793, 191], [3791, 175], [3793, 158], [3795, 156], [3798, 153], [3801, 150], [3806, 148], [3810, 145], [3822, 143], [3834, 140], [3837, 138], [3839, 140], [3841, 143], [3844, 140], [3856, 138], [3867, 132], [3865, 125], [3863, 123], [3858, 121], [3853, 118], [3849, 116], [3844, 113], [3839, 111], [3834, 109], [3825, 106], [3815, 104], [3812, 101], [3810, 98], [3812, 96], [3814, 94], [3817, 91], [3819, 89], [3822, 86], [3825, 83], [3830, 81], [3834, 79], [3836, 77], [3839, 74], [3846, 71], [3853, 70], [3855, 67], [3857, 60], [3856, 54], [3853, 51], [3850, 48], [3848, 46], [3844, 44], [3839, 42], [3830, 40], [3820, 37], [3817, 34], [3814, 24], [3813, 16], [3810, 13], [3817, 10]]
601;896;NA;0.865234375;0.8129336663891201;0.7596849799156189;3602;2930;[3610, 257, 3697, 311];[3612, 264, 3695, 307];[[3611, 272], [3610, 287], [3617, 297], [3640, 307], [3657, 311], [3670, 311], [3681, 304], [3690, 295], [3697, 274], [3692, 269], [3663, 257], [3642, 258], [3631, 263], [3620, 265]];[[3612, 283], [3615, 295], [3619, 297], [3625, 299], [3631, 301], [3639, 303], [3647, 305], [3663, 307], [3679, 305], [3681, 303], [3683, 301], [3685, 299], [3687, 295], [3689, 291], [3691, 287], [3693, 283], [3695, 279], [3693, 276], [3691, 274], [3689, 271], [3687, 269], [3677, 268], [3667, 266], [3643, 264], [3620, 265], [3618, 267], [3615, 270], [3613, 272]]
602;654;NA;0.90185546875;0.781042654028436;0.9012666344642639;4123;3393;[3664, 275, 3743, 352];[3668, 278, 3743, 353];[[3740, 282], [3711, 282], [3695, 275], [3689, 276], [3664, 307], [3664, 323], [3666, 327], [3683, 342], [3690, 352], [3701, 351], [3707, 345], [3711, 336], [3735, 318], [3743, 309], [3743, 287]];[[3739, 280], [3725, 278], [3710, 280], [3703, 283], [3697, 287], [3694, 291], [3692, 294], [3690, 296], [3687, 299], [3685, 301], [3683, 303], [3680, 306], [3677, 309], [3672, 311], [3668, 320], [3670, 329], [3672, 331], [3675, 334], [3677, 336], [3679, 338], [3682, 341], [3684, 343], [3687, 345], [3690, 349], [3692, 351], [3696, 353], [3700, 351], [3702, 349], [3705, 344], [3707, 339], [3710, 337], [3712, 334], [3714, 332], [3717, 330], [3720, 326], [3725, 324], [3729, 322], [3731, 320], [3734, 317], [3737, 314], [3738, 311], [3741, 306], [3743, 294], [3741, 283]]
603;952;NA;0.8427734375;0.49412276882890727;0.47644731402397156;4489;2375;[3585, 466, 3637, 569];[3587, 516, 3638, 572];[[3633, 467], [3623, 466], [3607, 472], [3602, 484], [3591, 494], [3591, 519], [3585, 537], [3585, 548], [3595, 566], [3620, 569], [3629, 566], [3635, 559], [3637, 548], [3637, 473]];[[3615, 516], [3592, 518], [3590, 520], [3587, 542], [3589, 562], [3591, 565], [3598, 567], [3605, 570], [3615, 572], [3624, 570], [3626, 568], [3629, 565], [3632, 562], [3633, 551], [3636, 539], [3638, 527]]
604;1013;NA;0.6806640625;0.8176068808499873;0.7255029082298279;3526;3659;[3551, 449, 3637, 506];[3544, 454, 3638, 515];[[3552, 453], [3551, 475], [3554, 485], [3563, 493], [3572, 496], [3579, 502], [3613, 506], [3628, 502], [3636, 491], [3637, 470], [3634, 467], [3607, 468], [3595, 462], [3589, 456], [3580, 455], [3573, 449], [3555, 449]];[[3563, 454], [3544, 463], [3546, 472], [3548, 474], [3551, 477], [3553, 479], [3555, 481], [3558, 484], [3560, 486], [3563, 489], [3565, 491], [3567, 493], [3570, 496], [3573, 499], [3577, 500], [3582, 503], [3589, 505], [3596, 508], [3601, 510], [3605, 512], [3613, 515], [3620, 512], [3625, 510], [3628, 506], [3631, 501], [3633, 496], [3636, 492], [3638, 480], [3636, 469], [3634, 466], [3625, 464], [3615, 466], [3608, 469], [3601, 466], [3596, 464], [3591, 462], [3586, 459], [3582, 457]]
605;804;NA;0.88427734375;0.8510486177311726;0.8156552314758301;3877;3890;[2687, 785, 2770, 866];[2695, 783, 2775, 868];[[2689, 794], [2687, 803], [2702, 820], [2718, 830], [2727, 839], [2729, 848], [2726, 856], [2731, 861], [2739, 857], [2746, 866], [2764, 866], [2768, 863], [2770, 849], [2768, 823], [2742, 798], [2731, 791], [2710, 785]];[[2711, 783], [2700, 785], [2698, 787], [2695, 799], [2697, 810], [2699, 813], [2702, 815], [2704, 818], [2707, 821], [2710, 823], [2714, 825], [2719, 827], [2721, 829], [2723, 832], [2726, 835], [2729, 847], [2733, 858], [2738, 860], [2742, 863], [2747, 865], [2754, 868], [2761, 865], [2766, 863], [2770, 859], [2773, 854], [2775, 842], [2773, 830], [2770, 826], [2769, 822], [2766, 819], [2764, 817], [2761, 814], [2759, 812], [2757, 810], [2754, 806], [2751, 804], [2747, 802], [2742, 800], [2740, 798], [2738, 795], [2734, 792], [2732, 790], [2728, 788], [2723, 786]]
606;161;NA;0.931640625;0.7997823721436343;0.8365384340286255;4583;3687;[2742, 506, 2814, 597];[2748, 508, 2811, 595];[[2806, 506], [2787, 506], [2781, 513], [2765, 514], [2763, 521], [2768, 527], [2748, 543], [2742, 559], [2748, 578], [2758, 582], [2764, 590], [2774, 597], [2790, 597], [2800, 586], [2800, 578], [2807, 570], [2807, 536], [2814, 522], [2812, 510]];[[2807, 510], [2797, 508], [2788, 509], [2786, 511], [2783, 514], [2781, 516], [2779, 514], [2775, 512], [2772, 513], [2770, 515], [2768, 517], [2770, 519], [2772, 523], [2770, 527], [2768, 529], [2766, 531], [2763, 534], [2759, 536], [2756, 539], [2754, 543], [2752, 545], [2753, 547], [2755, 549], [2754, 551], [2752, 555], [2750, 559], [2748, 569], [2751, 579], [2755, 581], [2757, 583], [2759, 581], [2767, 579], [2775, 583], [2778, 587], [2780, 591], [2785, 595], [2791, 593], [2793, 591], [2795, 587], [2797, 583], [2799, 577], [2801, 571], [2803, 561], [2805, 551], [2807, 541], [2809, 531], [2811, 521], [2809, 512]]
607;119;NA;0.93505859375;0.9042050261259019;0.9706418514251709;3987;3666;[2833, 752, 2927, 804];[2832, 752, 2927, 803];[[2834, 754], [2833, 775], [2836, 779], [2852, 791], [2885, 804], [2910, 804], [2918, 798], [2920, 788], [2927, 778], [2927, 767], [2918, 759], [2898, 753], [2837, 752]];[[2834, 755], [2832, 765], [2833, 775], [2835, 777], [2839, 779], [2843, 781], [2847, 783], [2851, 785], [2855, 787], [2859, 789], [2862, 791], [2864, 793], [2867, 795], [2871, 797], [2881, 799], [2891, 801], [2901, 803], [2911, 801], [2913, 799], [2915, 797], [2917, 795], [2919, 789], [2921, 783], [2923, 779], [2925, 775], [2927, 771], [2925, 768], [2923, 766], [2921, 764], [2919, 762], [2917, 759], [2915, 757], [2909, 756], [2903, 754], [2869, 752], [2836, 753]]
608;591;NA;0.908203125;0.8607050730868444;0.8863144516944885;6157;6827;[2481, 249, 2594, 336];[2481, 249, 2599, 343];[[2493, 250], [2491, 262], [2498, 279], [2495, 282], [2490, 276], [2481, 278], [2486, 287], [2482, 298], [2482, 316], [2497, 333], [2522, 336], [2531, 327], [2565, 325], [2571, 320], [2583, 319], [2593, 311], [2594, 293], [2582, 284], [2557, 282], [2553, 279], [2552, 270], [2536, 262], [2512, 268], [2497, 249]];[[2497, 249], [2490, 260], [2488, 272], [2485, 276], [2483, 278], [2481, 294], [2483, 311], [2486, 315], [2487, 319], [2490, 322], [2493, 325], [2495, 327], [2499, 329], [2504, 331], [2506, 334], [2509, 336], [2512, 339], [2514, 342], [2516, 343], [2517, 342], [2520, 339], [2522, 334], [2527, 330], [2533, 326], [2542, 324], [2552, 326], [2559, 329], [2566, 326], [2573, 324], [2580, 322], [2585, 319], [2589, 318], [2591, 315], [2594, 311], [2596, 306], [2599, 299], [2597, 292], [2595, 290], [2591, 287], [2589, 284], [2578, 283], [2566, 280], [2564, 278], [2561, 276], [2559, 273], [2556, 271], [2553, 268], [2551, 265], [2544, 264], [2537, 261], [2521, 259], [2504, 254]]
609;570;NA;0.90869140625;0.8882910030133448;0.8881239295005798;4269;4504;[2777, 427, 2863, 505];[2776, 424, 2867, 507];[[2777, 455], [2778, 459], [2791, 463], [2801, 471], [2803, 484], [2812, 499], [2823, 505], [2852, 494], [2863, 483], [2863, 463], [2845, 443], [2826, 427], [2796, 427], [2793, 430], [2793, 449], [2781, 451]];[[2809, 424], [2796, 425], [2794, 427], [2792, 435], [2790, 443], [2788, 445], [2786, 447], [2783, 450], [2779, 452], [2776, 457], [2785, 463], [2795, 471], [2798, 479], [2800, 483], [2801, 487], [2803, 485], [2805, 483], [2807, 485], [2810, 487], [2812, 491], [2813, 495], [2815, 497], [2818, 499], [2820, 503], [2827, 507], [2835, 505], [2837, 503], [2839, 501], [2843, 499], [2847, 497], [2851, 495], [2855, 493], [2857, 491], [2859, 489], [2861, 487], [2863, 483], [2865, 479], [2867, 477], [2865, 475], [2863, 471], [2861, 467], [2859, 463], [2857, 460], [2855, 458], [2853, 455], [2851, 451], [2849, 448], [2847, 446], [2845, 444], [2843, 442], [2841, 440], [2839, 438], [2837, 436], [2835, 434], [2833, 431], [2831, 429], [2827, 428], [2823, 426]]
610;168;NA;0.931640625;0.7539879475363346;0.8762286305427551;4987;4909;[2709, 328, 2796, 417];[2704, 333, 2797, 416];[[2793, 331], [2774, 328], [2758, 332], [2738, 347], [2715, 371], [2709, 392], [2715, 407], [2724, 416], [2745, 417], [2763, 401], [2768, 388], [2774, 387], [2782, 396], [2786, 395], [2788, 381], [2780, 373], [2780, 367], [2796, 352], [2796, 334]];[[2797, 348], [2772, 333], [2747, 337], [2742, 342], [2736, 348], [2731, 353], [2725, 358], [2720, 364], [2713, 371], [2708, 376], [2704, 396], [2708, 416], [2713, 405], [2724, 394], [2734, 405], [2740, 416], [2745, 410], [2756, 405], [2767, 400], [2772, 394], [2777, 400], [2783, 405], [2786, 385], [2792, 364]]
611;286;NA;0.92431640625;0.8693253072485578;0.8749423623085022;3911;3542;[2682, 273, 2767, 348];[2681, 276, 2768, 343];[[2682, 280], [2683, 305], [2691, 313], [2700, 318], [2712, 320], [2722, 328], [2719, 343], [2721, 348], [2727, 348], [2733, 342], [2738, 331], [2742, 331], [2750, 337], [2760, 334], [2766, 323], [2767, 313], [2761, 303], [2760, 296], [2752, 289], [2702, 273], [2685, 277]];[[2683, 279], [2681, 291], [2682, 303], [2684, 305], [2687, 307], [2689, 309], [2692, 311], [2696, 313], [2700, 315], [2704, 317], [2710, 319], [2716, 321], [2719, 323], [2721, 333], [2724, 343], [2728, 341], [2730, 339], [2732, 337], [2734, 335], [2736, 333], [2746, 331], [2756, 329], [2760, 327], [2764, 325], [2766, 323], [2768, 313], [2766, 304], [2764, 302], [2762, 300], [2760, 298], [2758, 295], [2756, 293], [2752, 292], [2748, 290], [2742, 288], [2736, 286], [2730, 284], [2724, 282], [2718, 280], [2712, 278], [2698, 276], [2685, 277]]
612;180;NA;0.9306640625;0.9083297552597681;0.9178138375282288;4392;4497;[2663, 136, 2756, 210];[2664, 136, 2755, 215];[[2755, 144], [2741, 136], [2729, 136], [2722, 141], [2713, 142], [2700, 149], [2690, 163], [2670, 180], [2668, 187], [2663, 192], [2663, 202], [2674, 210], [2712, 210], [2727, 204], [2735, 177], [2756, 164]];[[2755, 151], [2753, 144], [2751, 142], [2749, 139], [2747, 137], [2733, 136], [2719, 138], [2715, 140], [2711, 142], [2707, 144], [2704, 145], [2702, 147], [2700, 149], [2698, 151], [2696, 153], [2694, 155], [2692, 157], [2690, 159], [2688, 161], [2686, 163], [2683, 166], [2681, 168], [2680, 171], [2678, 175], [2676, 177], [2674, 179], [2672, 181], [2670, 183], [2667, 186], [2665, 188], [2664, 197], [2665, 207], [2667, 209], [2677, 211], [2687, 209], [2701, 207], [2715, 209], [2719, 211], [2723, 213], [2725, 215], [2727, 211], [2729, 207], [2731, 195], [2733, 183], [2735, 181], [2737, 179], [2739, 177], [2741, 175], [2743, 173], [2745, 171], [2747, 169], [2749, 167], [2751, 163], [2753, 159]]
613;734;NA;0.89404296875;0.7751328374070138;0.9152631759643555;4684;3668;[2599, 554, 2699, 630];[2600, 555, 2694, 629];[[2699, 591], [2683, 573], [2680, 557], [2675, 554], [2656, 556], [2640, 570], [2622, 578], [2609, 580], [2599, 601], [2603, 607], [2632, 612], [2644, 619], [2655, 621], [2662, 627], [2677, 630], [2682, 622], [2698, 608]];[[2602, 593], [2600, 594], [2609, 596], [2618, 598], [2626, 601], [2633, 603], [2640, 605], [2647, 608], [2649, 610], [2652, 613], [2655, 616], [2657, 618], [2661, 620], [2666, 622], [2669, 625], [2672, 628], [2678, 629], [2684, 620], [2687, 611], [2690, 608], [2692, 605], [2694, 599], [2692, 592], [2689, 587], [2687, 582], [2684, 573], [2682, 563], [2680, 558], [2668, 555], [2657, 556], [2655, 558], [2653, 561], [2650, 563], [2648, 566], [2645, 568], [2642, 571], [2637, 574], [2633, 576], [2623, 578], [2614, 580], [2612, 582], [2610, 585], [2607, 587], [2604, 590]]
614;333;NA;0.921875;0.9086702386751095;0.8453308939933777;3957;3880;[2829, 321, 2895, 395];[2832, 320, 2899, 399];[[2864, 321], [2836, 351], [2835, 357], [2829, 364], [2829, 375], [2832, 381], [2838, 382], [2845, 388], [2859, 394], [2880, 395], [2895, 387], [2895, 328], [2892, 323], [2887, 321]];[[2891, 322], [2877, 320], [2864, 321], [2862, 323], [2860, 325], [2858, 327], [2855, 330], [2853, 332], [2852, 335], [2850, 339], [2847, 342], [2845, 344], [2844, 347], [2842, 351], [2840, 353], [2838, 355], [2835, 358], [2833, 360], [2832, 369], [2835, 379], [2839, 381], [2843, 383], [2847, 387], [2849, 391], [2851, 393], [2854, 395], [2856, 397], [2857, 399], [2859, 397], [2865, 395], [2871, 393], [2883, 391], [2895, 389], [2897, 387], [2899, 385], [2897, 383], [2895, 365], [2897, 347], [2899, 343], [2897, 339], [2895, 331], [2893, 324]]
615;614;NA;0.90576171875;0.8346061531747764;0.8641618490219116;4464;3944;[2668, 440, 2738, 537];[2672, 445, 2737, 539];[[2672, 449], [2668, 456], [2670, 471], [2678, 485], [2691, 499], [2694, 507], [2701, 513], [2703, 533], [2708, 537], [2726, 537], [2731, 524], [2738, 516], [2737, 470], [2709, 440], [2700, 441], [2690, 452], [2683, 449]];[[2680, 445], [2676, 446], [2674, 449], [2672, 463], [2673, 477], [2676, 479], [2678, 481], [2680, 484], [2683, 486], [2685, 489], [2688, 491], [2690, 493], [2693, 496], [2695, 501], [2698, 506], [2700, 516], [2703, 525], [2705, 530], [2707, 534], [2709, 536], [2719, 539], [2727, 537], [2730, 535], [2732, 530], [2734, 525], [2737, 504], [2734, 482], [2732, 477], [2730, 473], [2727, 468], [2726, 464], [2723, 462], [2721, 459], [2719, 457], [2715, 454], [2713, 449], [2707, 445], [2699, 450], [2697, 454], [2695, 452], [2690, 450], [2685, 447]]
616;284;NA;0.9248046875;0.8475678099080923;0.8412463068962097;4208;4034;[2827, 805, 2897, 895];[2834, 802, 2899, 896];[[2867, 805], [2851, 806], [2841, 817], [2840, 834], [2834, 841], [2833, 854], [2827, 864], [2827, 884], [2837, 895], [2860, 893], [2868, 884], [2871, 872], [2876, 866], [2880, 864], [2892, 866], [2896, 863], [2897, 841], [2886, 834], [2876, 815]];[[2866, 804], [2857, 802], [2848, 804], [2846, 806], [2843, 810], [2840, 812], [2839, 823], [2836, 835], [2834, 864], [2838, 891], [2843, 894], [2850, 896], [2856, 895], [2858, 892], [2861, 887], [2863, 883], [2866, 880], [2868, 878], [2870, 876], [2873, 873], [2876, 870], [2885, 868], [2894, 859], [2897, 849], [2899, 845], [2897, 841], [2895, 838], [2890, 836], [2885, 833], [2882, 830], [2880, 823], [2878, 817], [2876, 814], [2874, 812], [2871, 810], [2868, 806]]
617;287;NA;0.92431640625;0.7382058864948599;0.7878870964050293;6977;5366;[2440, 778, 2531, 895];[2449, 780, 2524, 899];[[2501, 778], [2478, 781], [2472, 804], [2448, 835], [2440, 870], [2446, 881], [2446, 890], [2452, 895], [2481, 895], [2494, 880], [2498, 865], [2519, 863], [2531, 849], [2531, 836], [2523, 824], [2519, 793]];[[2504, 782], [2500, 780], [2496, 782], [2492, 784], [2489, 785], [2487, 787], [2484, 790], [2480, 792], [2477, 793], [2475, 795], [2473, 799], [2471, 803], [2469, 811], [2467, 819], [2465, 823], [2463, 827], [2460, 830], [2458, 832], [2457, 837], [2455, 843], [2453, 863], [2451, 883], [2449, 887], [2450, 891], [2452, 893], [2455, 895], [2457, 897], [2462, 899], [2468, 897], [2472, 895], [2476, 893], [2478, 891], [2480, 889], [2482, 887], [2484, 885], [2486, 883], [2488, 879], [2490, 875], [2492, 873], [2498, 871], [2504, 869], [2508, 867], [2512, 863], [2514, 859], [2516, 851], [2514, 843], [2512, 827], [2514, 811], [2516, 807], [2518, 803], [2520, 801], [2522, 799], [2524, 795], [2516, 792], [2508, 788], [2506, 784]]
618;160;NA;0.931640625;0.76690888764673;0.8091713786125183;5330;4153;[2877, 452, 2932, 565];[2880, 456, 2927, 563];[[2893, 452], [2885, 462], [2878, 479], [2878, 487], [2883, 494], [2884, 508], [2883, 523], [2877, 537], [2877, 553], [2886, 565], [2911, 565], [2924, 554], [2926, 539], [2932, 525], [2931, 474], [2920, 454]];[[2899, 456], [2892, 457], [2890, 459], [2887, 462], [2885, 464], [2884, 489], [2882, 515], [2880, 535], [2881, 555], [2883, 557], [2886, 559], [2888, 561], [2895, 563], [2903, 561], [2907, 559], [2911, 557], [2913, 555], [2915, 553], [2917, 551], [2919, 547], [2921, 543], [2923, 535], [2925, 527], [2927, 505], [2925, 483], [2923, 479], [2921, 475], [2919, 471], [2917, 467], [2915, 463], [2911, 460], [2907, 458]]
619;477;NA;0.91357421875;0.8619116732324279;0.8566762208938599;4801;4179;[2664, 203, 2753, 289];[2669, 208, 2752, 287];[[2672, 209], [2664, 222], [2664, 232], [2670, 241], [2672, 250], [2699, 270], [2707, 272], [2729, 289], [2744, 288], [2753, 275], [2753, 258], [2733, 230], [2703, 203], [2690, 203]];[[2671, 215], [2669, 227], [2671, 239], [2673, 243], [2674, 247], [2676, 249], [2678, 251], [2680, 253], [2683, 255], [2685, 257], [2688, 259], [2692, 261], [2695, 263], [2697, 265], [2700, 267], [2704, 269], [2706, 271], [2708, 273], [2711, 275], [2713, 277], [2716, 279], [2720, 281], [2728, 283], [2736, 285], [2740, 287], [2744, 285], [2748, 283], [2752, 273], [2750, 263], [2748, 255], [2746, 247], [2744, 243], [2742, 240], [2740, 238], [2738, 236], [2736, 234], [2734, 232], [2732, 230], [2730, 228], [2728, 226], [2726, 223], [2724, 221], [2720, 220], [2716, 218], [2714, 216], [2712, 214], [2710, 211], [2708, 209], [2698, 208], [2688, 210], [2680, 212], [2673, 213]]
620;482;NA;0.9130859375;0.8591387998167659;0.8731831312179565;4290;3827;[2846, 218, 2941, 275];[2848, 221, 2937, 276];[[2940, 226], [2931, 219], [2915, 218], [2907, 219], [2899, 224], [2892, 224], [2885, 229], [2856, 235], [2847, 243], [2846, 264], [2856, 272], [2871, 275], [2926, 271], [2933, 265], [2941, 244]];[[2937, 239], [2935, 225], [2933, 223], [2914, 221], [2895, 223], [2888, 225], [2881, 228], [2874, 230], [2866, 233], [2862, 235], [2857, 237], [2852, 240], [2848, 253], [2850, 267], [2852, 269], [2855, 272], [2858, 275], [2869, 276], [2881, 274], [2888, 272], [2895, 269], [2897, 267], [2900, 269], [2902, 272], [2904, 269], [2916, 267], [2928, 265], [2930, 263], [2932, 258], [2935, 253]]
621;327;NA;0.92236328125;0.8559526013701166;0.8979565501213074;5377;4647;[2760, 244, 2847, 334];[2767, 245, 2846, 334];[[2844, 244], [2825, 245], [2799, 270], [2789, 272], [2776, 285], [2769, 286], [2761, 295], [2760, 318], [2775, 334], [2807, 333], [2813, 328], [2821, 327], [2845, 304], [2847, 252]];[[2842, 249], [2833, 245], [2824, 246], [2822, 249], [2819, 251], [2817, 253], [2815, 256], [2812, 258], [2810, 260], [2808, 263], [2805, 265], [2803, 268], [2800, 271], [2795, 273], [2790, 276], [2785, 278], [2781, 280], [2776, 283], [2772, 284], [2769, 287], [2767, 296], [2769, 306], [2772, 313], [2774, 320], [2777, 325], [2772, 330], [2767, 332], [2783, 334], [2800, 331], [2807, 329], [2814, 326], [2819, 324], [2823, 322], [2825, 320], [2827, 318], [2830, 315], [2832, 313], [2835, 311], [2838, 307], [2840, 305], [2842, 294], [2844, 282], [2846, 268], [2844, 253]]
622;899;NA;0.8642578125;0.8129468599033817;0.7578125;5054;4328;[2703, 654, 2773, 753];[2712, 652, 2767, 751];[[2761, 657], [2734, 654], [2711, 658], [2705, 664], [2703, 688], [2711, 699], [2711, 722], [2707, 733], [2715, 752], [2726, 753], [2734, 745], [2759, 732], [2757, 714], [2765, 706], [2766, 692], [2773, 679]];[[2755, 653], [2745, 652], [2735, 654], [2731, 656], [2727, 658], [2725, 660], [2723, 658], [2717, 656], [2712, 697], [2713, 739], [2715, 741], [2718, 743], [2720, 745], [2723, 747], [2727, 749], [2729, 751], [2731, 749], [2735, 747], [2739, 745], [2743, 743], [2747, 741], [2749, 739], [2751, 735], [2753, 731], [2755, 727], [2757, 723], [2759, 715], [2761, 707], [2763, 697], [2765, 687], [2767, 675], [2765, 664], [2763, 662], [2761, 660], [2759, 658], [2757, 655]]
623;391;NA;0.9189453125;0.8747114375655823;0.9324638247489929;4706;4227;[2619, 451, 2707, 539];[2620, 452, 2703, 539];[[2619, 460], [2620, 485], [2625, 493], [2653, 518], [2655, 525], [2666, 537], [2675, 535], [2685, 539], [2705, 531], [2707, 525], [2706, 507], [2696, 493], [2666, 468], [2652, 452], [2631, 451]];[[2637, 452], [2624, 453], [2622, 455], [2620, 471], [2621, 487], [2623, 489], [2625, 491], [2627, 493], [2630, 495], [2632, 497], [2635, 499], [2639, 501], [2641, 503], [2643, 505], [2646, 507], [2648, 511], [2652, 515], [2656, 523], [2657, 531], [2659, 533], [2663, 535], [2667, 533], [2671, 531], [2675, 533], [2678, 535], [2680, 537], [2687, 539], [2695, 537], [2697, 535], [2699, 531], [2701, 527], [2703, 521], [2701, 515], [2699, 509], [2697, 504], [2695, 502], [2693, 499], [2691, 495], [2689, 492], [2687, 490], [2685, 488], [2683, 486], [2681, 484], [2679, 482], [2677, 480], [2675, 478], [2673, 476], [2671, 474], [2669, 471], [2667, 467], [2663, 464], [2659, 462], [2657, 460], [2655, 458], [2653, 455], [2651, 453]]
624;716;NA;0.8955078125;0.8889412874322093;0.924537718296051;4154;3857;[2286, 176, 2362, 254];[2285, 176, 2360, 251];[[2297, 178], [2290, 187], [2291, 199], [2286, 219], [2298, 238], [2309, 246], [2327, 253], [2348, 254], [2360, 248], [2362, 245], [2362, 230], [2350, 217], [2335, 190], [2319, 176]];[[2312, 176], [2301, 177], [2299, 179], [2297, 185], [2295, 191], [2293, 197], [2291, 203], [2288, 206], [2286, 208], [2285, 213], [2286, 219], [2288, 221], [2291, 223], [2293, 229], [2294, 235], [2296, 237], [2298, 239], [2300, 241], [2302, 243], [2304, 245], [2307, 247], [2309, 249], [2330, 251], [2352, 249], [2354, 247], [2356, 245], [2358, 243], [2360, 235], [2358, 228], [2356, 226], [2354, 223], [2352, 219], [2350, 216], [2348, 214], [2346, 212], [2344, 210], [2342, 207], [2340, 203], [2338, 199], [2336, 195], [2334, 192], [2332, 190], [2330, 188], [2328, 186], [2326, 183], [2324, 179]]
625;787;NA;0.88623046875;0.7831646244006393;0.8036263585090637;3310;3384;[2051, 475, 2119, 548];[2049, 468, 2120, 555];[[2109, 478], [2083, 475], [2079, 489], [2069, 499], [2061, 520], [2051, 529], [2053, 545], [2061, 542], [2070, 548], [2079, 544], [2092, 542], [2102, 536], [2111, 527], [2119, 512], [2119, 494], [2117, 488]];[[2112, 481], [2108, 480], [2104, 478], [2096, 476], [2088, 474], [2086, 471], [2084, 469], [2078, 468], [2073, 469], [2075, 471], [2077, 477], [2079, 483], [2081, 487], [2079, 491], [2077, 493], [2075, 495], [2072, 498], [2070, 500], [2069, 503], [2067, 507], [2065, 509], [2063, 511], [2061, 513], [2059, 515], [2057, 517], [2055, 519], [2052, 522], [2050, 524], [2049, 535], [2051, 547], [2053, 551], [2060, 555], [2068, 553], [2070, 551], [2072, 549], [2074, 547], [2076, 545], [2078, 543], [2080, 541], [2082, 539], [2084, 537], [2088, 535], [2092, 533], [2094, 531], [2096, 529], [2100, 527], [2104, 525], [2106, 523], [2108, 521], [2110, 519], [2112, 517], [2114, 515], [2116, 511], [2118, 507], [2120, 497], [2118, 488], [2116, 486], [2114, 483]]
626;764;NA;0.89013671875;0.8479519145146928;0.8183877468109131;3942;4359;[2138, 702, 2212, 785];[2133, 692, 2212, 787];[[2176, 702], [2156, 712], [2138, 740], [2146, 749], [2161, 754], [2173, 764], [2165, 779], [2168, 785], [2172, 785], [2179, 778], [2185, 779], [2192, 785], [2200, 785], [2212, 773], [2212, 761], [2206, 750], [2205, 730], [2194, 707]];[[2172, 692], [2165, 695], [2163, 699], [2161, 703], [2159, 707], [2157, 709], [2155, 711], [2152, 714], [2150, 716], [2149, 719], [2147, 723], [2145, 725], [2143, 727], [2141, 729], [2139, 731], [2136, 734], [2134, 736], [2133, 741], [2140, 747], [2148, 749], [2154, 751], [2160, 753], [2162, 755], [2164, 757], [2166, 759], [2168, 761], [2171, 763], [2173, 767], [2171, 771], [2169, 779], [2172, 787], [2176, 785], [2190, 783], [2204, 781], [2206, 779], [2208, 777], [2210, 775], [2212, 765], [2210, 755], [2208, 749], [2206, 743], [2204, 735], [2202, 727], [2200, 721], [2198, 715], [2196, 711], [2194, 708], [2192, 706], [2190, 704], [2188, 702], [2186, 700], [2184, 698], [2182, 695], [2180, 693]]
627;820;NA;0.88232421875;0.8449185593025923;0.8120437860488892;4068;3974;[2397, 821, 2450, 916];[2400, 824, 2455, 913];[[2421, 821], [2404, 825], [2397, 844], [2401, 900], [2411, 916], [2421, 914], [2444, 899], [2450, 880], [2445, 836], [2436, 826]];[[2441, 826], [2440, 824], [2437, 826], [2432, 829], [2428, 826], [2416, 824], [2405, 826], [2402, 828], [2400, 866], [2401, 903], [2404, 906], [2407, 909], [2409, 911], [2416, 913], [2422, 911], [2424, 909], [2427, 907], [2429, 904], [2432, 902], [2434, 899], [2436, 897], [2439, 895], [2441, 892], [2444, 890], [2447, 887], [2449, 884], [2451, 868], [2453, 852], [2455, 845], [2454, 838], [2452, 836], [2449, 833], [2447, 831], [2444, 828]]
628;940;NA;0.84716796875;0.7942477876106194;0.7742619514465332;3200;3288;[1992, 611, 2068, 673];[1990, 600, 2065, 671];[[1993, 621], [1994, 635], [2003, 649], [2003, 654], [1992, 667], [1992, 671], [1995, 673], [2003, 671], [2018, 660], [2033, 671], [2042, 671], [2062, 658], [2068, 650], [2068, 647], [2055, 637], [2037, 618], [2028, 614], [2010, 611], [2000, 614]];[[2007, 600], [1998, 603], [1994, 607], [1990, 619], [1991, 631], [1993, 633], [1995, 635], [1997, 637], [1999, 639], [2001, 641], [2004, 643], [2006, 645], [2004, 647], [2002, 653], [2000, 659], [1998, 665], [2001, 671], [2005, 669], [2007, 667], [2009, 665], [2011, 663], [2013, 661], [2017, 659], [2021, 661], [2023, 663], [2025, 665], [2028, 667], [2030, 669], [2037, 671], [2045, 669], [2049, 667], [2053, 665], [2055, 663], [2057, 659], [2061, 655], [2065, 649], [2059, 644], [2053, 642], [2051, 639], [2049, 635], [2047, 632], [2045, 630], [2043, 627], [2041, 623], [2037, 620], [2033, 618], [2031, 616], [2029, 614], [2027, 612], [2025, 610], [2023, 608], [2021, 606], [2019, 603], [2017, 601]]
629;641;NA;0.90380859375;0.8531211750305998;0.8239875435829163;4061;3509;[1374, 327, 1471, 379];[1379, 330, 1473, 376];[[1374, 354], [1378, 368], [1390, 375], [1417, 379], [1444, 376], [1470, 358], [1471, 337], [1468, 332], [1419, 327], [1414, 331], [1394, 332], [1378, 343]];[[1379, 356], [1383, 367], [1388, 369], [1393, 372], [1398, 374], [1419, 376], [1441, 374], [1445, 372], [1450, 369], [1455, 367], [1459, 365], [1461, 363], [1464, 360], [1467, 357], [1468, 353], [1471, 349], [1473, 342], [1472, 335], [1469, 333], [1441, 330], [1412, 333], [1400, 335], [1389, 337], [1387, 339], [1383, 342], [1381, 345]]
630;34;NA;0.9453125;0.7663831316640709;0.8681585192680359;7054;7690;[1370, 173, 1475, 270];[1363, 172, 1477, 265];[[1468, 173], [1427, 173], [1378, 192], [1386, 203], [1387, 210], [1370, 226], [1370, 230], [1377, 237], [1376, 264], [1380, 268], [1393, 270], [1422, 267], [1442, 247], [1444, 237], [1452, 225], [1465, 214], [1475, 195], [1475, 183]];[[1467, 181], [1458, 172], [1447, 178], [1431, 183], [1415, 178], [1404, 172], [1393, 178], [1383, 183], [1374, 192], [1368, 203], [1363, 229], [1366, 254], [1372, 260], [1399, 265], [1425, 260], [1436, 254], [1445, 246], [1450, 235], [1458, 228], [1463, 222], [1467, 213], [1472, 203], [1477, 197], [1472, 192]]
631;560;NA;0.9091796875;0.8244378832614127;0.8252399563789368;4244;3789;[1577, 97, 1654, 189];[1580, 102, 1654, 181];[[1639, 98], [1627, 97], [1621, 98], [1612, 107], [1606, 122], [1594, 128], [1590, 141], [1580, 156], [1577, 174], [1581, 183], [1587, 184], [1593, 189], [1603, 189], [1614, 181], [1642, 146], [1644, 139], [1654, 125], [1654, 106]];[[1650, 104], [1634, 102], [1618, 103], [1615, 105], [1612, 109], [1610, 111], [1608, 115], [1606, 120], [1603, 123], [1598, 125], [1594, 127], [1592, 129], [1589, 134], [1587, 139], [1584, 144], [1582, 148], [1580, 163], [1581, 176], [1584, 179], [1586, 181], [1588, 179], [1598, 176], [1608, 174], [1612, 171], [1617, 169], [1622, 167], [1626, 165], [1628, 163], [1631, 160], [1633, 158], [1635, 156], [1638, 153], [1641, 150], [1643, 148], [1645, 144], [1647, 139], [1650, 134], [1652, 129], [1654, 117], [1653, 106]]
632;290;NA;0.92431640625;0.8325059753631182;0.8432748317718506;5170;4797;[1472, 118, 1586, 193];[1480, 121, 1583, 191];[[1586, 127], [1575, 118], [1543, 118], [1522, 125], [1480, 157], [1472, 170], [1474, 187], [1483, 193], [1502, 192], [1519, 181], [1534, 164], [1539, 163], [1544, 166], [1547, 175], [1556, 182], [1560, 181], [1560, 166], [1584, 142]];[[1583, 132], [1581, 125], [1579, 123], [1557, 121], [1536, 123], [1526, 125], [1518, 127], [1515, 129], [1512, 133], [1507, 135], [1503, 136], [1501, 139], [1499, 141], [1496, 144], [1494, 146], [1491, 148], [1489, 151], [1487, 153], [1484, 156], [1481, 159], [1480, 172], [1481, 186], [1484, 188], [1495, 191], [1507, 189], [1509, 187], [1512, 183], [1517, 181], [1522, 179], [1526, 176], [1531, 174], [1541, 171], [1550, 174], [1555, 176], [1559, 175], [1561, 172], [1565, 169], [1567, 167], [1569, 163], [1571, 158], [1574, 155], [1577, 152], [1578, 146], [1580, 139]]
633;974;NA;0.830078125;0.815459822792545;0.8124452233314514;6302;5582;[1486, 412, 1603, 506];[1492, 408, 1595, 502];[[1603, 426], [1589, 412], [1564, 414], [1538, 439], [1517, 441], [1506, 451], [1502, 459], [1486, 474], [1486, 489], [1497, 498], [1511, 498], [1518, 491], [1527, 490], [1544, 506], [1553, 506], [1574, 485], [1574, 475], [1584, 466], [1585, 457], [1593, 449]];[[1595, 428], [1581, 408], [1567, 412], [1561, 417], [1554, 425], [1543, 430], [1533, 435], [1522, 441], [1513, 444], [1508, 450], [1502, 455], [1497, 460], [1492, 466], [1495, 469], [1501, 475], [1508, 482], [1513, 487], [1522, 491], [1533, 496], [1549, 502], [1563, 498], [1568, 493], [1574, 482], [1579, 471], [1585, 460], [1590, 450]]
634;47;NA;0.9423828125;0.9037729866835764;0.9455894231796265;6104;5905;[1815, 692, 1930, 785];[1818, 692, 1929, 787];[[1815, 766], [1816, 771], [1827, 781], [1849, 773], [1860, 773], [1874, 781], [1894, 785], [1917, 782], [1930, 770], [1928, 762], [1912, 742], [1908, 725], [1895, 712], [1891, 702], [1879, 692], [1863, 692], [1854, 698], [1853, 747], [1850, 750], [1840, 746], [1831, 748], [1818, 758]];[[1871, 692], [1862, 695], [1860, 699], [1858, 703], [1856, 707], [1854, 719], [1856, 731], [1858, 739], [1842, 747], [1826, 749], [1824, 751], [1821, 754], [1819, 756], [1818, 763], [1819, 771], [1821, 773], [1824, 775], [1826, 777], [1831, 779], [1837, 777], [1851, 775], [1865, 777], [1871, 779], [1877, 781], [1881, 783], [1885, 785], [1899, 787], [1913, 785], [1917, 783], [1921, 781], [1923, 779], [1925, 775], [1927, 771], [1929, 767], [1927, 763], [1925, 759], [1923, 756], [1921, 754], [1919, 752], [1917, 750], [1915, 747], [1913, 743], [1911, 739], [1909, 735], [1907, 732], [1905, 730], [1903, 728], [1901, 726], [1899, 723], [1897, 719], [1895, 715], [1893, 711], [1891, 707], [1889, 703], [1887, 700], [1885, 698], [1883, 695], [1881, 693]]
635;697;NA;0.8974609375;0.8635132319233173;0.8521413803100586;4751;4192;[1627, 229, 1741, 279];[1632, 230, 1745, 276];[[1627, 243], [1633, 264], [1644, 275], [1663, 279], [1669, 276], [1697, 275], [1702, 272], [1710, 272], [1719, 276], [1740, 274], [1741, 249], [1721, 236], [1698, 230], [1647, 229], [1634, 231]];[[1635, 234], [1632, 249], [1634, 262], [1636, 264], [1639, 267], [1641, 269], [1644, 272], [1646, 275], [1667, 276], [1689, 274], [1705, 272], [1722, 274], [1724, 276], [1727, 274], [1731, 272], [1736, 269], [1741, 267], [1745, 260], [1743, 253], [1740, 249], [1736, 245], [1731, 242], [1712, 240], [1693, 237], [1690, 234], [1688, 232], [1662, 230], [1637, 232]]
636;106;NA;0.93603515625;0.8166999334664006;0.8901557922363281;5509;5413;[1879, 361, 1966, 459];[1881, 364, 1964, 463];[[1949, 362], [1919, 361], [1898, 382], [1896, 393], [1888, 401], [1886, 429], [1879, 439], [1879, 450], [1882, 454], [1895, 459], [1912, 444], [1921, 459], [1935, 450], [1935, 429], [1945, 411], [1949, 409], [1956, 418], [1961, 415], [1966, 402], [1955, 393], [1961, 387], [1962, 373]];[[1960, 367], [1942, 364], [1924, 366], [1920, 368], [1917, 369], [1915, 371], [1913, 373], [1911, 375], [1909, 377], [1907, 379], [1904, 382], [1902, 384], [1901, 387], [1899, 391], [1897, 395], [1895, 399], [1893, 403], [1895, 407], [1897, 415], [1895, 423], [1893, 425], [1891, 427], [1889, 429], [1887, 431], [1884, 434], [1882, 436], [1881, 449], [1888, 463], [1896, 461], [1898, 459], [1900, 457], [1902, 455], [1904, 453], [1909, 451], [1913, 457], [1918, 463], [1924, 461], [1926, 459], [1928, 457], [1930, 455], [1932, 451], [1934, 447], [1936, 437], [1938, 427], [1940, 421], [1942, 415], [1944, 413], [1947, 411], [1949, 421], [1952, 431], [1956, 429], [1958, 427], [1960, 423], [1962, 419], [1964, 409], [1962, 399], [1960, 391], [1962, 383], [1964, 377], [1962, 371]]
637;583;NA;0.908203125;0.8439946018893387;0.8244107961654663;3684;3148;[1659, 156, 1725, 246];[1666, 160, 1725, 243];[[1669, 157], [1660, 165], [1659, 169], [1662, 188], [1675, 200], [1675, 206], [1680, 212], [1682, 221], [1696, 240], [1705, 246], [1719, 246], [1725, 235], [1725, 218], [1721, 212], [1719, 197], [1715, 193], [1708, 176], [1696, 162], [1688, 161], [1681, 156]];[[1679, 160], [1666, 173], [1668, 187], [1670, 191], [1672, 195], [1674, 199], [1676, 203], [1678, 207], [1680, 211], [1682, 215], [1684, 219], [1686, 223], [1688, 227], [1690, 231], [1691, 235], [1693, 237], [1697, 239], [1701, 241], [1709, 243], [1717, 241], [1719, 239], [1721, 237], [1723, 235], [1725, 227], [1723, 219], [1721, 211], [1719, 203], [1717, 197], [1715, 191], [1713, 187], [1711, 183], [1709, 179], [1707, 175], [1705, 171], [1703, 168], [1701, 166], [1697, 164], [1693, 162]]
638;55;NA;0.94140625;0.8369234116623151;0.8651223182678223;7967;8918;[1782, 504, 1901, 615];[1790, 507, 1907, 615];[[1818, 509], [1813, 514], [1813, 527], [1821, 538], [1816, 542], [1795, 542], [1782, 557], [1790, 569], [1792, 582], [1807, 594], [1829, 597], [1838, 606], [1859, 607], [1881, 615], [1895, 610], [1901, 602], [1901, 590], [1897, 581], [1883, 567], [1883, 556], [1872, 533], [1860, 523], [1853, 510], [1831, 504]];[[1834, 507], [1818, 508], [1816, 511], [1813, 514], [1810, 516], [1809, 520], [1806, 525], [1804, 530], [1801, 535], [1798, 538], [1793, 540], [1790, 558], [1791, 577], [1793, 579], [1797, 582], [1799, 585], [1803, 586], [1808, 589], [1813, 591], [1817, 593], [1822, 596], [1827, 598], [1832, 601], [1836, 603], [1846, 605], [1855, 608], [1863, 610], [1870, 613], [1882, 615], [1893, 613], [1895, 611], [1898, 608], [1901, 605], [1902, 601], [1905, 597], [1907, 594], [1905, 592], [1902, 587], [1900, 582], [1898, 568], [1896, 555], [1894, 552], [1888, 549], [1883, 537], [1881, 525], [1879, 520], [1875, 516], [1870, 519], [1865, 521], [1860, 519], [1858, 516], [1855, 514], [1852, 511], [1850, 508]]
639;615;NA;0.90576171875;0.8725982343777047;0.9017566442489624;5361;5457;[1703, 764, 1809, 851];[1708, 767, 1807, 851];[[1704, 792], [1703, 803], [1740, 842], [1758, 844], [1767, 850], [1792, 851], [1797, 850], [1809, 838], [1808, 827], [1799, 812], [1775, 794], [1766, 775], [1753, 765], [1740, 764], [1741, 783], [1738, 786], [1712, 788]];[[1711, 790], [1708, 802], [1710, 813], [1712, 815], [1715, 818], [1717, 820], [1720, 823], [1723, 828], [1724, 832], [1727, 834], [1729, 837], [1731, 839], [1735, 842], [1737, 845], [1751, 846], [1765, 849], [1774, 851], [1784, 849], [1791, 846], [1797, 845], [1800, 842], [1803, 839], [1805, 837], [1807, 830], [1805, 823], [1802, 818], [1801, 814], [1798, 812], [1793, 810], [1789, 807], [1786, 805], [1784, 802], [1782, 800], [1779, 798], [1776, 795], [1774, 790], [1771, 785], [1769, 780], [1767, 776], [1765, 774], [1762, 771], [1759, 768], [1748, 767], [1737, 768], [1735, 771], [1732, 775], [1730, 780], [1727, 783], [1720, 786], [1713, 787]]
640;332;NA;0.921875;0.8316761363636364;0.848734974861145;4184;3553;[1519, 353, 1608, 415];[1522, 356, 1609, 411];[[1520, 359], [1522, 388], [1519, 397], [1521, 404], [1532, 413], [1540, 415], [1573, 415], [1587, 408], [1597, 408], [1608, 398], [1608, 387], [1598, 378], [1581, 368], [1558, 362], [1551, 356], [1542, 356], [1536, 353], [1524, 355]];[[1533, 356], [1522, 367], [1524, 379], [1526, 385], [1524, 391], [1522, 395], [1524, 399], [1526, 403], [1529, 407], [1533, 409], [1555, 411], [1577, 409], [1587, 407], [1597, 405], [1601, 403], [1605, 401], [1607, 399], [1609, 393], [1607, 388], [1605, 386], [1603, 384], [1601, 382], [1599, 379], [1597, 377], [1591, 376], [1585, 374], [1583, 371], [1581, 365], [1579, 360], [1578, 361], [1576, 363], [1573, 366], [1567, 368], [1561, 366], [1557, 364], [1553, 362], [1549, 360], [1545, 358]]
641;568;NA;0.90869140625;0.8991739038339335;0.9055933952331543;4546;4420;[1641, 817, 1710, 910];[1642, 820, 1713, 911];[[1692, 817], [1688, 818], [1669, 838], [1655, 840], [1650, 845], [1648, 858], [1642, 866], [1641, 896], [1643, 902], [1652, 910], [1677, 910], [1692, 893], [1696, 882], [1702, 877], [1704, 867], [1710, 861], [1709, 829]];[[1701, 821], [1691, 820], [1682, 821], [1680, 823], [1677, 828], [1673, 832], [1670, 833], [1668, 835], [1666, 837], [1664, 839], [1661, 842], [1657, 844], [1654, 845], [1652, 847], [1650, 855], [1648, 863], [1646, 869], [1644, 875], [1642, 891], [1643, 907], [1645, 909], [1655, 911], [1665, 909], [1669, 907], [1673, 905], [1677, 903], [1681, 901], [1683, 899], [1685, 897], [1687, 895], [1689, 893], [1691, 891], [1693, 889], [1695, 887], [1697, 883], [1699, 879], [1701, 877], [1703, 875], [1705, 871], [1707, 867], [1709, 861], [1711, 855], [1713, 845], [1711, 835], [1709, 831], [1707, 828], [1705, 826], [1703, 823]]
642;546;NA;0.90966796875;0.8808977301708748;0.8699360489845276;3625;3750;[1699, 631, 1780, 699];[1702, 628, 1785, 699];[[1701, 645], [1699, 651], [1701, 667], [1723, 684], [1734, 685], [1740, 690], [1747, 692], [1753, 698], [1759, 699], [1766, 698], [1774, 690], [1775, 681], [1769, 667], [1780, 662], [1779, 652], [1775, 649], [1750, 645], [1728, 631], [1716, 631]];[[1717, 628], [1714, 629], [1712, 631], [1710, 635], [1708, 639], [1705, 642], [1703, 644], [1702, 655], [1703, 667], [1705, 669], [1707, 671], [1709, 673], [1712, 675], [1714, 677], [1717, 679], [1721, 681], [1727, 683], [1733, 685], [1737, 687], [1741, 689], [1745, 691], [1749, 693], [1753, 695], [1757, 697], [1765, 699], [1773, 697], [1775, 695], [1777, 683], [1779, 671], [1781, 667], [1783, 663], [1785, 659], [1783, 656], [1781, 654], [1779, 651], [1777, 649], [1763, 648], [1749, 646], [1747, 644], [1745, 642], [1743, 640], [1741, 638], [1739, 635], [1737, 633], [1733, 632], [1730, 633], [1728, 635], [1725, 634], [1723, 631], [1721, 629]]
643;310;NA;0.9228515625;0.9211145286774018;0.9039378762245178;5324;5294;[1666, 78, 1779, 142];[1670, 80, 1777, 143];[[1779, 132], [1778, 112], [1768, 107], [1766, 103], [1772, 91], [1772, 83], [1767, 78], [1763, 78], [1748, 92], [1741, 93], [1716, 82], [1695, 83], [1677, 91], [1666, 106], [1674, 124], [1687, 132], [1714, 137], [1739, 137], [1752, 142], [1768, 142]];[[1671, 100], [1670, 109], [1671, 119], [1673, 121], [1675, 123], [1677, 125], [1680, 127], [1682, 129], [1687, 131], [1693, 133], [1705, 135], [1717, 137], [1729, 139], [1741, 141], [1757, 143], [1773, 141], [1775, 139], [1777, 127], [1775, 115], [1773, 111], [1771, 107], [1769, 101], [1771, 95], [1773, 91], [1771, 87], [1769, 83], [1765, 80], [1762, 81], [1760, 83], [1758, 85], [1756, 87], [1753, 90], [1745, 92], [1737, 90], [1733, 88], [1729, 86], [1721, 84], [1713, 82], [1703, 80], [1694, 81], [1692, 83], [1690, 85], [1688, 87], [1685, 90], [1681, 92], [1678, 93], [1676, 95], [1673, 98]]
644;130;NA;0.93408203125;0.8079819277108434;0.8422455191612244;6519;5486;[1611, 600, 1719, 704];[1618, 607, 1721, 706];[[1611, 620], [1612, 639], [1642, 667], [1654, 671], [1662, 684], [1683, 701], [1693, 704], [1718, 701], [1719, 683], [1709, 658], [1707, 637], [1678, 610], [1665, 607], [1656, 600], [1645, 601], [1649, 618], [1645, 624], [1637, 624], [1628, 616], [1615, 616]];[[1627, 616], [1618, 630], [1619, 644], [1622, 646], [1624, 648], [1627, 651], [1629, 653], [1631, 655], [1634, 658], [1636, 660], [1639, 663], [1642, 666], [1646, 667], [1650, 670], [1653, 672], [1655, 675], [1658, 677], [1660, 679], [1662, 682], [1665, 684], [1668, 687], [1670, 690], [1674, 691], [1679, 694], [1682, 697], [1685, 699], [1689, 701], [1693, 703], [1700, 706], [1708, 703], [1712, 701], [1716, 697], [1719, 692], [1721, 690], [1719, 687], [1716, 682], [1712, 678], [1708, 676], [1705, 674], [1703, 671], [1700, 668], [1697, 656], [1700, 644], [1702, 640], [1700, 636], [1698, 633], [1696, 631], [1693, 628], [1690, 625], [1688, 623], [1684, 621], [1679, 619], [1676, 616], [1673, 613], [1670, 612], [1665, 609], [1655, 607], [1646, 614], [1641, 621], [1636, 619]]
645;277;NA;0.92529296875;0.8954710144927536;0.8680625557899475;5320;5143;[1525, 271, 1639, 340];[1528, 276, 1640, 338];[[1525, 332], [1534, 340], [1543, 340], [1555, 334], [1564, 334], [1574, 328], [1595, 328], [1607, 322], [1629, 321], [1639, 313], [1639, 291], [1628, 283], [1602, 281], [1587, 271], [1566, 271], [1541, 292], [1539, 300], [1534, 304], [1532, 313], [1526, 320]];[[1528, 325], [1544, 338], [1562, 334], [1580, 330], [1598, 327], [1616, 323], [1633, 321], [1636, 317], [1640, 303], [1637, 290], [1634, 286], [1623, 283], [1612, 279], [1584, 276], [1556, 278], [1553, 282], [1549, 285], [1546, 289], [1541, 294], [1537, 297], [1535, 303], [1531, 310]]
646;322;NA;0.92236328125;0.87465395262996;0.8431503772735596;5992;6197;[1548, 799, 1646, 896];[1554, 800, 1653, 899];[[1557, 803], [1549, 811], [1548, 818], [1555, 826], [1557, 837], [1563, 843], [1567, 854], [1606, 890], [1623, 896], [1635, 894], [1646, 881], [1646, 870], [1639, 860], [1643, 853], [1643, 841], [1635, 832], [1624, 828], [1619, 816], [1619, 806], [1608, 799], [1604, 800], [1598, 810], [1589, 809], [1581, 803]];[[1557, 808], [1554, 819], [1556, 831], [1558, 835], [1560, 839], [1562, 843], [1563, 847], [1565, 849], [1567, 851], [1569, 853], [1572, 855], [1574, 859], [1575, 863], [1577, 865], [1581, 867], [1585, 869], [1587, 871], [1589, 873], [1591, 875], [1593, 877], [1595, 879], [1597, 881], [1599, 883], [1601, 885], [1604, 887], [1606, 889], [1609, 891], [1613, 893], [1619, 895], [1625, 897], [1629, 899], [1633, 897], [1635, 895], [1637, 893], [1639, 891], [1641, 881], [1643, 871], [1645, 861], [1647, 851], [1649, 847], [1651, 843], [1653, 841], [1651, 839], [1649, 835], [1645, 832], [1641, 830], [1637, 828], [1633, 826], [1629, 824], [1625, 820], [1623, 816], [1621, 814], [1619, 811], [1617, 807], [1615, 804], [1613, 802], [1607, 800], [1601, 802], [1581, 804], [1561, 806]]
647;692;NA;0.8974609375;0.9064837905236908;0.9400030970573425;4681;4493;[1791, 385, 1895, 444];[1790, 384, 1897, 443];[[1791, 390], [1791, 407], [1800, 420], [1819, 435], [1830, 436], [1837, 442], [1854, 444], [1868, 442], [1875, 436], [1884, 435], [1895, 425], [1895, 409], [1878, 396], [1874, 387], [1864, 385], [1862, 391], [1857, 395], [1849, 394], [1840, 387], [1802, 385]];[[1792, 391], [1790, 399], [1791, 407], [1793, 409], [1795, 411], [1797, 413], [1799, 415], [1801, 417], [1804, 419], [1806, 421], [1809, 423], [1813, 425], [1816, 427], [1818, 429], [1821, 431], [1825, 433], [1829, 435], [1833, 437], [1836, 439], [1838, 441], [1851, 443], [1865, 441], [1869, 439], [1873, 437], [1879, 435], [1885, 433], [1887, 431], [1889, 429], [1891, 427], [1893, 425], [1895, 423], [1897, 415], [1895, 408], [1893, 406], [1891, 404], [1889, 402], [1887, 400], [1885, 398], [1883, 395], [1881, 391], [1879, 388], [1877, 386], [1871, 384], [1865, 390], [1857, 396], [1849, 394], [1843, 392], [1837, 390], [1829, 388], [1821, 386], [1811, 384], [1801, 386], [1797, 388], [1794, 389]]
648;31;NA;0.94677734375;0.8211957533991432;0.827045202255249;4999;4779;[1748, 299, 1829, 386];[1738, 301, 1831, 383];[[1817, 304], [1805, 299], [1786, 303], [1782, 321], [1779, 324], [1757, 326], [1748, 335], [1749, 338], [1756, 338], [1761, 344], [1753, 357], [1753, 378], [1757, 385], [1789, 386], [1796, 380], [1804, 378], [1821, 362], [1823, 353], [1829, 346], [1829, 319]];[[1821, 310], [1806, 301], [1792, 305], [1787, 310], [1780, 317], [1758, 323], [1738, 331], [1749, 342], [1760, 348], [1754, 353], [1749, 364], [1753, 373], [1758, 378], [1774, 383], [1790, 378], [1801, 373], [1810, 369], [1815, 364], [1821, 353], [1826, 342], [1831, 331], [1826, 321]]
649;145;NA;0.9326171875;0.8126512270998963;0.880442202091217;5681;4807;[1731, 389, 1838, 471];[1734, 392, 1837, 467];[[1731, 430], [1734, 442], [1749, 454], [1760, 456], [1764, 460], [1767, 471], [1793, 456], [1806, 464], [1825, 465], [1838, 452], [1837, 445], [1828, 431], [1789, 389], [1758, 389], [1754, 393], [1753, 404], [1736, 420]];[[1735, 424], [1734, 431], [1735, 439], [1737, 441], [1740, 443], [1742, 445], [1745, 447], [1749, 449], [1751, 451], [1753, 453], [1755, 455], [1757, 457], [1760, 459], [1762, 461], [1771, 463], [1781, 461], [1791, 459], [1801, 461], [1805, 463], [1809, 465], [1819, 467], [1829, 465], [1831, 463], [1833, 461], [1835, 459], [1837, 451], [1835, 444], [1833, 442], [1831, 440], [1829, 438], [1827, 435], [1825, 433], [1821, 432], [1817, 430], [1815, 427], [1813, 425], [1809, 424], [1805, 422], [1803, 420], [1801, 418], [1799, 416], [1797, 414], [1795, 412], [1793, 410], [1791, 407], [1789, 401], [1787, 396], [1785, 394], [1769, 392], [1754, 401], [1750, 411], [1746, 413], [1744, 415], [1742, 417], [1740, 419], [1737, 422]]
650;320;NA;0.92236328125;0.905605334444676;0.9251386523246765;4759;4386;[1490, 185, 1586, 262];[1494, 184, 1585, 263];[[1586, 190], [1582, 187], [1553, 185], [1543, 192], [1536, 193], [1496, 232], [1490, 247], [1497, 259], [1507, 262], [1525, 261], [1547, 249], [1570, 244], [1574, 238], [1573, 224], [1583, 218], [1586, 213]];[[1577, 187], [1565, 184], [1553, 186], [1549, 188], [1545, 190], [1541, 192], [1537, 194], [1533, 196], [1530, 197], [1528, 199], [1526, 203], [1524, 207], [1522, 209], [1520, 211], [1518, 213], [1516, 215], [1514, 217], [1512, 219], [1510, 221], [1508, 223], [1506, 225], [1504, 227], [1501, 230], [1497, 232], [1494, 243], [1495, 255], [1497, 257], [1501, 259], [1505, 261], [1513, 263], [1521, 261], [1525, 259], [1529, 257], [1533, 255], [1537, 253], [1541, 251], [1545, 249], [1551, 247], [1557, 245], [1563, 243], [1569, 241], [1571, 239], [1573, 229], [1575, 219], [1577, 217], [1579, 215], [1581, 213], [1583, 211], [1585, 205], [1583, 199], [1581, 195], [1579, 191]]
651;528;NA;0.91064453125;0.8549726554587807;0.8491775393486023;4365;4793;[807, 359, 931, 418];[811, 356, 930, 423];[[931, 395], [921, 379], [917, 366], [906, 359], [891, 359], [858, 368], [851, 374], [827, 384], [816, 393], [807, 406], [819, 418], [847, 418], [859, 410], [870, 409], [881, 402], [906, 396], [926, 401], [931, 398]];[[922, 375], [920, 364], [918, 362], [912, 360], [906, 358], [892, 356], [878, 358], [874, 360], [870, 362], [866, 364], [862, 366], [856, 368], [850, 370], [846, 372], [842, 374], [838, 376], [834, 378], [830, 380], [826, 382], [822, 384], [819, 385], [817, 387], [814, 390], [812, 392], [811, 403], [812, 415], [814, 417], [818, 419], [822, 421], [832, 423], [842, 421], [848, 419], [854, 417], [858, 415], [862, 413], [866, 411], [870, 409], [874, 407], [878, 405], [882, 403], [886, 401], [892, 399], [898, 397], [914, 395], [930, 393], [928, 392], [926, 390], [924, 387]]
652;280;NA;0.9248046875;0.9083364072298045;0.8960602283477783;5240;5107;[-6, 865, 98, 933];[0, 864, 99, 935];[[93, 873], [83, 865], [65, 865], [55, 870], [43, 871], [36, 876], [4, 876], [-6, 885], [-5, 897], [4, 916], [25, 918], [41, 928], [56, 933], [67, 933], [86, 922], [93, 914], [98, 892]];[[99, 885], [97, 880], [95, 878], [93, 876], [91, 874], [89, 872], [87, 870], [85, 867], [83, 865], [73, 864], [63, 866], [59, 868], [55, 870], [33, 872], [11, 874], [7, 876], [4, 877], [2, 879], [0, 895], [2, 911], [4, 915], [15, 919], [27, 921], [31, 923], [35, 925], [39, 927], [43, 929], [49, 931], [55, 933], [59, 935], [63, 933], [65, 931], [67, 929], [71, 927], [75, 925], [77, 923], [79, 921], [83, 919], [87, 917], [89, 915], [91, 911], [93, 907], [95, 899], [97, 891]]
653;304;NA;0.923828125;0.8800247371675943;0.9661558270454407;4825;4295;[558, 43, 645, 133];[559, 44, 644, 133];[[636, 43], [613, 43], [593, 57], [574, 79], [558, 88], [559, 115], [564, 126], [571, 133], [583, 133], [616, 106], [638, 83], [645, 69], [645, 53]];[[640, 47], [625, 44], [612, 46], [609, 48], [607, 51], [605, 53], [602, 55], [600, 58], [597, 61], [592, 63], [588, 65], [585, 67], [583, 72], [581, 77], [578, 80], [573, 82], [569, 84], [566, 86], [564, 91], [562, 96], [559, 110], [561, 124], [563, 126], [566, 129], [569, 132], [578, 133], [586, 132], [589, 129], [591, 127], [593, 125], [596, 122], [598, 120], [601, 117], [603, 115], [605, 113], [608, 110], [610, 108], [613, 105], [615, 103], [617, 101], [620, 98], [622, 96], [624, 94], [627, 91], [630, 88], [632, 86], [634, 82], [636, 77], [639, 72], [641, 67], [644, 58], [642, 49]]
654;141;NA;0.93310546875;0.8039130434782609;0.9267846345901489;4553;3745;[758, 118, 820, 219];[755, 121, 820, 219];[[813, 118], [793, 118], [783, 125], [764, 151], [758, 168], [758, 196], [765, 201], [770, 201], [781, 217], [785, 219], [796, 218], [809, 201], [810, 177], [820, 137], [820, 128]];[[816, 123], [804, 121], [793, 129], [791, 139], [788, 141], [786, 144], [783, 147], [778, 149], [774, 151], [771, 153], [769, 156], [767, 158], [764, 161], [761, 164], [760, 167], [757, 172], [755, 187], [764, 200], [773, 205], [775, 210], [778, 212], [781, 215], [783, 218], [787, 219], [791, 218], [794, 215], [797, 212], [799, 210], [801, 206], [803, 201], [806, 191], [808, 182], [810, 172], [813, 163], [815, 151], [818, 139], [820, 132], [818, 125]]
655;219;NA;0.92724609375;0.7930189834660135;0.8372092843055725;6424;5288;[165, 399, 276, 485];[168, 407, 276, 481];[[276, 416], [256, 400], [223, 399], [211, 406], [177, 413], [166, 423], [165, 432], [184, 452], [182, 476], [191, 484], [200, 485], [217, 476], [236, 456], [241, 459], [245, 470], [257, 470], [259, 457], [256, 447], [276, 439]];[[272, 423], [263, 411], [253, 409], [241, 407], [230, 408], [228, 411], [225, 413], [223, 415], [220, 419], [208, 421], [196, 416], [189, 411], [182, 414], [177, 416], [173, 418], [171, 420], [168, 432], [172, 443], [177, 446], [183, 449], [187, 451], [185, 454], [183, 465], [184, 477], [187, 479], [201, 481], [214, 480], [217, 477], [219, 475], [222, 473], [224, 470], [226, 468], [229, 465], [237, 462], [244, 465], [249, 467], [253, 458], [255, 449], [258, 446], [265, 443], [272, 442], [274, 439], [276, 437], [274, 435]]
656;17;NA;0.9541015625;0.8481960517358748;0.9180757999420166;4218;3927;[540, 813, 607, 907];[540, 812, 610, 910];[[594, 813], [583, 813], [558, 828], [549, 840], [548, 858], [542, 865], [540, 874], [540, 898], [543, 906], [557, 907], [569, 903], [575, 891], [604, 853], [607, 844], [607, 829], [604, 822]];[[604, 816], [596, 812], [590, 815], [587, 818], [582, 823], [568, 827], [555, 829], [551, 833], [548, 843], [544, 854], [540, 879], [543, 903], [546, 906], [550, 910], [553, 906], [561, 903], [567, 900], [570, 897], [574, 890], [577, 883], [582, 878], [586, 874], [588, 868], [592, 861], [596, 856], [600, 853], [602, 847], [606, 840], [610, 829], [607, 819]]
657;107;NA;0.93603515625;0.8614308282554728;0.8945677280426025;4348;3900;[666, 738, 747, 814];[668, 740, 751, 815];[[685, 742], [681, 746], [673, 765], [668, 770], [666, 776], [668, 786], [683, 798], [716, 800], [727, 811], [735, 814], [747, 803], [745, 760], [727, 744], [703, 741], [696, 738]];[[699, 740], [688, 743], [686, 747], [684, 753], [682, 759], [680, 761], [678, 763], [676, 765], [674, 767], [671, 770], [669, 772], [668, 783], [689, 795], [711, 797], [713, 799], [715, 801], [717, 803], [719, 805], [721, 807], [723, 809], [726, 811], [728, 813], [731, 815], [735, 813], [739, 811], [743, 809], [745, 807], [747, 801], [749, 795], [751, 793], [749, 791], [747, 785], [745, 779], [743, 769], [741, 760], [739, 758], [735, 756], [731, 754], [729, 751], [727, 749], [723, 748], [719, 746], [715, 744], [711, 742]]
658;317;NA;0.9228515625;0.8018000765990042;0.7814391255378723;4894;4515;[31, 707, 124, 793];[30, 709, 114, 803];[[114, 710], [107, 707], [88, 709], [83, 715], [51, 730], [35, 743], [31, 750], [31, 759], [37, 767], [51, 772], [51, 792], [64, 793], [74, 781], [107, 764], [122, 743], [124, 727], [122, 718]];[[105, 711], [96, 709], [86, 712], [82, 714], [78, 716], [75, 718], [72, 721], [67, 724], [63, 726], [58, 729], [53, 731], [48, 733], [43, 736], [39, 738], [35, 740], [32, 742], [30, 754], [32, 765], [34, 767], [42, 771], [49, 785], [51, 798], [53, 801], [58, 803], [62, 802], [64, 799], [67, 795], [69, 790], [71, 785], [74, 780], [77, 777], [82, 775], [86, 773], [88, 771], [91, 767], [96, 765], [100, 764], [102, 761], [105, 756], [107, 752], [109, 747], [112, 742], [114, 730], [113, 719], [110, 717], [107, 713]]
659;552;NA;0.90966796875;0.7769911504424779;0.8234643340110779;4395;3637;[571, 841, 645, 937];[576, 841, 638, 939];[[642, 845], [629, 841], [610, 845], [572, 898], [571, 920], [578, 933], [600, 937], [619, 932], [626, 892], [634, 892], [633, 875], [645, 853]];[[631, 847], [621, 841], [612, 843], [608, 847], [604, 852], [600, 855], [598, 861], [594, 868], [589, 873], [586, 877], [583, 883], [580, 890], [576, 911], [579, 931], [582, 935], [589, 939], [595, 936], [599, 933], [604, 928], [607, 924], [610, 918], [613, 911], [618, 906], [621, 903], [624, 897], [627, 890], [632, 885], [636, 881], [638, 868], [635, 854]]
660;423;NA;0.91748046875;0.7804574838388861;0.842388391494751;3975;3186;[133, 173, 223, 234];[136, 180, 223, 235];[[223, 178], [212, 173], [160, 179], [153, 183], [146, 193], [133, 218], [134, 226], [141, 233], [164, 234], [170, 233], [177, 228], [182, 228], [195, 219], [204, 217], [212, 212], [223, 199]];[[219, 183], [205, 180], [191, 182], [187, 184], [183, 186], [177, 188], [171, 190], [163, 192], [155, 194], [151, 196], [148, 197], [146, 199], [144, 201], [142, 203], [139, 206], [137, 208], [136, 217], [137, 227], [139, 229], [142, 231], [144, 233], [157, 235], [171, 233], [175, 231], [179, 229], [183, 227], [187, 225], [191, 223], [195, 221], [197, 219], [199, 217], [205, 215], [211, 213], [213, 211], [215, 209], [217, 207], [219, 203], [221, 199], [223, 193], [221, 187]]
661;427;NA;0.91748046875;0.8963183093940895;0.9092046022415161;5936;5550;[811, 138, 910, 234];[812, 140, 911, 229];[[856, 143], [841, 172], [826, 174], [813, 182], [811, 207], [824, 219], [848, 220], [855, 227], [872, 228], [880, 234], [898, 234], [909, 224], [910, 206], [905, 198], [898, 196], [885, 184], [886, 172], [893, 164], [892, 153], [874, 138]];[[814, 182], [812, 196], [816, 210], [821, 212], [828, 214], [835, 217], [842, 219], [849, 222], [853, 225], [855, 227], [878, 229], [901, 227], [903, 225], [907, 222], [909, 219], [911, 213], [909, 206], [907, 204], [904, 202], [902, 199], [899, 197], [897, 194], [895, 192], [892, 190], [889, 187], [887, 167], [885, 149], [883, 147], [880, 144], [877, 141], [868, 140], [860, 141], [857, 144], [854, 147], [852, 149], [849, 156], [845, 164], [841, 165], [838, 167], [836, 170], [833, 172], [830, 175], [823, 178], [817, 179]]
662;416;NA;0.91796875;0.9094955489614244;0.9350302815437317;3809;3913;[231, 174, 284, 280];[232, 176, 283, 279];[[272, 175], [259, 174], [252, 179], [245, 191], [244, 202], [232, 225], [231, 263], [233, 270], [242, 280], [248, 280], [257, 271], [264, 252], [273, 241], [281, 225], [284, 199], [280, 187]];[[275, 177], [263, 176], [252, 179], [250, 183], [247, 186], [245, 188], [244, 191], [242, 195], [240, 201], [238, 207], [236, 213], [234, 219], [232, 247], [235, 275], [239, 277], [247, 279], [255, 277], [257, 275], [259, 269], [261, 263], [263, 257], [265, 251], [267, 249], [269, 247], [271, 245], [273, 243], [275, 241], [277, 239], [279, 237], [281, 235], [283, 209], [281, 184], [279, 182], [277, 179]]
663;904;NA;0.8623046875;0.764179104477612;0.6548975110054016;3155;3346;[616, 887, 691, 937];[583, 891, 691, 937];[[616, 901], [616, 930], [620, 935], [625, 937], [649, 936], [656, 931], [664, 929], [687, 929], [691, 923], [691, 901], [687, 893], [657, 890], [646, 887], [634, 892], [626, 892]];[[583, 926], [585, 932], [586, 930], [589, 928], [592, 930], [595, 933], [597, 935], [609, 937], [620, 934], [640, 932], [659, 930], [673, 927], [686, 926], [689, 923], [691, 911], [690, 900], [687, 898], [684, 895], [682, 892], [656, 891], [631, 892], [628, 895], [625, 898], [620, 900], [616, 902], [614, 904], [611, 907], [609, 910], [607, 914], [605, 918], [602, 921], [600, 923], [597, 926], [594, 929], [592, 926], [589, 924], [587, 922], [585, 919]]
664;118;NA;0.93505859375;0.918141592920354;0.9607489705085754;5828;5443;[88, 104, 185, 205];[88, 104, 183, 207];[[156, 105], [143, 104], [128, 114], [117, 143], [89, 177], [88, 202], [91, 205], [110, 205], [137, 178], [145, 189], [157, 194], [177, 189], [185, 180], [185, 160], [165, 139], [164, 114]];[[159, 107], [149, 104], [140, 105], [138, 107], [136, 109], [134, 111], [131, 114], [129, 116], [128, 119], [126, 123], [124, 127], [122, 131], [120, 137], [118, 143], [115, 146], [113, 148], [112, 151], [110, 155], [108, 157], [106, 159], [104, 161], [102, 163], [100, 165], [98, 167], [96, 169], [94, 171], [91, 174], [89, 176], [88, 189], [89, 203], [91, 205], [99, 207], [107, 205], [109, 203], [111, 201], [113, 199], [115, 197], [117, 195], [119, 193], [121, 191], [123, 189], [125, 187], [127, 185], [129, 183], [131, 181], [133, 179], [135, 177], [137, 175], [139, 177], [142, 179], [144, 183], [145, 187], [147, 189], [157, 191], [167, 189], [171, 187], [175, 185], [177, 183], [179, 181], [181, 179], [183, 169], [181, 159], [179, 155], [177, 152], [175, 150], [173, 147], [171, 143], [169, 140], [167, 138], [165, 135], [163, 123], [161, 111]]
665;283;NA;0.9248046875;0.8934683898009081;0.8224346041679382;5498;5344;[420, 801, 491, 913];[426, 802, 486, 911];[[471, 802], [458, 801], [449, 808], [438, 825], [436, 839], [430, 846], [420, 891], [422, 898], [432, 911], [441, 913], [461, 911], [476, 899], [482, 889], [483, 841], [491, 825], [478, 817]];[[472, 804], [461, 802], [450, 804], [447, 806], [445, 811], [442, 816], [440, 821], [438, 826], [435, 833], [433, 840], [431, 845], [428, 849], [426, 878], [427, 906], [430, 908], [444, 911], [458, 909], [460, 907], [462, 904], [465, 902], [468, 899], [475, 896], [481, 895], [484, 892], [486, 880], [484, 868], [481, 854], [484, 840], [486, 828], [485, 817], [482, 814], [480, 812], [477, 810], [474, 806]]
666;194;NA;0.9287109375;0.7531331283991487;0.8361433148384094;4223;3191;[608, 341, 681, 419];[612, 347, 681, 416];[[616, 341], [610, 345], [608, 351], [610, 386], [615, 395], [616, 406], [622, 416], [626, 419], [635, 418], [660, 394], [671, 391], [681, 382], [681, 365], [667, 349], [656, 342]];[[632, 347], [612, 371], [615, 396], [619, 407], [629, 416], [638, 414], [642, 410], [645, 407], [649, 403], [654, 398], [661, 395], [668, 391], [675, 388], [681, 375], [675, 362], [668, 358], [661, 354], [654, 351]]
667;801;NA;0.884765625;0.7850322007550522;0.8195488452911377;4389;3649;[440, 81, 549, 131];[440, 87, 553, 133];[[440, 103], [440, 115], [448, 124], [476, 131], [522, 130], [530, 126], [539, 126], [549, 117], [548, 101], [540, 93], [532, 89], [519, 89], [491, 81], [480, 81], [465, 89], [455, 90], [447, 94]];[[442, 96], [440, 108], [442, 119], [444, 121], [449, 124], [454, 126], [461, 129], [468, 131], [475, 133], [482, 131], [511, 129], [539, 127], [541, 125], [544, 121], [547, 119], [548, 115], [551, 110], [553, 108], [551, 106], [549, 104], [525, 102], [501, 99], [499, 97], [496, 94], [493, 91], [491, 89], [475, 87], [458, 90], [451, 92], [445, 94]]
668;885;NA;0.8681640625;0.8830755232029117;0.8578618168830872;4353;3925;[543, 202, 622, 285];[545, 206, 620, 281];[[555, 202], [546, 208], [543, 215], [546, 232], [552, 241], [545, 252], [546, 278], [555, 285], [564, 285], [573, 279], [589, 257], [596, 256], [609, 261], [618, 255], [622, 249], [622, 243], [617, 230], [597, 214], [588, 213], [581, 207]];[[547, 210], [545, 220], [547, 229], [550, 246], [547, 263], [545, 268], [547, 272], [549, 274], [552, 277], [555, 280], [563, 281], [572, 280], [574, 277], [577, 272], [579, 268], [582, 265], [584, 263], [587, 260], [601, 257], [615, 256], [617, 253], [620, 244], [618, 235], [616, 233], [613, 230], [611, 228], [609, 225], [606, 223], [603, 220], [601, 218], [597, 216], [592, 214], [587, 211], [582, 209], [566, 206], [550, 208]]
669;914;NA;0.85595703125;0.7477561126586196;0.7545045018196106;3210;2437;[222, 353, 296, 419];[228, 356, 295, 411];[[291, 355], [288, 353], [274, 353], [262, 362], [257, 363], [246, 373], [228, 380], [222, 386], [223, 398], [235, 406], [255, 410], [273, 419], [281, 418], [288, 408], [288, 401], [296, 383], [292, 370]];[[295, 365], [283, 356], [272, 357], [270, 359], [267, 362], [263, 364], [259, 366], [255, 368], [251, 370], [247, 372], [243, 374], [239, 376], [236, 377], [234, 379], [231, 382], [229, 384], [228, 393], [231, 403], [235, 405], [245, 407], [255, 409], [263, 411], [271, 409], [273, 407], [275, 405], [277, 403], [279, 401], [281, 399], [283, 395], [285, 391], [287, 385], [289, 379], [291, 377], [293, 375]]
670;808;NA;0.88427734375;0.8313207547169811;0.8313837647438049;5169;4537;[536, 427, 634, 496];[540, 433, 638, 495];[[633, 440], [614, 432], [578, 427], [561, 429], [550, 435], [541, 436], [537, 439], [536, 451], [545, 467], [538, 475], [536, 484], [549, 496], [570, 496], [584, 488], [595, 487], [602, 480], [624, 469], [634, 458]];[[540, 478], [543, 488], [546, 491], [564, 495], [582, 491], [589, 488], [596, 484], [604, 481], [611, 477], [618, 474], [624, 471], [627, 468], [631, 460], [635, 453], [638, 446], [636, 440], [632, 437], [614, 433], [596, 437], [589, 440], [582, 437], [561, 433], [540, 446], [544, 460], [548, 464], [544, 468]]
671;405;NA;0.91845703125;0.9135073347304249;0.9331295490264893;5051;4993;[764, 522, 866, 598];[767, 524, 866, 599];[[764, 550], [768, 568], [772, 573], [780, 577], [799, 573], [804, 577], [801, 586], [806, 598], [813, 597], [821, 589], [826, 578], [834, 581], [853, 581], [866, 570], [865, 555], [854, 539], [844, 537], [836, 530], [825, 529], [814, 522], [788, 523], [771, 536]];[[768, 540], [767, 553], [768, 567], [770, 569], [773, 571], [775, 573], [778, 575], [782, 577], [788, 579], [794, 581], [797, 583], [799, 587], [800, 591], [802, 593], [805, 595], [807, 597], [808, 599], [810, 597], [814, 595], [818, 591], [820, 587], [822, 585], [826, 583], [830, 581], [834, 579], [838, 581], [842, 583], [846, 581], [852, 579], [858, 577], [860, 575], [862, 573], [864, 571], [866, 563], [864, 555], [862, 551], [860, 548], [858, 546], [856, 544], [854, 542], [852, 539], [850, 537], [844, 536], [838, 534], [834, 532], [830, 530], [826, 528], [822, 526], [806, 524], [790, 526], [786, 528], [782, 530], [778, 532], [775, 533], [773, 535], [770, 538]]
672;452;NA;0.91552734375;0.8673613564111622;0.8777429461479187;5460;5113;[713, 601, 829, 667];[717, 607, 829, 667];[[713, 611], [714, 626], [722, 645], [735, 658], [773, 658], [784, 666], [805, 667], [829, 647], [828, 626], [804, 615], [784, 601], [770, 601], [755, 607], [748, 615], [739, 619], [719, 607]];[[735, 612], [717, 625], [719, 640], [721, 644], [723, 648], [725, 651], [729, 654], [731, 656], [754, 658], [778, 660], [783, 663], [787, 665], [795, 667], [802, 665], [806, 663], [810, 661], [813, 659], [815, 656], [818, 654], [821, 651], [826, 648], [829, 640], [828, 631], [826, 628], [823, 626], [821, 624], [818, 620], [815, 618], [811, 616], [806, 614], [803, 611], [801, 609], [778, 607], [754, 609]]
673;231;NA;0.9267578125;0.8797256097560976;0.8811281323432922;6256;6075;[258, 220, 365, 316];[264, 221, 362, 319];[[362, 220], [335, 220], [327, 226], [319, 226], [313, 232], [302, 234], [295, 240], [275, 248], [258, 265], [258, 288], [269, 297], [278, 298], [282, 308], [293, 316], [314, 309], [329, 289], [339, 287], [343, 266], [363, 245], [365, 225]];[[358, 223], [342, 221], [325, 223], [320, 225], [315, 228], [311, 230], [306, 233], [301, 235], [297, 237], [295, 239], [291, 242], [287, 245], [283, 246], [280, 249], [278, 251], [276, 253], [273, 256], [271, 258], [268, 261], [265, 264], [264, 277], [265, 291], [268, 293], [272, 295], [277, 298], [280, 301], [283, 306], [284, 310], [287, 312], [290, 315], [292, 318], [299, 319], [305, 315], [307, 311], [311, 307], [315, 305], [320, 300], [330, 295], [338, 294], [341, 291], [343, 282], [345, 272], [348, 265], [350, 258], [353, 256], [355, 253], [358, 250], [361, 248], [362, 237], [361, 225]]
674;671;NA;0.89990234375;0.8667529107373868;0.8363931775093079;4409;4249;[270, 602, 328, 703];[276, 604, 331, 703];[[288, 602], [276, 604], [270, 608], [275, 617], [276, 643], [274, 675], [270, 687], [277, 697], [288, 703], [293, 703], [304, 695], [310, 686], [312, 676], [326, 661], [328, 638], [327, 630], [318, 613], [302, 604]];[[293, 604], [284, 605], [282, 607], [280, 611], [278, 615], [276, 655], [277, 695], [279, 697], [283, 699], [287, 701], [293, 703], [299, 701], [301, 699], [303, 697], [305, 695], [307, 693], [309, 691], [311, 685], [313, 679], [315, 675], [317, 671], [319, 669], [321, 667], [323, 663], [325, 659], [327, 639], [329, 619], [331, 615], [329, 612], [327, 610], [319, 608], [312, 609], [310, 611], [307, 610], [305, 607], [303, 605]]
675;232;NA;0.9267578125;0.838544097060196;0.8650418519973755;6059;5761;[154, 676, 217, 803];[159, 678, 219, 801];[[172, 676], [160, 687], [160, 714], [155, 724], [154, 745], [159, 761], [160, 780], [170, 801], [181, 803], [187, 801], [193, 783], [196, 782], [206, 792], [212, 789], [212, 772], [217, 754], [217, 725], [209, 703], [204, 699], [198, 701], [187, 681]];[[177, 678], [168, 680], [166, 682], [163, 686], [160, 688], [159, 737], [160, 787], [163, 789], [165, 791], [167, 794], [171, 797], [173, 799], [179, 801], [186, 799], [188, 797], [191, 794], [203, 791], [214, 790], [217, 787], [219, 778], [215, 769], [210, 767], [207, 764], [205, 754], [207, 744], [210, 728], [212, 711], [214, 702], [210, 693], [206, 695], [201, 698], [196, 693], [194, 688], [191, 686], [188, 682], [186, 680]]
676;476;NA;0.91357421875;0.8888625592417062;0.8531813621520996;4156;3815;[347, 360, 437, 424];[352, 364, 439, 423];[[347, 395], [349, 404], [357, 413], [375, 413], [387, 407], [401, 413], [407, 419], [421, 424], [430, 423], [437, 417], [436, 388], [433, 375], [424, 366], [410, 365], [401, 360], [388, 361], [376, 367], [373, 371], [365, 373], [354, 382]];[[353, 384], [352, 397], [355, 411], [359, 413], [367, 415], [375, 413], [377, 411], [379, 409], [385, 407], [391, 409], [395, 411], [399, 413], [403, 415], [407, 417], [410, 419], [412, 421], [421, 423], [431, 421], [433, 419], [435, 417], [437, 415], [439, 411], [437, 407], [435, 403], [433, 399], [431, 387], [429, 376], [427, 374], [425, 371], [423, 369], [419, 368], [415, 366], [395, 364], [375, 366], [371, 368], [368, 369], [366, 371], [364, 373], [362, 375], [360, 377], [358, 379], [355, 382]]
677;53;NA;0.94189453125;0.7531547772340973;0.7403930425643921;7186;6429;[2988, 814, 3097, 925];[2983, 827, 3087, 921];[[3047, 814], [3033, 827], [3031, 837], [3018, 859], [2995, 862], [2988, 868], [2992, 890], [3008, 903], [3029, 905], [3039, 912], [3060, 916], [3070, 925], [3093, 924], [3097, 920], [3097, 888], [3088, 879], [3086, 867], [3077, 858], [3076, 845], [3066, 827], [3052, 814]];[[2992, 860], [2983, 874], [2992, 888], [3003, 894], [3013, 899], [3024, 904], [3035, 910], [3046, 915], [3067, 921], [3087, 896], [3081, 869], [3076, 853], [3072, 838], [3067, 833], [3046, 827], [3026, 831], [3021, 836], [3015, 842], [3010, 847], [3003, 854]]
678;-1;NA;NA;0.0;0.0;3204;0;[2141, 903, 2218, 967];[];[[2218, 920], [2205, 915], [2200, 916], [2196, 913], [2202, 905], [2197, 903], [2179, 908], [2172, 912], [2158, 929], [2146, 936], [2141, 947], [2149, 967], [2163, 967], [2188, 961], [2203, 951], [2212, 945], [2216, 936]];[]
679;-1;NA;NA;0.0;0.0;3707;0;[2178, 1276, 2250, 1366];[];[[2245, 1281], [2227, 1276], [2221, 1282], [2209, 1276], [2200, 1282], [2209, 1288], [2199, 1308], [2183, 1325], [2178, 1345], [2184, 1362], [2194, 1366], [2214, 1356], [2233, 1329], [2241, 1306], [2250, 1285]];[]
680;970;NA;0.83203125;0.8706928492034087;0.8923777341842651;2441;2608;[2803, 1807, 2877, 1862];[2804, 1808, 2879, 1859];[[2863, 1821], [2820, 1807], [2803, 1809], [2805, 1819], [2813, 1830], [2817, 1853], [2831, 1857], [2837, 1862], [2838, 1862], [2839, 1860], [2842, 1859], [2844, 1856], [2847, 1854], [2849, 1853], [2849, 1852], [2850, 1851], [2853, 1850], [2856, 1849], [2859, 1848], [2862, 1847], [2865, 1847], [2865, 1847], [2877, 1834]];[[2819, 1808], [2804, 1815], [2805, 1823], [2807, 1825], [2810, 1827], [2812, 1837], [2813, 1847], [2815, 1849], [2817, 1851], [2819, 1853], [2822, 1855], [2824, 1857], [2833, 1859], [2843, 1857], [2845, 1855], [2847, 1853], [2853, 1851], [2859, 1849], [2865, 1847], [2871, 1845], [2875, 1843], [2879, 1837], [2877, 1832], [2875, 1830], [2873, 1828], [2871, 1826], [2869, 1823], [2867, 1821], [2863, 1820], [2859, 1818], [2853, 1816], [2847, 1814], [2841, 1812], [2835, 1810]]
681;1026;NA;0.494140625;0.6029354963306296;0.5959771275520325;1744;2406;[3423, 2811, 3493, 2854];[3416, 2800, 3483, 2851];[[3462, 2823], [3441, 2811], [3432, 2818], [3423, 2835], [3443, 2850], [3464, 2854], [3474, 2849], [3482, 2837], [3493, 2833], [3488, 2827], [3478, 2825]];[[3417, 2816], [3416, 2823], [3417, 2831], [3419, 2833], [3422, 2835], [3424, 2839], [3427, 2843], [3431, 2845], [3434, 2847], [3436, 2849], [3449, 2851], [3463, 2849], [3469, 2847], [3475, 2845], [3479, 2843], [3483, 2835], [3481, 2828], [3479, 2826], [3475, 2824], [3471, 2822], [3467, 2819], [3463, 2813], [3461, 2807], [3459, 2803], [3453, 2800], [3447, 2802], [3439, 2804], [3431, 2806], [3427, 2808], [3424, 2809], [3422, 2811], [3419, 2814]]
682;1004;NA;0.73388671875;0.7806553911205074;0.8361884355545044;1642;1727;[3330, 2674, 3406, 2709];[3332, 2676, 3403, 2711];[[3331, 2681], [3330, 2693], [3349, 2705], [3359, 2709], [3381, 2702], [3404, 2700], [3406, 2687], [3393, 2682], [3375, 2686], [3357, 2682], [3341, 2674]];[[3345, 2676], [3332, 2685], [3333, 2695], [3335, 2697], [3337, 2699], [3339, 2701], [3342, 2703], [3344, 2705], [3349, 2707], [3355, 2709], [3361, 2711], [3367, 2709], [3371, 2707], [3375, 2705], [3383, 2703], [3391, 2701], [3395, 2699], [3399, 2697], [3401, 2695], [3403, 2691], [3401, 2688], [3399, 2686], [3397, 2683], [3395, 2681], [3389, 2680], [3383, 2682], [3379, 2684], [3375, 2682], [3367, 2680], [3359, 2678]]
683;988;NA;0.80810546875;0.8781793842034806;0.84740149974823;2102;2107;[3284, 2716, 3327, 2780];[3287, 2715, 3328, 2784];[[3325, 2738], [3310, 2780], [3294, 2779], [3289, 2771], [3285, 2744], [3287, 2732], [3284, 2717], [3305, 2716], [3327, 2726]];[[3323, 2719], [3310, 2715], [3296, 2716], [3294, 2719], [3291, 2722], [3288, 2724], [3287, 2750], [3288, 2775], [3291, 2777], [3296, 2780], [3300, 2782], [3303, 2784], [3304, 2783], [3307, 2781], [3310, 2777], [3312, 2775], [3314, 2769], [3316, 2761], [3319, 2754], [3321, 2747], [3323, 2740], [3326, 2733], [3328, 2728], [3326, 2723]]
684;938;NA;0.84814453125;0.6794065878803118;0.7910447716712952;3106;3573;[3264, 2672, 3359, 2729];[3264, 2676, 3359, 2739];[[3359, 2709], [3358, 2724], [3347, 2729], [3327, 2726], [3312, 2725], [3290, 2713], [3281, 2708], [3268, 2695], [3264, 2686], [3283, 2676], [3313, 2685], [3315, 2681], [3322, 2672], [3330, 2693]];[[3265, 2688], [3264, 2699], [3265, 2711], [3267, 2713], [3270, 2715], [3272, 2719], [3270, 2723], [3267, 2726], [3265, 2728], [3264, 2731], [3265, 2735], [3267, 2737], [3273, 2739], [3279, 2737], [3281, 2735], [3283, 2727], [3285, 2719], [3287, 2717], [3303, 2715], [3319, 2717], [3322, 2719], [3324, 2723], [3325, 2727], [3327, 2729], [3337, 2731], [3347, 2729], [3349, 2727], [3351, 2725], [3353, 2723], [3355, 2719], [3357, 2715], [3359, 2713], [3357, 2712], [3355, 2710], [3349, 2708], [3343, 2706], [3341, 2704], [3339, 2702], [3337, 2700], [3335, 2698], [3333, 2696], [3331, 2694], [3329, 2691], [3327, 2687], [3325, 2683], [3323, 2679], [3303, 2676], [3283, 2678], [3277, 2680], [3272, 2681], [3270, 2683], [3267, 2686]]
685;998;NA;0.75048828125;0.8831661696936839;0.8768801093101501;3554;3393;[3522, 2912, 3611, 2983];[3520, 2915, 3609, 2980];[[3605, 2925], [3611, 2945], [3582, 2970], [3532, 2983], [3522, 2973], [3522, 2953], [3542, 2946], [3558, 2930], [3571, 2929], [3581, 2916], [3589, 2912]];[[3609, 2933], [3608, 2924], [3605, 2922], [3601, 2920], [3596, 2917], [3586, 2915], [3578, 2916], [3575, 2919], [3573, 2921], [3570, 2924], [3568, 2926], [3566, 2928], [3563, 2932], [3558, 2934], [3554, 2935], [3551, 2938], [3548, 2941], [3543, 2943], [3539, 2946], [3534, 2948], [3530, 2950], [3528, 2952], [3524, 2955], [3522, 2958], [3520, 2966], [3524, 2975], [3529, 2978], [3539, 2980], [3548, 2978], [3553, 2975], [3558, 2973], [3567, 2970], [3577, 2968], [3582, 2966], [3586, 2963], [3591, 2961], [3595, 2959], [3597, 2957], [3601, 2954], [3603, 2951], [3605, 2947], [3607, 2943]]
686;953;NA;0.8427734375;0.8215334420880913;0.7832167744636536;2904;2679;[3128, 1077, 3205, 1142];[3134, 1081, 3204, 1137];[[3196, 1132], [3204, 1120], [3205, 1105], [3195, 1091], [3190, 1084], [3167, 1077], [3156, 1088], [3138, 1086], [3129, 1090], [3128, 1094], [3138, 1098], [3140, 1091], [3152, 1102], [3152, 1118], [3159, 1137], [3173, 1138], [3182, 1142]];[[3137, 1085], [3134, 1090], [3138, 1094], [3143, 1097], [3145, 1099], [3148, 1101], [3151, 1104], [3153, 1109], [3156, 1114], [3158, 1119], [3160, 1124], [3163, 1128], [3164, 1132], [3167, 1135], [3181, 1137], [3195, 1133], [3197, 1128], [3200, 1125], [3203, 1123], [3204, 1109], [3203, 1096], [3200, 1093], [3198, 1091], [3195, 1089], [3192, 1085], [3190, 1083], [3174, 1081], [3157, 1084], [3152, 1086], [3148, 1084], [3143, 1081], [3139, 1083]]
687;792;NA;0.8857421875;0.7424090757424091;0.8103746175765991;2372;2850;[3100, 2272, 3157, 2350];[3096, 2276, 3159, 2355];[[3157, 2345], [3155, 2312], [3144, 2292], [3111, 2272], [3100, 2272], [3108, 2292], [3123, 2295], [3119, 2303], [3119, 2304], [3118, 2305], [3118, 2307], [3118, 2310], [3117, 2312], [3117, 2313], [3117, 2314], [3119, 2320], [3119, 2321], [3120, 2323], [3122, 2327], [3123, 2330], [3125, 2333], [3126, 2336], [3126, 2337], [3127, 2338], [3128, 2340], [3129, 2342], [3130, 2344], [3130, 2346], [3131, 2348], [3131, 2348], [3141, 2350]];[[3107, 2276], [3096, 2279], [3097, 2283], [3099, 2285], [3101, 2287], [3103, 2289], [3105, 2291], [3107, 2293], [3110, 2295], [3112, 2297], [3110, 2299], [3108, 2305], [3110, 2311], [3112, 2315], [3113, 2319], [3115, 2321], [3118, 2323], [3120, 2333], [3121, 2343], [3123, 2345], [3125, 2347], [3127, 2349], [3130, 2351], [3132, 2353], [3139, 2355], [3147, 2353], [3149, 2351], [3151, 2349], [3153, 2347], [3155, 2343], [3157, 2339], [3159, 2329], [3157, 2319], [3155, 2311], [3153, 2304], [3151, 2302], [3149, 2299], [3147, 2297], [3143, 2296], [3139, 2294], [3137, 2292], [3135, 2290], [3133, 2288], [3131, 2286], [3129, 2283], [3127, 2281], [3123, 2280], [3119, 2278]]
688;846;NA;0.87646484375;0.7900572907041212;0.9436864852905273;4868;4818;[2934, 2735, 3019, 2821];[2932, 2736, 3019, 2819];[[2934, 2773], [2934, 2795], [2966, 2819], [2978, 2821], [3019, 2815], [3013, 2780], [2992, 2735], [2975, 2738], [2975, 2753], [2969, 2760], [2948, 2761]];[[2949, 2748], [2944, 2753], [2942, 2759], [2940, 2761], [2938, 2763], [2935, 2766], [2933, 2768], [2932, 2777], [2939, 2787], [2947, 2791], [2950, 2795], [2952, 2799], [2957, 2803], [2963, 2807], [2965, 2811], [2967, 2813], [2970, 2815], [2972, 2817], [2979, 2819], [2987, 2817], [2997, 2815], [3007, 2817], [3009, 2819], [3011, 2817], [3015, 2815], [3019, 2813], [3017, 2811], [3015, 2807], [3013, 2803], [3011, 2793], [3013, 2783], [3015, 2777], [3013, 2771], [3011, 2767], [3009, 2763], [3007, 2759], [3005, 2756], [3003, 2754], [3001, 2752], [2999, 2750], [2997, 2747], [2995, 2743], [2993, 2740], [2991, 2738], [2981, 2736], [2972, 2741], [2970, 2747], [2967, 2750], [2961, 2752], [2955, 2750]]
689;217;NA;0.92724609375;0.8501283697047497;0.8405278325080872;5973;5557;[3049, 2435, 3153, 2529];[3052, 2440, 3151, 2523];[[3050, 2439], [3049, 2462], [3060, 2484], [3059, 2518], [3073, 2529], [3098, 2519], [3116, 2505], [3139, 2503], [3153, 2489], [3150, 2477], [3139, 2464], [3127, 2463], [3118, 2454], [3097, 2454], [3087, 2445], [3073, 2443], [3065, 2435], [3053, 2436]];[[3059, 2440], [3052, 2459], [3054, 2479], [3056, 2495], [3054, 2511], [3052, 2513], [3054, 2515], [3056, 2519], [3067, 2523], [3079, 2521], [3085, 2519], [3091, 2517], [3093, 2515], [3095, 2513], [3099, 2511], [3103, 2509], [3115, 2507], [3127, 2505], [3131, 2503], [3135, 2501], [3139, 2499], [3143, 2497], [3145, 2495], [3147, 2493], [3149, 2491], [3151, 2483], [3149, 2475], [3147, 2471], [3143, 2468], [3139, 2466], [3135, 2464], [3131, 2462], [3125, 2460], [3119, 2458], [3113, 2456], [3107, 2454], [3093, 2452], [3079, 2450], [3075, 2448], [3071, 2446], [3069, 2443], [3067, 2441]]
690;987;NA;0.81396484375;0.712;0.7134615182876587;4055;3007;[3409, 2949, 3464, 3041];[3411, 2967, 3466, 3037];[[3427, 2949], [3420, 2957], [3419, 2971], [3415, 2979], [3415, 3020], [3409, 3038], [3412, 3041], [3458, 3041], [3461, 3038], [3464, 3017], [3464, 2991], [3460, 2977], [3440, 2951]];[[3424, 2967], [3420, 2969], [3418, 2971], [3416, 2993], [3413, 3014], [3411, 3026], [3434, 3037], [3457, 3036], [3459, 3033], [3462, 3028], [3464, 3024], [3466, 3014], [3464, 3005], [3462, 3000], [3459, 2995], [3457, 2986], [3455, 2977], [3453, 2974], [3441, 2972], [3429, 2970]]
691;913;NA;0.85693359375;0.8489096573208723;0.9037328362464905;3767;3355;[3430, 2844, 3527, 2895];[3435, 2843, 3528, 2894];[[3526, 2851], [3515, 2844], [3481, 2844], [3474, 2849], [3463, 2850], [3457, 2854], [3441, 2855], [3430, 2863], [3430, 2888], [3441, 2895], [3459, 2895], [3466, 2890], [3480, 2889], [3489, 2884], [3507, 2883], [3527, 2870]];[[3435, 2881], [3436, 2889], [3439, 2892], [3450, 2894], [3462, 2892], [3470, 2889], [3477, 2887], [3489, 2885], [3501, 2882], [3508, 2880], [3515, 2877], [3520, 2875], [3524, 2871], [3526, 2866], [3528, 2864], [3526, 2862], [3524, 2857], [3522, 2853], [3520, 2850], [3516, 2847], [3514, 2845], [3491, 2843], [3467, 2846], [3462, 2848], [3458, 2850], [3456, 2852], [3454, 2854], [3451, 2857], [3449, 2859], [3447, 2862], [3444, 2864], [3442, 2866], [3439, 2870], [3436, 2872]]
692;701;NA;0.8974609375;0.8475237449118046;0.7760462760925293;5321;5572;[3198, 2929, 3286, 3012];[3201, 2929, 3285, 3032];[[3269, 2929], [3257, 2929], [3243, 2936], [3213, 2937], [3201, 2944], [3198, 2960], [3200, 2987], [3209, 2997], [3218, 3000], [3230, 3011], [3250, 3012], [3264, 2996], [3264, 2987], [3271, 2976], [3272, 2968], [3286, 2955], [3286, 2939]];[[3276, 2931], [3262, 2929], [3249, 2931], [3246, 2933], [3243, 2936], [3224, 2939], [3206, 2940], [3203, 2943], [3201, 2950], [3203, 2957], [3206, 2959], [3203, 2962], [3201, 2978], [3205, 2994], [3210, 2997], [3215, 3000], [3220, 3005], [3222, 3009], [3225, 3017], [3227, 3024], [3230, 3028], [3236, 3032], [3242, 3031], [3245, 3028], [3248, 3025], [3250, 3023], [3252, 3019], [3254, 3014], [3257, 3007], [3259, 3000], [3261, 2990], [3264, 2981], [3267, 2978], [3269, 2975], [3271, 2971], [3273, 2966], [3276, 2964], [3278, 2962], [3281, 2959], [3284, 2956], [3285, 2947], [3284, 2939], [3281, 2936], [3278, 2933]]
693;199;NA;0.92822265625;0.847940074906367;0.9080829620361328;5325;4543;[2951, 2426, 3044, 2522];[2952, 2432, 3043, 2523];[[3032, 2426], [3007, 2426], [2997, 2449], [2984, 2462], [2964, 2465], [2951, 2477], [2952, 2501], [2965, 2504], [2981, 2522], [2995, 2522], [3033, 2482], [3035, 2468], [3043, 2460], [3044, 2439]];[[3039, 2437], [3021, 2432], [3004, 2437], [3002, 2443], [3000, 2447], [2998, 2451], [2996, 2453], [2994, 2455], [2991, 2458], [2987, 2460], [2983, 2462], [2979, 2464], [2975, 2466], [2971, 2468], [2967, 2470], [2963, 2472], [2960, 2473], [2958, 2475], [2956, 2479], [2954, 2483], [2952, 2491], [2953, 2499], [2955, 2501], [2959, 2503], [2963, 2505], [2966, 2507], [2968, 2509], [2973, 2511], [2979, 2513], [2981, 2515], [2983, 2517], [2986, 2519], [2988, 2521], [2991, 2523], [2995, 2521], [2997, 2519], [2999, 2517], [3001, 2515], [3003, 2513], [3005, 2511], [3007, 2507], [3009, 2503], [3011, 2501], [3013, 2499], [3015, 2497], [3017, 2495], [3019, 2493], [3021, 2491], [3023, 2489], [3025, 2487], [3027, 2483], [3029, 2479], [3031, 2477], [3033, 2475], [3035, 2469], [3037, 2463], [3039, 2457], [3041, 2451], [3043, 2447], [3041, 2443]]
694;1010;NA;0.69921875;0.6103351955307262;0.75;4651;3420;[3387, 2767, 3441, 2885];[3373, 2767, 3438, 2885];[[3420, 2767], [3416, 2767], [3406, 2777], [3398, 2795], [3398, 2806], [3391, 2815], [3387, 2845], [3391, 2881], [3398, 2885], [3413, 2884], [3421, 2875], [3433, 2849], [3441, 2811], [3438, 2797], [3437, 2778]];[[3429, 2769], [3417, 2767], [3406, 2769], [3404, 2771], [3401, 2773], [3403, 2775], [3405, 2777], [3408, 2780], [3410, 2782], [3413, 2785], [3416, 2790], [3413, 2795], [3411, 2802], [3408, 2809], [3406, 2814], [3404, 2819], [3401, 2821], [3399, 2823], [3396, 2827], [3391, 2829], [3386, 2831], [3379, 2834], [3373, 2843], [3377, 2851], [3381, 2849], [3385, 2847], [3387, 2862], [3388, 2875], [3391, 2877], [3394, 2881], [3396, 2883], [3403, 2885], [3409, 2883], [3412, 2881], [3415, 2877], [3417, 2875], [3419, 2871], [3421, 2866], [3423, 2862], [3426, 2857], [3428, 2852], [3426, 2847], [3423, 2843], [3421, 2838], [3419, 2833], [3416, 2828], [3414, 2821], [3416, 2814], [3419, 2811], [3424, 2808], [3429, 2806], [3434, 2804], [3438, 2792], [3435, 2781], [3433, 2776], [3431, 2772]]
695;705;NA;0.89697265625;0.8250265111346765;0.7971751689910889;3764;3120;[3397, 2577, 3456, 2667];[3404, 2580, 3455, 2663];[[3446, 2577], [3431, 2577], [3423, 2584], [3416, 2586], [3407, 2596], [3397, 2613], [3408, 2653], [3414, 2660], [3430, 2667], [3441, 2660], [3449, 2644], [3449, 2608], [3455, 2598], [3456, 2588]];[[3447, 2581], [3437, 2580], [3428, 2581], [3426, 2583], [3424, 2585], [3422, 2587], [3420, 2589], [3418, 2591], [3415, 2594], [3413, 2596], [3412, 2599], [3410, 2603], [3407, 2606], [3405, 2608], [3404, 2627], [3405, 2647], [3407, 2649], [3409, 2651], [3411, 2653], [3414, 2655], [3416, 2657], [3421, 2659], [3427, 2661], [3429, 2663], [3431, 2661], [3435, 2659], [3439, 2657], [3441, 2655], [3443, 2649], [3445, 2643], [3447, 2627], [3449, 2611], [3451, 2605], [3453, 2599], [3455, 2593], [3453, 2588], [3451, 2586], [3449, 2583]]
696;968;NA;0.83349609375;0.6184236260512419;0.522284984588623;5067;3208;[3394, 2508, 3497, 2583];[3396, 2505, 3476, 2560];[[3400, 2511], [3394, 2541], [3403, 2553], [3420, 2561], [3439, 2562], [3456, 2579], [3476, 2583], [3484, 2580], [3497, 2567], [3494, 2558], [3481, 2543], [3478, 2529], [3468, 2517], [3452, 2515], [3442, 2508], [3403, 2508]];[[3399, 2523], [3396, 2535], [3398, 2546], [3400, 2548], [3404, 2552], [3406, 2554], [3410, 2556], [3415, 2558], [3427, 2560], [3438, 2559], [3440, 2556], [3443, 2554], [3445, 2552], [3448, 2548], [3460, 2546], [3471, 2544], [3474, 2542], [3476, 2533], [3474, 2524], [3472, 2521], [3467, 2519], [3462, 2517], [3453, 2514], [3443, 2512], [3436, 2510], [3429, 2507], [3417, 2505], [3406, 2509], [3404, 2513], [3401, 2518]]
697;980;NA;0.82421875;0.7445466491458607;0.7404618263244629;3789;2849;[3333, 2776, 3416, 2848];[3336, 2780, 3411, 2839];[[3416, 2778], [3402, 2776], [3396, 2781], [3389, 2782], [3384, 2787], [3377, 2788], [3372, 2792], [3363, 2793], [3358, 2797], [3343, 2799], [3339, 2802], [3333, 2817], [3333, 2826], [3338, 2834], [3353, 2848], [3373, 2847], [3406, 2819], [3412, 2806], [3413, 2786]];[[3411, 2791], [3401, 2780], [3391, 2782], [3387, 2784], [3383, 2786], [3379, 2788], [3375, 2790], [3371, 2792], [3367, 2794], [3357, 2796], [3348, 2797], [3346, 2799], [3344, 2801], [3342, 2803], [3339, 2806], [3337, 2808], [3336, 2817], [3337, 2827], [3339, 2829], [3341, 2831], [3343, 2833], [3346, 2835], [3348, 2837], [3357, 2839], [3367, 2837], [3369, 2835], [3371, 2833], [3375, 2831], [3379, 2829], [3385, 2827], [3391, 2825], [3395, 2823], [3399, 2819], [3401, 2815], [3403, 2813], [3405, 2811], [3407, 2807], [3409, 2803]]
698;431;NA;0.91748046875;0.8866752910737387;0.8966613411903381;3619;3673;[2993, 2835, 3090, 2895];[2996, 2834, 3090, 2899];[[3090, 2843], [3079, 2835], [3067, 2835], [3032, 2846], [3019, 2856], [3011, 2857], [3001, 2862], [2993, 2873], [2993, 2883], [3009, 2895], [3034, 2895], [3043, 2886], [3052, 2883], [3062, 2875], [3078, 2867], [3089, 2856]];[[3085, 2847], [3083, 2843], [3081, 2841], [3076, 2839], [3071, 2836], [3062, 2834], [3052, 2836], [3045, 2839], [3039, 2840], [3036, 2843], [3033, 2846], [3028, 2848], [3024, 2850], [3019, 2853], [3014, 2855], [3009, 2858], [3005, 2859], [3003, 2862], [3000, 2865], [2997, 2867], [2996, 2878], [2997, 2889], [3000, 2892], [3005, 2894], [3009, 2897], [3014, 2899], [3019, 2897], [3028, 2894], [3038, 2892], [3043, 2889], [3047, 2888], [3049, 2885], [3052, 2882], [3057, 2880], [3061, 2878], [3063, 2876], [3067, 2873], [3071, 2870], [3075, 2869], [3078, 2866], [3080, 2864], [3083, 2862], [3086, 2858], [3088, 2856], [3090, 2854], [3087, 2852]]
699;979;NA;0.82568359375;0.7210088403536141;0.7262935042381287;3613;3006;[3168, 2707, 3238, 2772];[3172, 2696, 3231, 2771];[[3170, 2709], [3168, 2714], [3168, 2733], [3174, 2747], [3174, 2752], [3186, 2766], [3193, 2767], [3198, 2772], [3227, 2772], [3234, 2763], [3234, 2750], [3238, 2738], [3238, 2732], [3235, 2727], [3227, 2720], [3201, 2713], [3196, 2709], [3180, 2707]];[[3179, 2696], [3172, 2709], [3174, 2723], [3176, 2729], [3178, 2735], [3180, 2741], [3182, 2747], [3184, 2753], [3185, 2759], [3187, 2761], [3190, 2763], [3192, 2765], [3195, 2767], [3199, 2769], [3211, 2771], [3223, 2769], [3225, 2767], [3227, 2765], [3229, 2763], [3231, 2759], [3229, 2755], [3227, 2751], [3225, 2747], [3223, 2745], [3225, 2743], [3227, 2741], [3229, 2739], [3231, 2733], [3229, 2727], [3227, 2721], [3223, 2716], [3219, 2718], [3215, 2720], [3211, 2718], [3209, 2716], [3207, 2714], [3205, 2711], [3203, 2709], [3199, 2708], [3195, 2706], [3193, 2704], [3191, 2702], [3189, 2699], [3187, 2697]]
700;774;NA;0.888671875;0.616150234741784;0.6606534123420715;5307;3299;[3341, 2463, 3413, 2588];[3340, 2468, 3407, 2559];[[3396, 2463], [3377, 2476], [3376, 2497], [3365, 2511], [3344, 2513], [3341, 2516], [3341, 2528], [3356, 2539], [3359, 2552], [3377, 2576], [3386, 2584], [3400, 2588], [3409, 2585], [3413, 2572], [3412, 2558], [3404, 2548], [3403, 2539], [3404, 2527], [3411, 2511], [3412, 2486], [3402, 2465]];[[3403, 2471], [3393, 2468], [3384, 2471], [3382, 2475], [3380, 2479], [3378, 2483], [3376, 2491], [3374, 2499], [3372, 2503], [3370, 2507], [3367, 2510], [3353, 2512], [3340, 2519], [3341, 2527], [3343, 2529], [3347, 2531], [3351, 2533], [3353, 2535], [3355, 2537], [3358, 2539], [3360, 2545], [3362, 2551], [3364, 2555], [3369, 2559], [3375, 2557], [3379, 2555], [3383, 2553], [3385, 2551], [3387, 2549], [3389, 2547], [3391, 2545], [3393, 2543], [3395, 2537], [3397, 2531], [3399, 2525], [3401, 2519], [3403, 2515], [3405, 2511], [3407, 2493], [3405, 2475]]
701;819;NA;0.88232421875;0.8776941054271618;0.9143025875091553;3808;3423;[3130, 2701, 3184, 2795];[3132, 2704, 3183, 2795];[[3148, 2701], [3136, 2709], [3132, 2719], [3130, 2749], [3133, 2758], [3146, 2771], [3152, 2789], [3155, 2792], [3166, 2795], [3177, 2791], [3184, 2773], [3184, 2743], [3179, 2732], [3177, 2720], [3161, 2706]];[[3147, 2704], [3136, 2707], [3134, 2711], [3132, 2729], [3134, 2747], [3136, 2753], [3137, 2759], [3139, 2761], [3141, 2763], [3143, 2765], [3146, 2767], [3148, 2777], [3149, 2787], [3151, 2789], [3154, 2791], [3156, 2793], [3165, 2795], [3175, 2793], [3177, 2791], [3179, 2787], [3181, 2783], [3183, 2765], [3181, 2747], [3179, 2741], [3177, 2735], [3175, 2729], [3173, 2724], [3171, 2722], [3169, 2720], [3167, 2718], [3165, 2716], [3163, 2714], [3161, 2711], [3159, 2707]]
702;203;NA;0.92822265625;0.7642664123350819;0.8108747005462646;6174;4925;[3072, 2525, 3166, 2633];[3080, 2529, 3164, 2627];[[3077, 2527], [3072, 2538], [3072, 2551], [3099, 2591], [3101, 2619], [3112, 2632], [3125, 2633], [3133, 2630], [3147, 2606], [3147, 2587], [3140, 2577], [3143, 2574], [3162, 2577], [3166, 2572], [3165, 2558], [3153, 2545], [3135, 2535], [3115, 2535], [3103, 2525]];[[3097, 2529], [3080, 2539], [3084, 2550], [3087, 2557], [3091, 2564], [3095, 2575], [3098, 2585], [3102, 2600], [3105, 2614], [3109, 2621], [3126, 2627], [3142, 2603], [3153, 2578], [3164, 2567], [3161, 2558], [3158, 2554], [3154, 2551], [3151, 2547], [3146, 2542], [3142, 2539], [3129, 2536], [3115, 2533]]
703;136;NA;0.93359375;0.8403655454015166;0.8426006436347961;4941;4524;[3168, 2806, 3253, 2892];[3172, 2808, 3259, 2895];[[3173, 2808], [3168, 2816], [3168, 2825], [3178, 2847], [3213, 2887], [3221, 2892], [3230, 2891], [3252, 2869], [3253, 2838], [3245, 2828], [3233, 2823], [3229, 2808], [3213, 2814], [3201, 2813], [3195, 2807], [3189, 2806]];[[3183, 2808], [3172, 2823], [3173, 2839], [3175, 2841], [3178, 2843], [3180, 2845], [3183, 2847], [3187, 2849], [3189, 2851], [3191, 2853], [3193, 2855], [3195, 2857], [3197, 2859], [3199, 2861], [3201, 2863], [3203, 2865], [3206, 2867], [3208, 2877], [3209, 2887], [3211, 2889], [3214, 2891], [3216, 2893], [3223, 2895], [3231, 2893], [3233, 2891], [3235, 2889], [3237, 2887], [3239, 2883], [3241, 2879], [3243, 2877], [3245, 2875], [3247, 2873], [3249, 2871], [3251, 2869], [3253, 2867], [3255, 2863], [3257, 2859], [3259, 2853], [3257, 2847], [3255, 2843], [3253, 2840], [3251, 2838], [3249, 2836], [3247, 2834], [3245, 2831], [3243, 2829], [3237, 2828], [3231, 2826], [3229, 2823], [3227, 2821], [3229, 2819], [3231, 2815], [3223, 2812], [3215, 2814], [3209, 2816], [3203, 2814], [3199, 2812], [3195, 2810]]
704;533;NA;0.91064453125;0.8589540412044374;0.8680499196052551;4249;3962;[3240, 2616, 3325, 2683];[3240, 2612, 3327, 2679];[[3322, 2622], [3314, 2616], [3289, 2616], [3284, 2618], [3262, 2638], [3254, 2639], [3240, 2648], [3243, 2672], [3254, 2682], [3274, 2683], [3288, 2677], [3306, 2675], [3324, 2656], [3325, 2633]];[[3319, 2623], [3317, 2620], [3315, 2618], [3313, 2615], [3311, 2613], [3301, 2612], [3292, 2613], [3290, 2615], [3288, 2617], [3286, 2619], [3284, 2621], [3282, 2623], [3280, 2625], [3278, 2627], [3276, 2629], [3274, 2631], [3272, 2633], [3270, 2635], [3267, 2638], [3257, 2640], [3247, 2638], [3243, 2636], [3240, 2649], [3242, 2663], [3244, 2667], [3245, 2671], [3247, 2673], [3250, 2675], [3252, 2677], [3265, 2679], [3279, 2677], [3287, 2675], [3295, 2673], [3299, 2671], [3303, 2669], [3307, 2667], [3311, 2665], [3315, 2663], [3319, 2661], [3321, 2659], [3323, 2657], [3325, 2655], [3327, 2649], [3325, 2643], [3323, 2635], [3321, 2627]]
705;696;NA;0.8974609375;0.7892561983471075;0.7851343750953674;4742;3918;[3317, 2598, 3393, 2692];[3320, 2600, 3391, 2679];[[3326, 2598], [3318, 2609], [3317, 2623], [3330, 2650], [3331, 2660], [3336, 2666], [3340, 2680], [3355, 2692], [3376, 2692], [3393, 2682], [3389, 2650], [3376, 2633], [3374, 2624], [3365, 2614], [3348, 2605], [3344, 2599]];[[3333, 2600], [3324, 2601], [3322, 2603], [3320, 2615], [3322, 2627], [3324, 2631], [3326, 2635], [3328, 2649], [3329, 2663], [3331, 2665], [3334, 2667], [3336, 2669], [3341, 2671], [3347, 2673], [3353, 2675], [3359, 2677], [3373, 2679], [3387, 2675], [3389, 2671], [3391, 2663], [3389, 2655], [3387, 2649], [3385, 2643], [3383, 2639], [3381, 2636], [3379, 2634], [3377, 2632], [3375, 2630], [3373, 2627], [3371, 2623], [3369, 2620], [3367, 2618], [3365, 2616], [3363, 2614], [3361, 2611], [3359, 2609], [3355, 2608], [3351, 2606], [3347, 2604], [3343, 2602]]
706;992;NA;0.7919921875;0.7488447947811906;0.7017995119094849;3518;2916;[3351, 2701, 3456, 2752];[3356, 2700, 3447, 2743];[[3455, 2708], [3426, 2701], [3417, 2702], [3411, 2706], [3395, 2706], [3386, 2711], [3369, 2711], [3352, 2724], [3351, 2743], [3357, 2750], [3364, 2752], [3390, 2741], [3421, 2740], [3438, 2735], [3456, 2724]];[[3447, 2701], [3431, 2700], [3415, 2702], [3407, 2704], [3399, 2706], [3387, 2708], [3375, 2710], [3369, 2712], [3364, 2713], [3362, 2715], [3359, 2718], [3357, 2720], [3356, 2729], [3359, 2739], [3363, 2741], [3387, 2743], [3411, 2741], [3421, 2739], [3431, 2737], [3437, 2735], [3443, 2733], [3441, 2732], [3439, 2730], [3437, 2727], [3435, 2725], [3437, 2723], [3439, 2721], [3437, 2720], [3435, 2718], [3437, 2715], [3439, 2711], [3441, 2707], [3443, 2705], [3445, 2703]]
707;786;NA;0.88720703125;0.8454384410983171;0.8713375926017761;4252;4082;[3442, 2645, 3514, 2728];[3438, 2651, 3514, 2727];[[3503, 2645], [3491, 2645], [3485, 2647], [3478, 2654], [3461, 2659], [3452, 2666], [3444, 2677], [3442, 2694], [3451, 2727], [3465, 2728], [3482, 2719], [3487, 2713], [3495, 2712], [3506, 2700], [3507, 2682], [3514, 2668], [3514, 2657]];[[3508, 2655], [3487, 2651], [3467, 2653], [3463, 2657], [3458, 2662], [3451, 2665], [3445, 2668], [3442, 2671], [3438, 2686], [3444, 2699], [3451, 2706], [3456, 2714], [3459, 2718], [3456, 2721], [3452, 2725], [3462, 2727], [3473, 2724], [3480, 2720], [3486, 2718], [3489, 2714], [3493, 2711], [3496, 2707], [3501, 2702], [3505, 2699], [3507, 2693], [3511, 2686], [3514, 2671], [3512, 2658]]
708;579;NA;0.90869140625;0.841845546508759;0.8407616019248962;3895;3570;[3032, 2519, 3103, 2611];[3029, 2524, 3099, 2613];[[3064, 2538], [3041, 2519], [3037, 2530], [3032, 2550], [3042, 2579], [3061, 2603], [3069, 2604], [3077, 2611], [3095, 2611], [3103, 2601], [3103, 2591], [3098, 2583], [3098, 2577], [3080, 2548], [3078, 2539], [3072, 2537]];[[3043, 2524], [3034, 2528], [3032, 2533], [3029, 2547], [3033, 2560], [3038, 2563], [3041, 2566], [3044, 2571], [3045, 2575], [3048, 2577], [3051, 2580], [3053, 2585], [3055, 2590], [3058, 2595], [3059, 2599], [3062, 2601], [3067, 2603], [3071, 2606], [3076, 2608], [3081, 2610], [3086, 2613], [3090, 2611], [3092, 2609], [3095, 2606], [3098, 2603], [3099, 2597], [3097, 2590], [3094, 2585], [3092, 2580], [3090, 2573], [3087, 2566], [3085, 2559], [3083, 2552], [3080, 2547], [3078, 2542], [3075, 2537], [3074, 2533], [3071, 2536], [3067, 2538], [3062, 2536], [3059, 2533], [3057, 2531], [3054, 2528], [3052, 2525]]
709;563;NA;0.9091796875;0.8859395532194481;0.871928334236145;3613;3563;[3180, 2626, 3235, 2709];[3177, 2629, 3233, 2708];[[3189, 2626], [3180, 2635], [3180, 2683], [3198, 2707], [3202, 2709], [3219, 2709], [3228, 2700], [3234, 2691], [3235, 2685], [3233, 2678], [3229, 2674], [3228, 2663], [3224, 2653], [3224, 2644], [3211, 2628], [3205, 2626]];[[3195, 2629], [3182, 2633], [3179, 2637], [3177, 2661], [3179, 2685], [3182, 2690], [3183, 2694], [3186, 2696], [3189, 2699], [3191, 2702], [3195, 2703], [3200, 2706], [3210, 2708], [3219, 2706], [3224, 2703], [3228, 2699], [3230, 2695], [3233, 2683], [3230, 2671], [3228, 2661], [3226, 2652], [3223, 2647], [3222, 2643], [3219, 2641], [3217, 2638], [3214, 2636], [3211, 2633], [3209, 2630]]
710;947;NA;0.8447265625;0.8998734863545996;0.8952042460441589;5250;5262;[2973, 2895, 3083, 2967];[2973, 2894, 3078, 2971];[[3083, 2914], [3078, 2909], [3077, 2902], [3064, 2895], [3042, 2895], [3015, 2906], [3005, 2907], [2998, 2912], [2989, 2913], [2978, 2925], [2973, 2939], [2977, 2953], [2989, 2962], [3016, 2967], [3026, 2962], [3038, 2951], [3059, 2942], [3075, 2931]];[[3078, 2911], [3075, 2901], [3072, 2898], [3054, 2894], [3036, 2898], [3022, 2901], [3008, 2905], [3000, 2909], [2993, 2912], [2986, 2916], [2980, 2918], [2977, 2922], [2973, 2936], [2975, 2949], [2979, 2953], [2984, 2957], [2987, 2961], [2993, 2963], [3000, 2967], [3011, 2971], [3021, 2968], [3024, 2965], [3029, 2960], [3036, 2956], [3042, 2954], [3046, 2950], [3049, 2947], [3053, 2943], [3056, 2940], [3060, 2936], [3064, 2932], [3067, 2929], [3072, 2924], [3075, 2920]]
711;854;NA;0.8759765625;0.8189015338941118;0.9355954527854919;3920;3432;[3045, 2906, 3139, 2985];[3048, 2905, 3137, 2985];[[3132, 2911], [3128, 2908], [3108, 2906], [3108, 2922], [3085, 2948], [3045, 2966], [3045, 2976], [3048, 2982], [3053, 2985], [3100, 2985], [3106, 2979], [3114, 2977], [3124, 2962], [3132, 2955], [3132, 2947], [3138, 2941], [3139, 2932], [3134, 2925]];[[3133, 2909], [3124, 2905], [3115, 2907], [3113, 2909], [3110, 2919], [3108, 2928], [3106, 2933], [3103, 2938], [3101, 2940], [3098, 2943], [3095, 2946], [3090, 2948], [3086, 2951], [3074, 2953], [3062, 2955], [3057, 2958], [3053, 2959], [3051, 2962], [3048, 2971], [3052, 2980], [3057, 2982], [3076, 2985], [3095, 2982], [3100, 2980], [3105, 2978], [3110, 2975], [3114, 2974], [3116, 2971], [3118, 2966], [3121, 2962], [3123, 2959], [3125, 2957], [3129, 2954], [3131, 2951], [3133, 2945], [3135, 2938], [3137, 2926], [3135, 2914]]
712;254;NA;0.92626953125;0.8124548736462094;0.783489465713501;5220;4821;[2008, 2694, 2137, 2746];[2014, 2687, 2133, 2749];[[2137, 2707], [2128, 2697], [2109, 2694], [2093, 2697], [2047, 2697], [2011, 2713], [2008, 2717], [2008, 2726], [2018, 2738], [2036, 2744], [2087, 2746], [2113, 2736], [2127, 2727]];[[2133, 2711], [2131, 2701], [2127, 2697], [2117, 2694], [2106, 2690], [2099, 2687], [2092, 2690], [2085, 2694], [2077, 2697], [2060, 2701], [2042, 2705], [2031, 2708], [2021, 2711], [2018, 2714], [2014, 2728], [2020, 2742], [2027, 2745], [2045, 2749], [2063, 2745], [2077, 2742], [2092, 2738], [2102, 2734], [2113, 2731], [2120, 2727], [2126, 2725], [2130, 2721]]
713;501;NA;0.91259765625;0.8247422680412371;0.8561604619026184;3585;2964;[2039, 2738, 2131, 2794];[2043, 2737, 2126, 2792];[[2129, 2744], [2118, 2738], [2094, 2738], [2053, 2750], [2039, 2761], [2039, 2782], [2041, 2785], [2055, 2791], [2070, 2794], [2080, 2792], [2111, 2770], [2126, 2763], [2131, 2754]];[[2126, 2746], [2110, 2737], [2092, 2740], [2081, 2744], [2070, 2748], [2060, 2751], [2050, 2754], [2046, 2757], [2043, 2771], [2049, 2785], [2056, 2788], [2070, 2792], [2083, 2789], [2087, 2786], [2092, 2781], [2099, 2777], [2105, 2775], [2108, 2771], [2112, 2768], [2116, 2764], [2120, 2759], [2124, 2756]]
714;222;NA;0.92724609375;0.7965388213283442;0.7770270109176636;4041;3641;[2091, 2874, 2145, 2969];[2095, 2877, 2150, 2975];[[2091, 2892], [2091, 2916], [2100, 2928], [2100, 2936], [2108, 2945], [2112, 2959], [2123, 2969], [2145, 2968], [2144, 2899], [2126, 2875], [2104, 2874]];[[2118, 2877], [2108, 2879], [2103, 2881], [2099, 2883], [2097, 2885], [2095, 2902], [2096, 2918], [2099, 2920], [2102, 2924], [2104, 2931], [2107, 2938], [2109, 2945], [2111, 2952], [2114, 2957], [2116, 2962], [2119, 2966], [2120, 2970], [2122, 2973], [2130, 2975], [2137, 2973], [2142, 2970], [2146, 2964], [2148, 2957], [2150, 2943], [2146, 2929], [2142, 2927], [2139, 2924], [2137, 2922], [2134, 2919], [2131, 2914], [2134, 2909], [2137, 2906], [2139, 2904], [2141, 2897], [2139, 2891], [2137, 2889], [2134, 2886], [2132, 2884], [2129, 2881], [2126, 2878]]
715;27;NA;0.94873046875;0.8687249587555974;0.8679506778717041;4130;3799;[2044, 2900, 2118, 2994];[2046, 2904, 2121, 2991];[[2049, 2902], [2044, 2915], [2049, 2936], [2055, 2947], [2064, 2956], [2072, 2973], [2089, 2988], [2107, 2994], [2115, 2988], [2118, 2980], [2109, 2939], [2103, 2930], [2085, 2916], [2075, 2903], [2058, 2900]];[[2059, 2904], [2050, 2905], [2048, 2907], [2046, 2919], [2048, 2931], [2050, 2935], [2052, 2939], [2054, 2943], [2055, 2947], [2057, 2949], [2060, 2951], [2062, 2955], [2063, 2959], [2065, 2961], [2068, 2963], [2070, 2967], [2073, 2971], [2077, 2973], [2079, 2975], [2081, 2977], [2084, 2979], [2086, 2981], [2089, 2983], [2093, 2985], [2096, 2987], [2098, 2989], [2105, 2991], [2113, 2989], [2115, 2987], [2117, 2985], [2119, 2983], [2121, 2977], [2119, 2971], [2117, 2967], [2115, 2963], [2113, 2959], [2111, 2956], [2109, 2954], [2107, 2951], [2105, 2945], [2103, 2939], [2101, 2933], [2099, 2928], [2097, 2926], [2095, 2924], [2093, 2922], [2091, 2919], [2089, 2915], [2087, 2912], [2085, 2910], [2077, 2908], [2069, 2906]]
716;342;NA;0.921875;0.8059063532154653;0.8543539047241211;4321;4974;[2223, 2964, 2302, 3041];[2223, 2953, 2303, 3042];[[2227, 2972], [2223, 2982], [2228, 2996], [2249, 3029], [2272, 3040], [2293, 3041], [2301, 3037], [2302, 3023], [2296, 3009], [2295, 2991], [2283, 2976], [2275, 2970], [2264, 2970], [2257, 2964], [2237, 2964]];[[2237, 2958], [2233, 2959], [2231, 2962], [2227, 2965], [2225, 2967], [2223, 2981], [2225, 2994], [2227, 2997], [2231, 3000], [2233, 3005], [2235, 3009], [2238, 3014], [2242, 3018], [2246, 3021], [2250, 3024], [2252, 3026], [2256, 3028], [2261, 3030], [2264, 3033], [2266, 3036], [2273, 3037], [2280, 3040], [2289, 3042], [2298, 3040], [2301, 3038], [2303, 3028], [2301, 3019], [2298, 3014], [2296, 3009], [2293, 3000], [2291, 2990], [2289, 2978], [2286, 2966], [2284, 2962], [2282, 2958], [2280, 2955], [2273, 2953], [2266, 2955], [2263, 2958], [2261, 2955], [2251, 2953], [2242, 2955]]
717;700;NA;0.8974609375;0.8528925619834711;0.9069182276725769;3554;3172;[1987, 2951, 2093, 3011];[1990, 2953, 2093, 3009];[[1987, 2963], [1994, 2979], [2000, 2984], [2009, 2988], [2077, 3011], [2092, 3004], [2093, 2991], [2090, 2986], [2057, 2970], [2031, 2952], [2014, 2951], [1996, 2956]];[[1992, 2966], [1990, 2971], [1991, 2975], [1994, 2978], [1997, 2981], [1999, 2983], [2003, 2985], [2008, 2987], [2018, 2990], [2026, 2988], [2029, 2986], [2032, 2987], [2037, 2990], [2041, 2992], [2044, 2994], [2046, 2997], [2049, 2999], [2051, 3001], [2054, 3005], [2057, 3007], [2070, 3009], [2084, 3007], [2086, 3005], [2089, 3001], [2091, 2999], [2093, 2997], [2091, 2995], [2088, 2990], [2087, 2986], [2084, 2984], [2081, 2981], [2079, 2978], [2075, 2977], [2070, 2974], [2063, 2972], [2056, 2970], [2053, 2966], [2050, 2964], [2046, 2963], [2041, 2960], [2038, 2957], [2036, 2955], [2022, 2953], [2008, 2955], [2001, 2958], [1995, 2962]]
718;224;NA;0.92724609375;0.9027144838517931;0.9410150647163391;4808;4795;[2434, 2779, 2497, 2879];[2433, 2781, 2498, 2880];[[2440, 2781], [2435, 2796], [2450, 2842], [2434, 2856], [2434, 2860], [2441, 2863], [2454, 2863], [2459, 2874], [2465, 2879], [2480, 2879], [2488, 2870], [2495, 2854], [2497, 2823], [2494, 2811], [2480, 2783], [2470, 2779]];[[2459, 2781], [2438, 2783], [2436, 2785], [2433, 2792], [2436, 2800], [2438, 2804], [2440, 2808], [2442, 2811], [2445, 2814], [2448, 2823], [2445, 2833], [2443, 2840], [2438, 2847], [2433, 2857], [2442, 2866], [2452, 2868], [2456, 2870], [2461, 2873], [2466, 2875], [2471, 2877], [2475, 2880], [2479, 2878], [2482, 2876], [2485, 2873], [2487, 2870], [2489, 2866], [2491, 2862], [2494, 2850], [2496, 2838], [2498, 2828], [2496, 2819], [2494, 2814], [2491, 2809], [2489, 2802], [2486, 2795], [2484, 2790], [2483, 2786], [2480, 2784]]
719;368;NA;0.92041015625;0.8464874241110147;0.8604452013969421;3433;2954;[2037, 2535, 2117, 2608];[2041, 2536, 2116, 2603];[[2115, 2538], [2111, 2535], [2094, 2536], [2088, 2542], [2079, 2544], [2067, 2554], [2057, 2553], [2050, 2568], [2042, 2575], [2037, 2588], [2040, 2606], [2053, 2608], [2061, 2602], [2076, 2601], [2114, 2562], [2117, 2549]];[[2116, 2547], [2106, 2536], [2096, 2538], [2092, 2540], [2089, 2541], [2087, 2543], [2084, 2546], [2080, 2548], [2076, 2550], [2066, 2552], [2057, 2555], [2055, 2559], [2053, 2565], [2051, 2571], [2049, 2573], [2047, 2575], [2044, 2578], [2042, 2580], [2041, 2587], [2042, 2595], [2044, 2597], [2047, 2599], [2049, 2601], [2058, 2603], [2068, 2601], [2074, 2599], [2080, 2597], [2084, 2595], [2088, 2591], [2090, 2587], [2092, 2583], [2094, 2579], [2096, 2577], [2098, 2575], [2100, 2573], [2102, 2571], [2104, 2569], [2106, 2567], [2108, 2565], [2110, 2563], [2112, 2561], [2114, 2559]]
720;813;NA;0.88330078125;0.8452485508519234;0.9109757542610168;5560;4945;[1983, 2857, 2057, 2960];[1982, 2860, 2057, 2955];[[2051, 2858], [2035, 2857], [2029, 2864], [2012, 2865], [2002, 2872], [1992, 2873], [1990, 2888], [1992, 2895], [1998, 2901], [1998, 2908], [1985, 2925], [1983, 2941], [1985, 2952], [1994, 2960], [2012, 2959], [2031, 2951], [2039, 2942], [2047, 2923], [2048, 2910], [2055, 2902], [2057, 2876]];[[2049, 2862], [2037, 2860], [2025, 2862], [2017, 2864], [2009, 2862], [2007, 2860], [2006, 2861], [2004, 2863], [2001, 2866], [1999, 2868], [1998, 2871], [1996, 2875], [1994, 2879], [1992, 2883], [1990, 2887], [1992, 2891], [1994, 2895], [1996, 2899], [1998, 2907], [1996, 2915], [1994, 2919], [1992, 2923], [1990, 2927], [1988, 2931], [1986, 2935], [1984, 2939], [1982, 2947], [1995, 2955], [2009, 2953], [2015, 2951], [2021, 2949], [2025, 2947], [2029, 2945], [2031, 2943], [2033, 2941], [2035, 2939], [2037, 2937], [2039, 2935], [2041, 2931], [2043, 2927], [2045, 2917], [2047, 2907], [2049, 2901], [2051, 2895], [2053, 2891], [2055, 2887], [2057, 2881], [2055, 2875], [2053, 2869], [2051, 2864]]
721;803;NA;0.884765625;0.7607338755437867;0.8711851835250854;5238;4071;[1923, 2581, 2032, 2679];[1923, 2581, 2022, 2675];[[1923, 2612], [1923, 2624], [1933, 2634], [1959, 2645], [1985, 2670], [1997, 2672], [2009, 2679], [2023, 2667], [2032, 2639], [2029, 2636], [2009, 2634], [1995, 2624], [1993, 2593], [1989, 2586], [1981, 2581], [1975, 2581], [1948, 2605]];[[1979, 2581], [1971, 2585], [1968, 2590], [1965, 2593], [1958, 2595], [1952, 2599], [1954, 2604], [1956, 2610], [1948, 2614], [1941, 2612], [1937, 2610], [1933, 2611], [1930, 2614], [1927, 2617], [1925, 2619], [1923, 2623], [1925, 2627], [1927, 2630], [1930, 2633], [1933, 2635], [1944, 2637], [1956, 2639], [1960, 2641], [1965, 2644], [1968, 2646], [1970, 2649], [1972, 2651], [1975, 2653], [1977, 2656], [1979, 2658], [1982, 2661], [1984, 2663], [1987, 2666], [1990, 2668], [1994, 2670], [1999, 2672], [2001, 2675], [2003, 2672], [2008, 2670], [2012, 2668], [2014, 2666], [2018, 2663], [2020, 2661], [2022, 2659], [2019, 2657], [2017, 2652], [2019, 2647], [2022, 2642], [2020, 2638], [2018, 2636], [2013, 2633], [2008, 2631], [2001, 2629], [1994, 2626], [1991, 2624], [1989, 2622], [1986, 2618], [1983, 2609], [1986, 2599], [1988, 2590]]
722;911;NA;0.85693359375;0.8058176100628931;0.8459529876708984;3728;3163;[2367, 2784, 2451, 2848];[2365, 2788, 2448, 2851];[[2367, 2802], [2367, 2816], [2374, 2822], [2391, 2830], [2404, 2848], [2411, 2847], [2421, 2837], [2442, 2836], [2451, 2830], [2451, 2812], [2433, 2791], [2395, 2784], [2377, 2790]];[[2366, 2804], [2365, 2809], [2366, 2815], [2368, 2817], [2372, 2819], [2376, 2821], [2382, 2823], [2388, 2829], [2394, 2835], [2400, 2837], [2402, 2839], [2404, 2841], [2406, 2843], [2408, 2845], [2411, 2847], [2413, 2849], [2414, 2851], [2416, 2849], [2418, 2847], [2420, 2841], [2430, 2835], [2440, 2833], [2442, 2831], [2444, 2829], [2446, 2827], [2448, 2823], [2446, 2820], [2444, 2818], [2442, 2815], [2440, 2811], [2438, 2808], [2436, 2806], [2434, 2803], [2432, 2799], [2428, 2796], [2424, 2794], [2420, 2792], [2416, 2790], [2400, 2788], [2384, 2790], [2380, 2792], [2377, 2793], [2375, 2795], [2373, 2797], [2371, 2799], [2368, 2802]]
723;592;NA;0.908203125;0.801277501774308;0.8528265357017517;4212;3402;[2057, 2429, 2133, 2510];[2061, 2433, 2131, 2508];[[2123, 2430], [2108, 2429], [2081, 2456], [2073, 2461], [2057, 2490], [2057, 2502], [2060, 2505], [2079, 2510], [2097, 2509], [2109, 2504], [2119, 2494], [2133, 2469], [2132, 2439]];[[2126, 2437], [2113, 2433], [2099, 2435], [2097, 2437], [2095, 2442], [2092, 2447], [2090, 2452], [2088, 2456], [2085, 2459], [2083, 2461], [2080, 2463], [2078, 2466], [2076, 2468], [2073, 2471], [2071, 2473], [2068, 2475], [2065, 2479], [2063, 2481], [2061, 2492], [2065, 2503], [2070, 2506], [2072, 2508], [2075, 2506], [2091, 2503], [2107, 2502], [2110, 2499], [2113, 2496], [2115, 2494], [2117, 2490], [2119, 2485], [2122, 2482], [2125, 2479], [2126, 2475], [2129, 2471], [2131, 2456], [2129, 2442]]
724;105;NA;0.9365234375;0.8216531895777179;0.8010963201522827;4364;3746;[2403, 2703, 2499, 2777];[2404, 2697, 2497, 2769];[[2497, 2709], [2488, 2704], [2477, 2703], [2437, 2716], [2432, 2728], [2403, 2754], [2403, 2770], [2421, 2776], [2433, 2777], [2449, 2771], [2464, 2759], [2482, 2751], [2498, 2729], [2499, 2714]];[[2497, 2717], [2488, 2697], [2477, 2702], [2466, 2708], [2455, 2713], [2445, 2718], [2436, 2722], [2430, 2727], [2425, 2733], [2420, 2738], [2413, 2745], [2407, 2751], [2404, 2760], [2429, 2769], [2455, 2763], [2466, 2758], [2475, 2754], [2480, 2749], [2488, 2742], [2493, 2736]]
725;486;NA;0.9130859375;0.8896327121404016;0.9218572974205017;5017;5427;[2373, 2868, 2475, 2942];[2376, 2867, 2479, 2942];[[2373, 2906], [2373, 2915], [2378, 2923], [2397, 2930], [2419, 2932], [2427, 2942], [2433, 2941], [2435, 2934], [2440, 2931], [2453, 2930], [2472, 2922], [2475, 2915], [2474, 2907], [2466, 2900], [2465, 2887], [2455, 2874], [2442, 2873], [2431, 2878], [2416, 2879], [2409, 2868], [2402, 2869], [2391, 2886], [2378, 2895]];[[2378, 2896], [2376, 2909], [2378, 2923], [2380, 2925], [2390, 2928], [2399, 2930], [2411, 2932], [2423, 2935], [2426, 2938], [2428, 2940], [2432, 2942], [2436, 2940], [2439, 2938], [2442, 2935], [2449, 2932], [2456, 2930], [2466, 2928], [2475, 2926], [2477, 2924], [2479, 2914], [2478, 2905], [2475, 2903], [2473, 2901], [2471, 2898], [2467, 2895], [2465, 2888], [2463, 2881], [2461, 2879], [2458, 2876], [2455, 2874], [2447, 2872], [2437, 2874], [2430, 2877], [2423, 2872], [2413, 2867], [2405, 2869], [2402, 2871], [2400, 2874], [2397, 2876], [2395, 2878], [2393, 2881], [2390, 2883], [2388, 2885], [2386, 2888], [2383, 2890], [2380, 2893]]
726;859;NA;0.875;0.8385228095582911;0.9064245820045471;4062;3555;[2277, 2913, 2339, 3003];[2276, 2915, 2336, 3004];[[2306, 2913], [2295, 2924], [2280, 2933], [2277, 2938], [2277, 2951], [2283, 2967], [2294, 2984], [2311, 2998], [2325, 3003], [2333, 2999], [2337, 2994], [2339, 2976], [2338, 2945], [2332, 2930], [2319, 2919]];[[2304, 2915], [2295, 2919], [2293, 2924], [2289, 2927], [2282, 2929], [2276, 2938], [2278, 2947], [2281, 2952], [2283, 2957], [2285, 2962], [2288, 2966], [2290, 2971], [2292, 2975], [2294, 2978], [2297, 2980], [2299, 2982], [2301, 2985], [2304, 2987], [2306, 2990], [2308, 2992], [2311, 2994], [2313, 2997], [2316, 3000], [2319, 3002], [2325, 3004], [2332, 3002], [2334, 3000], [2336, 2978], [2334, 2957], [2332, 2947], [2329, 2938], [2327, 2933], [2325, 2929], [2323, 2927], [2320, 2924], [2318, 2922], [2315, 2919], [2312, 2916]]
727;1003;NA;0.73583984375;0.8475240470252939;0.8041236996650696;2539;2647;[2146, 2563, 2224, 2607];[2137, 2568, 2224, 2607];[[2224, 2583], [2223, 2577], [2216, 2568], [2203, 2563], [2176, 2570], [2161, 2569], [2155, 2571], [2146, 2578], [2147, 2587], [2162, 2602], [2173, 2607], [2187, 2607], [2194, 2603], [2203, 2602], [2217, 2596]];[[2144, 2576], [2137, 2581], [2141, 2587], [2145, 2593], [2146, 2599], [2148, 2601], [2158, 2603], [2168, 2605], [2180, 2607], [2192, 2605], [2198, 2603], [2204, 2601], [2210, 2599], [2216, 2597], [2218, 2595], [2220, 2593], [2222, 2591], [2224, 2583], [2222, 2576], [2220, 2574], [2218, 2571], [2216, 2569], [2194, 2568], [2172, 2570], [2162, 2572], [2152, 2574]]
728;149;NA;0.9326171875;0.790406050955414;0.8730158805847168;4925;4070;[2005, 2635, 2110, 2716];[2009, 2636, 2108, 2711];[[2103, 2639], [2096, 2635], [2088, 2635], [2077, 2642], [2055, 2643], [2024, 2669], [2016, 2679], [2014, 2687], [2006, 2694], [2005, 2705], [2009, 2714], [2023, 2716], [2030, 2711], [2048, 2709], [2066, 2700], [2082, 2686], [2093, 2688], [2099, 2681], [2097, 2672], [2110, 2657]];[[2108, 2653], [2106, 2644], [2104, 2642], [2102, 2639], [2100, 2637], [2084, 2636], [2068, 2638], [2064, 2640], [2060, 2642], [2056, 2644], [2053, 2645], [2051, 2647], [2049, 2649], [2047, 2651], [2045, 2653], [2043, 2655], [2041, 2657], [2039, 2659], [2037, 2661], [2035, 2663], [2033, 2665], [2031, 2667], [2028, 2670], [2026, 2672], [2025, 2675], [2023, 2679], [2021, 2681], [2019, 2683], [2016, 2686], [2014, 2688], [2013, 2691], [2011, 2695], [2009, 2703], [2010, 2711], [2012, 2709], [2018, 2707], [2024, 2705], [2028, 2703], [2032, 2701], [2046, 2699], [2060, 2697], [2066, 2695], [2072, 2693], [2076, 2691], [2080, 2689], [2082, 2687], [2084, 2683], [2088, 2679], [2092, 2675], [2094, 2671], [2096, 2669], [2100, 2667], [2104, 2665], [2106, 2663]]
729;208;NA;0.927734375;0.8370385478278605;0.8657367825508118;4686;4321;[2095, 2803, 2185, 2890];[2090, 2804, 2181, 2887];[[2103, 2816], [2096, 2825], [2095, 2844], [2135, 2883], [2148, 2890], [2160, 2890], [2177, 2884], [2185, 2875], [2185, 2860], [2173, 2841], [2171, 2829], [2167, 2828], [2157, 2833], [2153, 2828], [2154, 2809], [2151, 2803], [2140, 2815], [2140, 2826], [2143, 2830], [2138, 2834], [2118, 2816]];[[2107, 2812], [2106, 2813], [2104, 2815], [2102, 2817], [2100, 2819], [2097, 2822], [2095, 2824], [2094, 2827], [2092, 2831], [2090, 2839], [2095, 2847], [2101, 2849], [2105, 2851], [2109, 2853], [2111, 2855], [2113, 2857], [2115, 2859], [2117, 2861], [2120, 2863], [2122, 2867], [2123, 2871], [2125, 2873], [2128, 2875], [2130, 2877], [2133, 2879], [2137, 2881], [2141, 2883], [2145, 2885], [2153, 2887], [2161, 2885], [2165, 2883], [2169, 2881], [2173, 2879], [2177, 2877], [2179, 2875], [2181, 2867], [2179, 2859], [2177, 2855], [2175, 2851], [2173, 2845], [2171, 2839], [2169, 2835], [2165, 2832], [2162, 2833], [2160, 2835], [2157, 2834], [2155, 2831], [2153, 2821], [2155, 2811], [2157, 2807], [2151, 2804], [2146, 2805], [2144, 2807], [2142, 2813], [2140, 2819], [2137, 2824], [2131, 2828], [2125, 2826], [2123, 2824], [2121, 2822], [2119, 2819], [2117, 2817], [2113, 2816], [2109, 2814]]
730;448;NA;0.916015625;0.8208804523424879;0.8544027805328369;4945;4072;[2130, 2489, 2204, 2582];[2133, 2495, 2203, 2579];[[2202, 2494], [2194, 2489], [2185, 2489], [2171, 2497], [2155, 2495], [2146, 2502], [2142, 2511], [2145, 2537], [2137, 2544], [2130, 2556], [2131, 2571], [2141, 2582], [2164, 2582], [2190, 2562], [2197, 2541], [2198, 2528], [2204, 2516]];[[2198, 2499], [2187, 2495], [2175, 2498], [2170, 2500], [2165, 2498], [2158, 2495], [2152, 2497], [2150, 2499], [2146, 2502], [2144, 2505], [2142, 2516], [2145, 2528], [2147, 2535], [2145, 2542], [2142, 2545], [2137, 2548], [2133, 2561], [2134, 2575], [2137, 2577], [2142, 2579], [2146, 2577], [2151, 2575], [2156, 2572], [2163, 2570], [2170, 2568], [2177, 2565], [2184, 2564], [2186, 2561], [2188, 2556], [2191, 2552], [2193, 2544], [2196, 2537], [2198, 2525], [2200, 2513], [2203, 2509], [2200, 2504]]
731;435;NA;0.91650390625;0.7665441176470589;0.7913522124290466;4816;4794;[2262, 2762, 2359, 2844];[2257, 2753, 2365, 2842];[[2263, 2765], [2262, 2799], [2273, 2817], [2285, 2829], [2309, 2837], [2327, 2839], [2338, 2844], [2346, 2843], [2358, 2835], [2359, 2827], [2352, 2810], [2336, 2795], [2313, 2786], [2305, 2775], [2288, 2773], [2276, 2762], [2267, 2762]];[[2269, 2761], [2266, 2766], [2264, 2771], [2261, 2774], [2258, 2777], [2257, 2790], [2258, 2804], [2261, 2806], [2263, 2808], [2266, 2811], [2269, 2814], [2271, 2816], [2275, 2818], [2280, 2820], [2285, 2823], [2289, 2825], [2294, 2827], [2299, 2830], [2306, 2832], [2313, 2835], [2320, 2837], [2328, 2839], [2344, 2842], [2360, 2840], [2362, 2838], [2365, 2835], [2362, 2833], [2360, 2828], [2359, 2824], [2356, 2822], [2353, 2819], [2351, 2814], [2349, 2810], [2347, 2808], [2342, 2805], [2337, 2803], [2334, 2800], [2332, 2797], [2320, 2796], [2308, 2793], [2303, 2790], [2298, 2778], [2301, 2766], [2304, 2763], [2306, 2761], [2308, 2757], [2301, 2753], [2295, 2754], [2293, 2757], [2289, 2762], [2287, 2767], [2285, 2765], [2280, 2762], [2275, 2760], [2273, 2757], [2271, 2759]]
732;745;NA;0.89306640625;0.7890334572490706;0.8459069132804871;3948;3752;[2160, 2927, 2245, 2989];[2157, 2920, 2246, 2990];[[2242, 2932], [2236, 2932], [2229, 2928], [2194, 2927], [2180, 2934], [2169, 2943], [2160, 2946], [2160, 2955], [2166, 2964], [2166, 2971], [2171, 2975], [2175, 2984], [2185, 2989], [2205, 2989], [2215, 2979], [2237, 2965], [2245, 2949], [2245, 2935]];[[2246, 2938], [2242, 2929], [2237, 2927], [2234, 2924], [2231, 2921], [2218, 2920], [2204, 2922], [2199, 2924], [2194, 2927], [2189, 2929], [2185, 2931], [2183, 2933], [2181, 2935], [2178, 2938], [2175, 2941], [2165, 2943], [2157, 2950], [2158, 2956], [2161, 2959], [2164, 2962], [2166, 2969], [2168, 2975], [2170, 2978], [2173, 2980], [2175, 2982], [2178, 2986], [2181, 2988], [2184, 2990], [2189, 2987], [2194, 2985], [2199, 2982], [2204, 2980], [2208, 2978], [2210, 2976], [2213, 2973], [2215, 2970], [2218, 2966], [2223, 2961], [2227, 2959], [2229, 2957], [2232, 2954], [2237, 2951], [2241, 2950], [2243, 2947]]
733;399;NA;0.9189453125;0.8471363001396927;0.9176788330078125;4289;4967;[2292, 2654, 2364, 2741];[2289, 2652, 2364, 2739];[[2317, 2654], [2292, 2675], [2292, 2685], [2302, 2680], [2307, 2681], [2303, 2689], [2294, 2694], [2299, 2701], [2299, 2717], [2307, 2722], [2318, 2711], [2324, 2728], [2334, 2737], [2348, 2741], [2355, 2739], [2364, 2729], [2364, 2719], [2359, 2708], [2359, 2688], [2352, 2670], [2342, 2660]];[[2324, 2652], [2313, 2653], [2311, 2655], [2309, 2657], [2307, 2659], [2305, 2661], [2303, 2663], [2301, 2665], [2299, 2667], [2297, 2669], [2295, 2671], [2292, 2674], [2290, 2676], [2289, 2681], [2290, 2687], [2292, 2685], [2299, 2683], [2304, 2686], [2300, 2688], [2296, 2690], [2292, 2692], [2289, 2697], [2293, 2703], [2297, 2711], [2295, 2719], [2293, 2723], [2298, 2727], [2304, 2725], [2306, 2723], [2308, 2721], [2312, 2719], [2316, 2721], [2319, 2723], [2321, 2727], [2322, 2731], [2324, 2733], [2327, 2735], [2329, 2737], [2344, 2739], [2360, 2735], [2362, 2731], [2364, 2719], [2362, 2707], [2360, 2693], [2358, 2679], [2356, 2673], [2354, 2668], [2352, 2666], [2350, 2664], [2348, 2662], [2346, 2659], [2344, 2657], [2340, 2656], [2336, 2654]]
734;750;NA;0.892578125;0.7812642110050023;0.8827192783355713;4248;3586;[2023, 2794, 2110, 2859];[2021, 2796, 2104, 2859];[[2023, 2851], [2032, 2858], [2050, 2859], [2099, 2841], [2106, 2834], [2110, 2821], [2105, 2807], [2096, 2800], [2084, 2796], [2074, 2795], [2070, 2798], [2058, 2798], [2050, 2794], [2036, 2795], [2032, 2803], [2039, 2816], [2023, 2837]];[[2025, 2843], [2026, 2851], [2028, 2853], [2032, 2855], [2036, 2857], [2040, 2859], [2044, 2857], [2050, 2855], [2056, 2853], [2062, 2851], [2068, 2849], [2074, 2847], [2080, 2845], [2082, 2843], [2084, 2841], [2086, 2839], [2088, 2837], [2090, 2835], [2092, 2833], [2094, 2831], [2096, 2827], [2098, 2823], [2100, 2821], [2102, 2819], [2104, 2813], [2102, 2808], [2100, 2806], [2098, 2804], [2096, 2802], [2094, 2799], [2092, 2797], [2080, 2796], [2068, 2800], [2064, 2804], [2060, 2802], [2050, 2800], [2040, 2798], [2032, 2796], [2025, 2797], [2023, 2799], [2021, 2803], [2029, 2807], [2037, 2815], [2035, 2823], [2033, 2827], [2031, 2831], [2028, 2834], [2026, 2836]]
735;877;NA;0.86962890625;0.8125668449197861;0.8499096035957336;3583;3196;[2303, 2757, 2396, 2809];[2300, 2757, 2393, 2804];[[2303, 2778], [2304, 2790], [2323, 2797], [2345, 2796], [2359, 2809], [2373, 2809], [2386, 2804], [2394, 2796], [2396, 2789], [2395, 2779], [2386, 2768], [2362, 2762], [2355, 2757], [2320, 2758], [2306, 2769]];[[2302, 2766], [2300, 2778], [2306, 2789], [2313, 2792], [2325, 2794], [2337, 2796], [2340, 2800], [2343, 2802], [2359, 2804], [2374, 2802], [2377, 2800], [2379, 2797], [2382, 2795], [2384, 2792], [2386, 2790], [2390, 2787], [2392, 2784], [2393, 2781], [2392, 2777], [2390, 2774], [2385, 2772], [2380, 2769], [2375, 2767], [2370, 2765], [2363, 2762], [2356, 2760], [2337, 2757], [2318, 2760], [2311, 2762], [2304, 2764]]
736;698;NA;0.8974609375;0.8244744488121689;0.7858691811561584;5125;5550;[692, 2723, 779, 2811];[683, 2719, 777, 2804];[[769, 2731], [757, 2730], [743, 2723], [705, 2723], [692, 2731], [693, 2757], [705, 2772], [701, 2802], [707, 2810], [714, 2811], [726, 2805], [762, 2768], [770, 2765], [779, 2747], [777, 2740]];[[767, 2730], [759, 2729], [749, 2726], [744, 2724], [740, 2722], [725, 2719], [712, 2721], [709, 2723], [706, 2726], [702, 2729], [698, 2730], [695, 2733], [693, 2735], [690, 2738], [687, 2741], [685, 2743], [683, 2759], [685, 2775], [687, 2777], [690, 2780], [692, 2782], [694, 2784], [697, 2787], [700, 2790], [702, 2795], [704, 2799], [706, 2801], [716, 2804], [725, 2801], [730, 2799], [734, 2797], [736, 2795], [739, 2792], [741, 2790], [744, 2788], [746, 2785], [749, 2782], [752, 2780], [753, 2776], [758, 2771], [763, 2769], [765, 2766], [767, 2764], [770, 2761], [773, 2758], [775, 2756], [777, 2747], [775, 2738], [773, 2736], [770, 2733]]
737;620;NA;0.90576171875;0.7700571824640443;0.7521035671234131;5579;4636;[606, 2611, 696, 2714];[612, 2615, 695, 2699];[[609, 2623], [606, 2626], [606, 2639], [614, 2654], [667, 2709], [681, 2714], [687, 2713], [696, 2697], [696, 2683], [690, 2672], [691, 2651], [686, 2643], [675, 2639], [666, 2629], [663, 2616], [653, 2611], [641, 2611], [626, 2622]];[[639, 2615], [619, 2618], [615, 2621], [612, 2639], [614, 2656], [618, 2659], [621, 2663], [625, 2666], [629, 2670], [632, 2674], [637, 2678], [641, 2686], [643, 2692], [646, 2695], [650, 2699], [654, 2695], [672, 2692], [689, 2695], [693, 2699], [695, 2693], [692, 2686], [688, 2671], [685, 2657], [681, 2650], [679, 2644], [675, 2640], [670, 2635], [667, 2628], [664, 2622], [661, 2619]]
738;444;NA;0.916015625;0.8418091809180918;0.9076899290084839;4161;4024;[284, 2640, 346, 2735];[284, 2636, 347, 2739];[[343, 2640], [317, 2641], [305, 2654], [300, 2655], [290, 2664], [286, 2679], [293, 2694], [284, 2723], [289, 2735], [301, 2734], [339, 2699], [341, 2691], [346, 2685], [346, 2643]];[[343, 2638], [335, 2636], [328, 2637], [326, 2639], [323, 2642], [321, 2644], [320, 2647], [318, 2651], [316, 2653], [314, 2655], [312, 2657], [310, 2659], [308, 2661], [306, 2663], [304, 2665], [302, 2667], [300, 2669], [298, 2671], [296, 2673], [294, 2675], [291, 2678], [289, 2680], [288, 2687], [290, 2695], [292, 2699], [290, 2703], [288, 2707], [286, 2711], [284, 2723], [285, 2735], [287, 2737], [291, 2739], [295, 2737], [299, 2735], [303, 2733], [305, 2731], [307, 2729], [309, 2727], [311, 2725], [313, 2723], [315, 2721], [319, 2719], [323, 2717], [325, 2715], [327, 2713], [329, 2711], [331, 2709], [333, 2707], [335, 2705], [337, 2703], [339, 2701], [341, 2699], [343, 2693], [345, 2687], [347, 2663], [345, 2640]]
739;829;NA;0.8818359375;0.8282341604432667;0.862533688545227;4020;3569;[400, 2775, 474, 2862];[402, 2781, 477, 2861];[[409, 2788], [401, 2795], [400, 2799], [401, 2816], [409, 2830], [439, 2855], [447, 2857], [452, 2862], [465, 2861], [474, 2848], [474, 2834], [463, 2820], [449, 2780], [440, 2775], [428, 2789]];[[415, 2791], [407, 2792], [404, 2795], [402, 2804], [404, 2814], [407, 2819], [408, 2823], [411, 2825], [413, 2827], [415, 2830], [418, 2832], [420, 2835], [423, 2838], [426, 2840], [430, 2842], [435, 2844], [437, 2846], [439, 2849], [442, 2851], [444, 2854], [447, 2857], [450, 2859], [456, 2861], [462, 2859], [465, 2857], [468, 2854], [470, 2851], [472, 2845], [474, 2838], [477, 2828], [470, 2819], [463, 2817], [458, 2814], [453, 2802], [450, 2790], [448, 2785], [439, 2781], [431, 2783], [428, 2785], [425, 2788]]
740;760;NA;0.89111328125;0.8382074479276247;0.8539122343063354;4094;4643;[726, 2932, 822, 2991];[724, 2924, 823, 2991];[[821, 2937], [812, 2932], [755, 2933], [745, 2937], [734, 2945], [733, 2953], [726, 2963], [727, 2982], [736, 2987], [755, 2987], [765, 2991], [771, 2990], [822, 2948]];[[819, 2935], [817, 2932], [815, 2930], [813, 2927], [811, 2925], [795, 2924], [779, 2926], [771, 2928], [763, 2930], [753, 2932], [744, 2933], [742, 2935], [740, 2939], [738, 2943], [735, 2946], [733, 2948], [732, 2951], [730, 2955], [727, 2958], [725, 2960], [724, 2971], [725, 2983], [727, 2985], [731, 2987], [735, 2989], [741, 2991], [747, 2989], [761, 2987], [775, 2985], [777, 2983], [779, 2981], [783, 2979], [787, 2977], [793, 2975], [799, 2973], [803, 2971], [807, 2965], [809, 2959], [811, 2957], [813, 2955], [815, 2953], [817, 2951], [819, 2947], [821, 2943], [823, 2941], [821, 2939]]
741;326;NA;0.92236328125;0.8981851179673321;0.8628346920013428;5255;5204;[225, 2951, 313, 3032];[228, 2952, 319, 3035];[[228, 2954], [225, 2963], [229, 2982], [235, 2987], [236, 2995], [249, 3011], [250, 3017], [264, 3031], [308, 3032], [313, 3029], [313, 3011], [308, 3000], [310, 2977], [305, 2965], [272, 2964], [254, 2952], [231, 2951]];[[230, 2955], [228, 2969], [229, 2983], [231, 2985], [234, 2987], [236, 2991], [238, 2995], [240, 2999], [241, 3003], [243, 3005], [246, 3007], [248, 3011], [249, 3015], [251, 3017], [253, 3019], [255, 3021], [257, 3023], [259, 3025], [261, 3027], [263, 3029], [266, 3031], [268, 3033], [287, 3035], [307, 3033], [311, 3031], [315, 3029], [317, 3027], [319, 3019], [317, 3011], [315, 3007], [313, 3004], [311, 3002], [309, 2999], [307, 2993], [309, 2987], [311, 2981], [309, 2976], [307, 2974], [303, 2972], [299, 2970], [289, 2968], [279, 2966], [271, 2964], [263, 2962], [261, 2959], [259, 2957], [255, 2956], [251, 2954], [241, 2952], [232, 2953]]
742;741;NA;0.89306640625;0.8972868217054264;0.9277108311653137;3911;3921;[84, 2470, 151, 2547];[84, 2468, 151, 2551];[[150, 2476], [143, 2471], [136, 2470], [130, 2474], [101, 2471], [93, 2473], [89, 2477], [87, 2486], [90, 2511], [84, 2526], [84, 2538], [91, 2546], [112, 2545], [122, 2547], [127, 2545], [127, 2541], [123, 2537], [123, 2530], [145, 2506], [151, 2494]];[[151, 2481], [141, 2468], [131, 2470], [127, 2472], [123, 2474], [107, 2476], [91, 2478], [87, 2480], [84, 2485], [86, 2491], [88, 2501], [86, 2511], [84, 2527], [87, 2543], [91, 2545], [105, 2547], [119, 2549], [123, 2551], [127, 2547], [125, 2543], [123, 2537], [125, 2531], [127, 2527], [129, 2523], [131, 2521], [133, 2519], [135, 2517], [137, 2515], [139, 2513], [141, 2511], [143, 2507], [145, 2503], [147, 2499], [149, 2495]]
743;656;NA;0.90185546875;0.8689773844641101;0.8053415417671204;3820;3783;[562, 2484, 616, 2582];[559, 2481, 610, 2584];[[588, 2484], [583, 2487], [581, 2495], [575, 2503], [575, 2514], [568, 2527], [568, 2542], [562, 2552], [562, 2561], [571, 2572], [579, 2575], [585, 2582], [600, 2582], [604, 2579], [605, 2567], [611, 2553], [612, 2529], [616, 2512], [604, 2486], [601, 2484]];[[592, 2481], [583, 2485], [581, 2490], [578, 2493], [575, 2495], [574, 2506], [571, 2518], [569, 2528], [566, 2537], [564, 2542], [562, 2547], [559, 2556], [563, 2565], [568, 2568], [570, 2570], [573, 2572], [576, 2575], [578, 2578], [582, 2579], [587, 2582], [594, 2584], [601, 2583], [603, 2580], [605, 2568], [608, 2556], [610, 2549], [608, 2542], [605, 2530], [608, 2518], [610, 2504], [609, 2490], [606, 2488], [603, 2485], [601, 2483]]
744;889;NA;0.8671875;0.922739244951712;0.9398398399353027;4363;4397;[588, 2917, 646, 3004];[588, 2916, 647, 3007];[[599, 2919], [588, 2957], [593, 3001], [598, 3004], [630, 3003], [638, 2996], [642, 2988], [644, 2949], [639, 2942], [639, 2937], [646, 2931], [646, 2921], [616, 2917]];[[617, 2916], [604, 2917], [602, 2919], [600, 2923], [598, 2927], [596, 2933], [594, 2939], [592, 2945], [590, 2951], [588, 2973], [589, 2995], [591, 2997], [593, 2999], [595, 3001], [598, 3003], [600, 3005], [601, 3007], [603, 3005], [607, 3003], [611, 3001], [615, 2999], [619, 3001], [629, 3003], [639, 3001], [641, 2999], [643, 2975], [641, 2951], [639, 2943], [641, 2935], [643, 2933], [645, 2931], [647, 2923], [645, 2916], [643, 2918], [637, 2920], [631, 2918]]
745;357;NA;0.9208984375;0.8956759363446392;0.8955420851707458;5823;5970;[775, 2663, 888, 2735];[775, 2656, 890, 2735];[[888, 2706], [861, 2683], [851, 2663], [844, 2664], [834, 2677], [787, 2668], [779, 2684], [792, 2702], [792, 2707], [775, 2712], [775, 2721], [786, 2729], [804, 2735], [851, 2735], [880, 2722], [888, 2715]];[[890, 2711], [888, 2707], [886, 2703], [884, 2700], [882, 2698], [880, 2696], [878, 2694], [876, 2691], [874, 2689], [870, 2688], [866, 2686], [864, 2684], [862, 2682], [860, 2679], [858, 2675], [856, 2672], [854, 2670], [852, 2667], [850, 2661], [844, 2656], [839, 2661], [837, 2667], [834, 2670], [824, 2672], [814, 2674], [812, 2676], [810, 2674], [796, 2672], [783, 2675], [781, 2679], [779, 2685], [780, 2691], [782, 2693], [784, 2695], [786, 2697], [789, 2699], [791, 2705], [785, 2711], [779, 2713], [777, 2715], [775, 2721], [778, 2727], [782, 2729], [804, 2731], [826, 2733], [842, 2735], [858, 2733], [864, 2731], [870, 2729], [874, 2727], [878, 2725], [880, 2723], [882, 2721], [884, 2719], [886, 2717], [888, 2715]]
746;367;NA;0.92041015625;0.8722650552198374;0.8353683948516846;4214;4771;[402, 2605, 466, 2698];[392, 2604, 467, 2699];[[407, 2610], [403, 2618], [402, 2647], [410, 2664], [403, 2670], [403, 2674], [410, 2681], [428, 2681], [434, 2684], [448, 2698], [458, 2697], [465, 2688], [466, 2676], [460, 2653], [455, 2646], [453, 2634], [447, 2627], [446, 2619], [437, 2609], [423, 2605]];[[423, 2604], [412, 2605], [410, 2607], [408, 2609], [406, 2611], [403, 2614], [401, 2616], [400, 2629], [396, 2643], [392, 2649], [395, 2655], [399, 2657], [402, 2659], [404, 2663], [402, 2667], [400, 2673], [407, 2679], [415, 2681], [423, 2683], [431, 2685], [433, 2687], [435, 2689], [437, 2691], [439, 2693], [442, 2695], [444, 2697], [451, 2699], [459, 2697], [461, 2695], [463, 2693], [465, 2691], [467, 2677], [465, 2663], [463, 2659], [461, 2655], [459, 2649], [457, 2643], [455, 2637], [453, 2631], [451, 2627], [449, 2624], [447, 2622], [445, 2620], [443, 2618], [441, 2616], [439, 2614], [437, 2611], [435, 2607]]
747;237;NA;0.9267578125;0.9084776253654149;0.8826711177825928;4354;4133;[294, 2550, 390, 2603];[297, 2551, 388, 2606];[[294, 2575], [295, 2595], [304, 2601], [325, 2603], [359, 2601], [382, 2595], [390, 2589], [388, 2563], [384, 2557], [371, 2550], [331, 2550], [309, 2561]];[[303, 2565], [297, 2582], [303, 2599], [310, 2602], [328, 2606], [346, 2602], [364, 2599], [381, 2596], [384, 2593], [388, 2575], [385, 2558], [382, 2554], [350, 2551], [319, 2553], [315, 2557], [310, 2562]]
748;639;NA;0.90380859375;0.8631776578268012;0.8773764371871948;3792;4147;[428, 2469, 503, 2548];[432, 2468, 507, 2547];[[496, 2470], [479, 2469], [455, 2489], [438, 2490], [428, 2499], [428, 2504], [441, 2516], [442, 2538], [451, 2548], [457, 2548], [471, 2541], [487, 2527], [491, 2517], [503, 2509], [503, 2478]];[[499, 2471], [487, 2468], [476, 2469], [474, 2471], [471, 2474], [467, 2476], [464, 2477], [462, 2479], [460, 2481], [458, 2483], [455, 2486], [447, 2488], [439, 2490], [435, 2492], [432, 2501], [433, 2511], [435, 2513], [440, 2515], [444, 2529], [445, 2543], [447, 2545], [455, 2547], [463, 2545], [469, 2543], [475, 2541], [479, 2539], [483, 2541], [487, 2543], [491, 2539], [493, 2535], [495, 2525], [499, 2515], [503, 2513], [505, 2511], [507, 2509], [505, 2507], [503, 2491], [501, 2475]]
749;418;NA;0.91796875;0.8354130808950087;0.8997800350189209;3918;4613;[227, 2756, 305, 2841];[228, 2752, 307, 2843];[[231, 2756], [228, 2759], [227, 2768], [231, 2777], [232, 2792], [250, 2826], [257, 2834], [265, 2836], [270, 2841], [284, 2841], [295, 2834], [296, 2825], [287, 2812], [304, 2795], [305, 2785], [300, 2783], [289, 2795], [278, 2796], [275, 2792], [274, 2770], [268, 2763], [255, 2762], [246, 2756]];[[243, 2752], [232, 2753], [230, 2755], [228, 2773], [230, 2791], [232, 2795], [234, 2799], [236, 2803], [238, 2807], [240, 2811], [242, 2815], [244, 2819], [245, 2823], [247, 2825], [249, 2827], [251, 2829], [253, 2831], [255, 2833], [258, 2835], [260, 2837], [263, 2839], [267, 2841], [277, 2843], [287, 2841], [289, 2839], [291, 2837], [293, 2835], [295, 2827], [293, 2820], [291, 2818], [293, 2815], [295, 2811], [297, 2807], [299, 2805], [301, 2803], [303, 2797], [305, 2791], [307, 2785], [301, 2780], [296, 2781], [294, 2783], [292, 2785], [290, 2787], [287, 2790], [285, 2792], [283, 2790], [281, 2787], [279, 2781], [277, 2775], [275, 2771], [273, 2767], [271, 2763], [269, 2760], [267, 2758], [261, 2756], [255, 2754]]
750;398;NA;0.9189453125;0.8684994272623139;0.9058823585510254;4257;3899;[326, 2722, 405, 2801];[328, 2720, 407, 2803];[[401, 2739], [383, 2724], [366, 2722], [359, 2725], [340, 2751], [329, 2752], [326, 2756], [326, 2797], [335, 2801], [362, 2799], [380, 2776], [401, 2766], [405, 2756]];[[383, 2723], [373, 2720], [364, 2721], [362, 2723], [360, 2725], [358, 2727], [355, 2730], [353, 2732], [352, 2735], [350, 2739], [348, 2743], [346, 2747], [343, 2750], [335, 2752], [328, 2775], [329, 2799], [331, 2801], [343, 2803], [355, 2801], [357, 2799], [359, 2797], [361, 2795], [363, 2793], [365, 2791], [367, 2789], [369, 2787], [371, 2783], [373, 2779], [375, 2777], [377, 2775], [379, 2773], [381, 2771], [383, 2769], [387, 2767], [391, 2765], [395, 2763], [399, 2761], [401, 2759], [403, 2755], [405, 2751], [407, 2749], [405, 2747], [403, 2743], [401, 2740], [399, 2738], [397, 2735], [395, 2733], [391, 2732], [387, 2730], [385, 2727]]
751;742;NA;0.89306640625;0.8435862068965517;0.8801020383834839;3586;3097;[261, 2606, 333, 2673];[264, 2608, 335, 2675];[[327, 2606], [307, 2607], [291, 2618], [274, 2612], [261, 2614], [264, 2623], [275, 2627], [264, 2648], [264, 2655], [274, 2673], [297, 2673], [312, 2663], [323, 2650], [333, 2631], [333, 2613]];[[327, 2609], [315, 2608], [304, 2609], [302, 2611], [299, 2614], [287, 2616], [275, 2614], [269, 2612], [264, 2617], [267, 2623], [271, 2625], [274, 2627], [276, 2629], [274, 2631], [272, 2637], [270, 2643], [268, 2651], [269, 2659], [271, 2661], [274, 2663], [276, 2667], [277, 2671], [279, 2673], [285, 2675], [291, 2673], [293, 2671], [295, 2669], [297, 2667], [299, 2665], [303, 2663], [307, 2661], [309, 2659], [311, 2657], [313, 2655], [315, 2653], [317, 2651], [319, 2647], [321, 2643], [323, 2641], [325, 2639], [327, 2637], [329, 2635], [331, 2631], [333, 2627], [335, 2621], [333, 2616], [331, 2614], [329, 2611]]
752;800;NA;0.884765625;0.8102664067576348;0.799414336681366;2760;2812;[3615, 2415, 3660, 2500];[3620, 2408, 3659, 2499];[[3635, 2415], [3631, 2431], [3615, 2452], [3615, 2468], [3625, 2493], [3633, 2499], [3642, 2500], [3656, 2492], [3660, 2467], [3651, 2427], [3644, 2416]];[[3641, 2408], [3632, 2413], [3630, 2419], [3628, 2425], [3626, 2431], [3623, 2434], [3621, 2436], [3620, 2455], [3622, 2475], [3624, 2481], [3626, 2487], [3628, 2491], [3629, 2495], [3631, 2497], [3639, 2499], [3647, 2497], [3649, 2495], [3651, 2493], [3653, 2491], [3655, 2489], [3657, 2487], [3659, 2467], [3657, 2447], [3655, 2435], [3653, 2423], [3651, 2415]]
753;876;NA;0.87060546875;0.7886079805056351;0.8208594918251038;3032;2840;[3549, 2041, 3620, 2093];[3552, 2036, 3622, 2091];[[3613, 2048], [3604, 2042], [3591, 2041], [3580, 2045], [3560, 2057], [3549, 2070], [3549, 2089], [3557, 2093], [3613, 2090], [3620, 2084], [3620, 2063]];[[3556, 2056], [3552, 2074], [3583, 2091], [3614, 2088], [3618, 2085], [3622, 2070], [3619, 2057], [3616, 2054], [3611, 2049], [3607, 2042], [3594, 2036], [3581, 2038], [3577, 2042], [3573, 2046], [3566, 2050], [3560, 2052]]
754;799;NA;0.884765625;0.7605517809347334;0.8833085298538208;4748;3803;[3530, 2239, 3619, 2322];[3532, 2240, 3619, 2315];[[3613, 2250], [3583, 2240], [3556, 2239], [3546, 2242], [3544, 2257], [3530, 2282], [3530, 2287], [3533, 2291], [3555, 2301], [3553, 2318], [3556, 2322], [3566, 2320], [3574, 2311], [3588, 2302], [3594, 2291], [3618, 2279], [3619, 2259]];[[3603, 2245], [3597, 2244], [3591, 2242], [3577, 2240], [3564, 2241], [3562, 2243], [3559, 2246], [3557, 2248], [3556, 2251], [3554, 2255], [3552, 2259], [3550, 2263], [3548, 2269], [3546, 2275], [3544, 2279], [3542, 2283], [3540, 2285], [3538, 2287], [3536, 2289], [3534, 2291], [3532, 2293], [3533, 2295], [3535, 2297], [3541, 2299], [3547, 2301], [3551, 2303], [3555, 2307], [3557, 2311], [3559, 2313], [3561, 2315], [3563, 2313], [3565, 2311], [3567, 2309], [3569, 2307], [3571, 2305], [3579, 2303], [3587, 2299], [3589, 2295], [3591, 2291], [3595, 2287], [3599, 2285], [3603, 2283], [3607, 2281], [3609, 2279], [3611, 2277], [3613, 2275], [3615, 2273], [3617, 2271], [3619, 2265], [3617, 2260], [3615, 2258], [3613, 2256], [3611, 2254], [3609, 2252], [3607, 2250], [3605, 2247]]
755;903;NA;0.8623046875;0.8684848484848485;0.8604694604873657;3281;2885;[3513, 2400, 3574, 2486];[3516, 2404, 3575, 2483];[[3572, 2405], [3557, 2400], [3541, 2404], [3533, 2413], [3532, 2423], [3524, 2439], [3519, 2444], [3514, 2459], [3513, 2476], [3517, 2485], [3530, 2486], [3567, 2447], [3568, 2438], [3574, 2426], [3574, 2409]];[[3567, 2407], [3553, 2404], [3540, 2405], [3538, 2407], [3536, 2411], [3534, 2415], [3532, 2425], [3530, 2435], [3528, 2437], [3526, 2439], [3523, 2442], [3521, 2444], [3520, 2447], [3518, 2451], [3516, 2465], [3517, 2479], [3519, 2481], [3527, 2483], [3535, 2481], [3537, 2479], [3539, 2477], [3541, 2475], [3543, 2473], [3545, 2471], [3547, 2469], [3549, 2467], [3551, 2465], [3553, 2463], [3555, 2461], [3557, 2459], [3559, 2455], [3561, 2451], [3563, 2447], [3565, 2443], [3567, 2439], [3569, 2435], [3571, 2429], [3573, 2423], [3575, 2419], [3573, 2416], [3571, 2414], [3569, 2411]]
756;336;NA;0.921875;0.8389433962264151;0.8557966947555542;6199;5984;[3506, 1954, 3587, 2070];[3504, 1956, 3595, 2067];[[3514, 1954], [3509, 1956], [3506, 1967], [3507, 2038], [3536, 2070], [3549, 2070], [3560, 2056], [3563, 2037], [3581, 2029], [3587, 2022], [3587, 2004], [3582, 1994], [3564, 1991], [3548, 1983], [3531, 1955]];[[3513, 1956], [3508, 1957], [3506, 1959], [3504, 1995], [3506, 2031], [3508, 2035], [3510, 2039], [3512, 2043], [3513, 2047], [3515, 2049], [3517, 2051], [3519, 2053], [3521, 2055], [3523, 2057], [3526, 2059], [3528, 2061], [3531, 2063], [3535, 2065], [3541, 2067], [3547, 2065], [3549, 2063], [3551, 2055], [3553, 2047], [3555, 2045], [3557, 2043], [3559, 2041], [3569, 2039], [3579, 2037], [3581, 2035], [3583, 2033], [3585, 2031], [3587, 2029], [3589, 2027], [3591, 2023], [3593, 2019], [3595, 2013], [3593, 2008], [3591, 2006], [3589, 2003], [3587, 1999], [3583, 1996], [3579, 1998], [3569, 2000], [3559, 1998], [3557, 1996], [3555, 1994], [3553, 1991], [3551, 1987], [3549, 1983], [3547, 1979], [3545, 1976], [3543, 1974], [3541, 1972], [3539, 1970], [3537, 1967], [3535, 1965], [3529, 1964], [3523, 1962], [3521, 1959], [3519, 1957]]
757;991;NA;0.80078125;0.87000634115409;0.843084454536438;2779;3119;[3600, 2297, 3642, 2379];[3600, 2296, 3643, 2391];[[3625, 2297], [3618, 2299], [3608, 2317], [3603, 2341], [3600, 2346], [3600, 2357], [3605, 2367], [3614, 2375], [3620, 2378], [3631, 2379], [3636, 2377], [3642, 2365], [3642, 2335], [3637, 2301], [3635, 2298]];[[3627, 2296], [3620, 2297], [3618, 2299], [3615, 2302], [3613, 2304], [3612, 2307], [3610, 2311], [3608, 2323], [3606, 2335], [3604, 2339], [3602, 2343], [3600, 2353], [3601, 2363], [3603, 2365], [3605, 2367], [3607, 2369], [3609, 2371], [3611, 2373], [3614, 2375], [3616, 2379], [3617, 2383], [3619, 2385], [3622, 2387], [3624, 2389], [3629, 2391], [3635, 2389], [3637, 2387], [3639, 2383], [3641, 2379], [3643, 2347], [3641, 2315], [3639, 2307], [3637, 2300], [3635, 2298]]
758;826;NA;0.8818359375;0.7930638493339458;0.7043289542198181;4250;3557;[3538, 1899, 3598, 1998];[3548, 1900, 3591, 1999];[[3553, 1899], [3540, 1914], [3538, 1929], [3540, 1959], [3545, 1966], [3553, 1995], [3574, 1998], [3583, 1992], [3584, 1976], [3596, 1970], [3598, 1965], [3589, 1954], [3586, 1915], [3574, 1903]];[[3561, 1900], [3552, 1901], [3550, 1903], [3548, 1915], [3550, 1927], [3552, 1939], [3550, 1951], [3548, 1967], [3550, 1983], [3552, 1987], [3553, 1991], [3555, 1993], [3558, 1995], [3560, 1997], [3567, 1999], [3575, 1997], [3577, 1995], [3579, 1993], [3581, 1991], [3583, 1983], [3585, 1975], [3587, 1969], [3589, 1963], [3591, 1945], [3589, 1927], [3587, 1921], [3585, 1915], [3583, 1911], [3581, 1908], [3579, 1906], [3575, 1904], [3571, 1902]]
759;218;NA;0.92724609375;0.889856246203685;0.9439389705657959;4826;4508;[3503, 2098, 3587, 2185];[3504, 2100, 3587, 2187];[[3570, 2099], [3559, 2098], [3537, 2120], [3530, 2121], [3523, 2128], [3514, 2130], [3503, 2140], [3504, 2159], [3514, 2168], [3522, 2169], [3537, 2184], [3575, 2185], [3585, 2181], [3587, 2177], [3587, 2166], [3573, 2143], [3573, 2125], [3577, 2116]];[[3563, 2100], [3555, 2102], [3551, 2104], [3548, 2105], [3546, 2107], [3543, 2110], [3541, 2112], [3540, 2115], [3538, 2119], [3535, 2122], [3527, 2124], [3520, 2125], [3518, 2127], [3516, 2129], [3514, 2131], [3512, 2133], [3510, 2135], [3507, 2138], [3505, 2140], [3504, 2149], [3505, 2159], [3507, 2161], [3511, 2163], [3515, 2165], [3521, 2167], [3527, 2169], [3533, 2171], [3539, 2173], [3543, 2175], [3547, 2177], [3551, 2179], [3555, 2181], [3559, 2183], [3563, 2185], [3571, 2187], [3579, 2185], [3581, 2183], [3583, 2179], [3585, 2175], [3587, 2169], [3585, 2163], [3583, 2159], [3581, 2156], [3579, 2154], [3577, 2151], [3575, 2143], [3573, 2135], [3571, 2133], [3573, 2131], [3575, 2117], [3573, 2104], [3571, 2102]]
760;369;NA;0.92041015625;0.7201017811704835;0.7455202341079712;4677;3435;[3506, 2167, 3593, 2245];[3516, 2172, 3595, 2239];[[3507, 2177], [3506, 2186], [3512, 2192], [3515, 2204], [3520, 2208], [3515, 2215], [3517, 2229], [3538, 2229], [3550, 2241], [3563, 2245], [3583, 2243], [3593, 2235], [3593, 2216], [3586, 2208], [3585, 2197], [3577, 2190], [3566, 2187], [3555, 2176], [3544, 2173], [3536, 2167], [3516, 2167]];[[3527, 2172], [3516, 2185], [3518, 2199], [3520, 2209], [3523, 2219], [3527, 2221], [3535, 2223], [3543, 2225], [3547, 2227], [3551, 2229], [3553, 2231], [3555, 2233], [3558, 2235], [3560, 2237], [3567, 2239], [3575, 2237], [3581, 2235], [3587, 2233], [3589, 2231], [3591, 2229], [3593, 2227], [3595, 2221], [3593, 2215], [3591, 2211], [3589, 2207], [3587, 2203], [3585, 2200], [3583, 2198], [3579, 2196], [3575, 2194], [3573, 2191], [3571, 2189], [3567, 2188], [3563, 2186], [3559, 2184], [3555, 2182], [3551, 2180], [3547, 2178], [3543, 2176], [3539, 2174]]
761;541;NA;0.91064453125;0.7763205828779599;0.8389512896537781;5174;4578;[2876, 2252, 2965, 2342];[2881, 2257, 2961, 2341];[[2881, 2255], [2876, 2265], [2878, 2287], [2885, 2296], [2894, 2301], [2896, 2321], [2917, 2341], [2931, 2342], [2936, 2339], [2941, 2329], [2940, 2319], [2944, 2315], [2959, 2316], [2965, 2312], [2960, 2291], [2923, 2254], [2889, 2252]];[[2904, 2257], [2881, 2273], [2885, 2289], [2890, 2293], [2893, 2299], [2896, 2306], [2893, 2313], [2891, 2320], [2889, 2328], [2886, 2332], [2888, 2336], [2890, 2339], [2893, 2341], [2895, 2336], [2902, 2332], [2909, 2334], [2914, 2336], [2919, 2339], [2928, 2341], [2937, 2328], [2939, 2313], [2943, 2315], [2952, 2317], [2961, 2308], [2959, 2299], [2956, 2294], [2955, 2290], [2952, 2288], [2949, 2285], [2947, 2280], [2944, 2275], [2942, 2270], [2940, 2266], [2938, 2264], [2933, 2262], [2928, 2259]]
762;589;NA;0.908203125;0.7023126412797774;0.7645161151885986;5736;4054;[2737, 1886, 2830, 1996];[2740, 1892, 2819, 1991];[[2823, 1886], [2760, 1886], [2737, 1901], [2739, 1917], [2749, 1923], [2756, 1933], [2765, 1981], [2778, 1996], [2790, 1996], [2794, 1992], [2793, 1969], [2785, 1957], [2786, 1936], [2801, 1936], [2816, 1931], [2824, 1925], [2830, 1914], [2830, 1891]];[[2777, 1892], [2740, 1903], [2741, 1915], [2743, 1917], [2745, 1919], [2747, 1921], [2749, 1923], [2751, 1925], [2753, 1927], [2755, 1929], [2758, 1931], [2760, 1947], [2762, 1963], [2764, 1971], [2766, 1979], [2768, 1983], [2769, 1987], [2771, 1989], [2777, 1991], [2783, 1989], [2785, 1987], [2787, 1971], [2785, 1955], [2783, 1947], [2785, 1939], [2787, 1937], [2791, 1935], [2795, 1937], [2797, 1939], [2799, 1937], [2803, 1935], [2807, 1933], [2809, 1931], [2811, 1929], [2813, 1927], [2815, 1923], [2817, 1919], [2819, 1913], [2817, 1907], [2815, 1899]]
763;385;NA;0.91943359375;0.8485185185185186;0.817307710647583;5339;4643;[2701, 2405, 2805, 2494];[2705, 2409, 2794, 2494];[[2711, 2416], [2702, 2429], [2701, 2439], [2713, 2458], [2725, 2466], [2735, 2468], [2742, 2476], [2752, 2476], [2762, 2485], [2774, 2486], [2781, 2493], [2793, 2494], [2805, 2484], [2805, 2467], [2778, 2444], [2779, 2435], [2770, 2425], [2759, 2421], [2738, 2405], [2724, 2405]];[[2733, 2409], [2719, 2411], [2717, 2413], [2714, 2417], [2711, 2419], [2710, 2423], [2707, 2428], [2705, 2440], [2707, 2451], [2709, 2453], [2712, 2456], [2715, 2459], [2719, 2460], [2723, 2463], [2726, 2466], [2729, 2468], [2733, 2470], [2738, 2472], [2742, 2475], [2747, 2477], [2754, 2479], [2761, 2482], [2766, 2484], [2771, 2486], [2778, 2489], [2785, 2491], [2788, 2494], [2789, 2480], [2792, 2466], [2794, 2461], [2792, 2457], [2790, 2455], [2788, 2452], [2785, 2450], [2782, 2447], [2780, 2442], [2777, 2437], [2775, 2432], [2771, 2428], [2766, 2426], [2763, 2423], [2761, 2421], [2757, 2419], [2752, 2417], [2749, 2413], [2746, 2411]]
764;851;NA;0.8759765625;0.7964674471143972;0.8142493367195129;4765;3982;[2911, 2074, 2983, 2162];[2910, 2077, 2975, 2166];[[2962, 2075], [2944, 2074], [2935, 2081], [2930, 2091], [2929, 2112], [2925, 2116], [2911, 2120], [2915, 2139], [2914, 2150], [2927, 2162], [2955, 2162], [2976, 2142], [2982, 2132], [2983, 2094], [2973, 2082]];[[2966, 2079], [2955, 2077], [2943, 2078], [2941, 2081], [2938, 2084], [2935, 2086], [2934, 2090], [2932, 2095], [2928, 2108], [2924, 2120], [2919, 2117], [2914, 2115], [2910, 2126], [2912, 2138], [2915, 2145], [2916, 2152], [2919, 2154], [2922, 2157], [2924, 2159], [2928, 2161], [2933, 2163], [2938, 2166], [2943, 2163], [2947, 2161], [2951, 2159], [2954, 2157], [2956, 2155], [2959, 2152], [2961, 2150], [2963, 2148], [2966, 2144], [2969, 2142], [2970, 2128], [2973, 2114], [2975, 2102], [2973, 2090], [2970, 2086], [2969, 2082]]
765;754;NA;0.8916015625;0.7796430464746421;0.8881400227546692;5065;5006;[2673, 2301, 2768, 2389];[2673, 2296, 2772, 2387];[[2737, 2301], [2731, 2305], [2730, 2327], [2726, 2331], [2719, 2324], [2714, 2324], [2689, 2348], [2676, 2355], [2673, 2362], [2673, 2375], [2683, 2388], [2736, 2389], [2744, 2381], [2758, 2375], [2762, 2362], [2767, 2356], [2768, 2345], [2751, 2327], [2749, 2316]];[[2772, 2347], [2768, 2340], [2764, 2338], [2760, 2336], [2756, 2334], [2754, 2332], [2752, 2330], [2750, 2327], [2748, 2323], [2746, 2319], [2744, 2311], [2742, 2303], [2740, 2299], [2734, 2296], [2729, 2305], [2721, 2315], [2712, 2314], [2708, 2312], [2705, 2325], [2703, 2339], [2701, 2343], [2699, 2347], [2697, 2349], [2695, 2351], [2693, 2353], [2691, 2355], [2689, 2357], [2687, 2359], [2684, 2362], [2680, 2364], [2677, 2365], [2675, 2367], [2673, 2371], [2678, 2375], [2684, 2377], [2688, 2379], [2692, 2381], [2695, 2383], [2697, 2385], [2714, 2387], [2732, 2385], [2740, 2383], [2748, 2381], [2752, 2379], [2756, 2377], [2758, 2375], [2760, 2373], [2762, 2371], [2764, 2367], [2766, 2363], [2768, 2359], [2770, 2355]]
766;335;NA;0.921875;0.887160877829618;0.8763622641563416;5649;5272;[2505, 2003, 2615, 2074];[2509, 2008, 2616, 2075];[[2505, 2016], [2510, 2028], [2519, 2035], [2519, 2043], [2512, 2050], [2512, 2054], [2532, 2074], [2553, 2073], [2563, 2067], [2592, 2066], [2615, 2045], [2615, 2032], [2605, 2022], [2593, 2019], [2585, 2013], [2555, 2012], [2546, 2004], [2519, 2003], [2512, 2005]];[[2511, 2011], [2509, 2021], [2511, 2031], [2513, 2035], [2515, 2039], [2517, 2041], [2515, 2043], [2513, 2049], [2514, 2055], [2516, 2057], [2518, 2059], [2520, 2061], [2522, 2063], [2524, 2065], [2526, 2067], [2528, 2069], [2531, 2071], [2533, 2073], [2542, 2075], [2552, 2073], [2560, 2071], [2568, 2069], [2576, 2067], [2584, 2065], [2586, 2063], [2588, 2061], [2592, 2059], [2596, 2057], [2598, 2055], [2600, 2053], [2604, 2051], [2608, 2049], [2610, 2047], [2612, 2045], [2614, 2043], [2616, 2039], [2614, 2035], [2612, 2031], [2610, 2028], [2608, 2026], [2604, 2024], [2600, 2022], [2594, 2020], [2588, 2018], [2578, 2016], [2568, 2014], [2564, 2012], [2560, 2010], [2536, 2008], [2513, 2009]]
767;289;NA;0.92431640625;0.8779193205944799;0.8153846263885498;4358;4487;[2670, 2124, 2725, 2227];[2672, 2124, 2735, 2227];[[2681, 2124], [2672, 2134], [2670, 2141], [2670, 2165], [2677, 2182], [2678, 2207], [2688, 2225], [2695, 2227], [2714, 2225], [2722, 2217], [2725, 2203], [2724, 2186], [2717, 2173], [2713, 2155], [2721, 2143], [2719, 2140], [2705, 2139], [2698, 2124]];[[2689, 2124], [2680, 2125], [2678, 2127], [2675, 2130], [2673, 2132], [2672, 2153], [2674, 2175], [2676, 2187], [2678, 2199], [2680, 2205], [2682, 2211], [2684, 2215], [2685, 2219], [2687, 2221], [2691, 2223], [2695, 2225], [2699, 2227], [2703, 2225], [2707, 2223], [2711, 2221], [2715, 2219], [2719, 2217], [2721, 2215], [2723, 2213], [2725, 2211], [2727, 2201], [2725, 2191], [2723, 2185], [2721, 2179], [2719, 2175], [2717, 2171], [2715, 2161], [2717, 2151], [2719, 2149], [2721, 2147], [2723, 2145], [2725, 2143], [2727, 2141], [2729, 2139], [2731, 2137], [2733, 2135], [2735, 2131], [2731, 2128], [2727, 2130], [2723, 2132], [2719, 2134], [2713, 2136], [2707, 2134], [2705, 2132], [2703, 2130], [2701, 2127], [2699, 2125]]
768;255;NA;0.92626953125;0.8552927927927928;0.8207730054855347;5121;4764;[2616, 2162, 2679, 2264];[2622, 2164, 2677, 2269];[[2665, 2163], [2652, 2162], [2644, 2163], [2634, 2177], [2632, 2195], [2624, 2203], [2624, 2213], [2616, 2222], [2616, 2249], [2628, 2264], [2661, 2264], [2674, 2252], [2679, 2234], [2676, 2218], [2675, 2176], [2672, 2168]];[[2653, 2164], [2637, 2174], [2633, 2185], [2630, 2192], [2626, 2199], [2622, 2231], [2628, 2262], [2635, 2266], [2646, 2269], [2657, 2266], [2664, 2262], [2671, 2266], [2675, 2269], [2677, 2267], [2674, 2263], [2670, 2256], [2674, 2249], [2677, 2213], [2674, 2178], [2670, 2170]]
769;89;NA;0.93701171875;0.8903834571371211;0.9167583584785461;4780;4636;[2486, 2098, 2588, 2176];[2488, 2100, 2591, 2175];[[2486, 2104], [2486, 2124], [2523, 2159], [2533, 2162], [2543, 2169], [2554, 2169], [2569, 2176], [2576, 2175], [2587, 2166], [2588, 2153], [2585, 2145], [2578, 2140], [2571, 2129], [2556, 2117], [2546, 2116], [2527, 2100], [2506, 2098]];[[2507, 2100], [2492, 2103], [2490, 2107], [2488, 2117], [2489, 2127], [2491, 2129], [2493, 2131], [2495, 2133], [2497, 2135], [2499, 2137], [2502, 2139], [2504, 2141], [2507, 2143], [2511, 2145], [2513, 2147], [2515, 2149], [2518, 2151], [2520, 2153], [2523, 2155], [2527, 2157], [2529, 2159], [2531, 2161], [2533, 2163], [2535, 2165], [2538, 2167], [2540, 2169], [2545, 2171], [2551, 2173], [2565, 2175], [2579, 2173], [2583, 2171], [2587, 2169], [2589, 2167], [2591, 2159], [2589, 2152], [2587, 2150], [2585, 2148], [2583, 2146], [2581, 2144], [2579, 2142], [2577, 2139], [2575, 2137], [2571, 2136], [2567, 2134], [2565, 2131], [2563, 2127], [2561, 2124], [2559, 2122], [2557, 2120], [2555, 2118], [2553, 2115], [2551, 2113], [2547, 2112], [2543, 2110], [2539, 2108], [2535, 2106], [2529, 2104], [2523, 2102]]
770;606;NA;0.90673828125;0.8461722488038278;0.849951446056366;3612;4105;[2496, 2200, 2560, 2289];[2501, 2200, 2564, 2291];[[2526, 2200], [2517, 2206], [2511, 2226], [2515, 2232], [2515, 2239], [2501, 2252], [2496, 2264], [2502, 2274], [2528, 2289], [2529, 2279], [2524, 2272], [2527, 2266], [2537, 2267], [2547, 2274], [2559, 2272], [2560, 2231], [2559, 2224], [2543, 2206]];[[2530, 2200], [2521, 2201], [2519, 2203], [2516, 2206], [2514, 2208], [2513, 2211], [2511, 2215], [2509, 2229], [2507, 2243], [2504, 2246], [2502, 2248], [2501, 2261], [2504, 2275], [2508, 2277], [2510, 2279], [2512, 2281], [2515, 2283], [2517, 2285], [2520, 2287], [2524, 2289], [2528, 2291], [2532, 2285], [2530, 2280], [2528, 2278], [2530, 2275], [2532, 2273], [2536, 2271], [2540, 2273], [2548, 2275], [2556, 2273], [2560, 2271], [2564, 2253], [2562, 2235], [2560, 2227], [2558, 2220], [2556, 2218], [2554, 2215], [2552, 2211], [2548, 2208], [2544, 2206], [2542, 2203], [2540, 2201]]
771;341;NA;0.921875;0.8527257933279089;0.8957908153533936;5320;6065;[2402, 2098, 2497, 2196];[2400, 2099, 2498, 2203];[[2403, 2115], [2402, 2150], [2410, 2165], [2440, 2195], [2481, 2196], [2492, 2184], [2497, 2163], [2487, 2160], [2479, 2164], [2468, 2152], [2464, 2132], [2457, 2121], [2454, 2098], [2450, 2098], [2442, 2109], [2438, 2127], [2434, 2131], [2418, 2115]];[[2413, 2114], [2405, 2115], [2402, 2118], [2400, 2134], [2401, 2150], [2404, 2153], [2407, 2156], [2409, 2161], [2411, 2165], [2413, 2167], [2416, 2169], [2418, 2172], [2421, 2174], [2423, 2177], [2425, 2179], [2428, 2181], [2430, 2184], [2432, 2186], [2436, 2189], [2438, 2192], [2442, 2193], [2447, 2196], [2454, 2198], [2461, 2200], [2468, 2203], [2475, 2200], [2480, 2198], [2484, 2196], [2486, 2194], [2490, 2191], [2492, 2188], [2494, 2177], [2496, 2165], [2498, 2163], [2497, 2161], [2494, 2159], [2491, 2156], [2489, 2153], [2479, 2151], [2470, 2146], [2467, 2142], [2465, 2134], [2463, 2127], [2460, 2115], [2459, 2104], [2456, 2102], [2449, 2099], [2443, 2103], [2440, 2108], [2438, 2111], [2436, 2113], [2432, 2116], [2428, 2119], [2423, 2116]]
772;24;NA;0.951171875;0.6879967393519462;0.7194290161132812;4902;3381;[2849, 2022, 2946, 2087];[2851, 2029, 2935, 2083];[[2849, 2041], [2849, 2060], [2862, 2069], [2873, 2072], [2878, 2078], [2889, 2079], [2897, 2087], [2929, 2087], [2938, 2082], [2940, 2071], [2937, 2055], [2945, 2043], [2946, 2033], [2935, 2022], [2896, 2022], [2888, 2029], [2871, 2030], [2865, 2036]];[[2868, 2036], [2851, 2049], [2854, 2062], [2857, 2065], [2864, 2069], [2872, 2073], [2882, 2076], [2893, 2080], [2911, 2083], [2928, 2081], [2931, 2077], [2935, 2052], [2911, 2029], [2886, 2032]]
773;235;NA;0.9267578125;0.731998459761263;0.8365780115127563;5089;3907;[2836, 1956, 2937, 2045];[2843, 1961, 2937, 2041];[[2935, 1967], [2928, 1960], [2917, 1956], [2897, 1961], [2866, 1992], [2844, 2009], [2836, 2022], [2837, 2032], [2846, 2044], [2855, 2045], [2877, 2044], [2892, 2034], [2903, 2020], [2928, 1999], [2937, 1980]];[[2937, 1975], [2935, 1971], [2933, 1968], [2930, 1965], [2928, 1963], [2909, 1961], [2890, 1964], [2885, 1966], [2881, 1968], [2879, 1970], [2877, 1975], [2879, 1979], [2881, 1991], [2879, 2003], [2876, 2006], [2866, 2009], [2857, 2006], [2850, 2004], [2843, 2022], [2850, 2041], [2857, 2038], [2866, 2036], [2876, 2033], [2883, 2031], [2889, 2030], [2892, 2027], [2895, 2024], [2900, 2022], [2904, 2020], [2906, 2018], [2908, 2015], [2911, 2013], [2913, 2010], [2916, 2008], [2918, 2006], [2920, 2003], [2924, 2000], [2926, 1998], [2928, 1994], [2930, 1989], [2932, 1984], [2935, 1979]]
774;672;NA;0.89990234375;0.8459640465280226;0.7359331846237183;5140;5334;[2677, 2037, 2779, 2102];[2680, 2024, 2783, 2107];[[2776, 2043], [2763, 2037], [2751, 2037], [2743, 2044], [2733, 2040], [2706, 2041], [2696, 2048], [2680, 2054], [2677, 2064], [2678, 2072], [2688, 2090], [2701, 2100], [2742, 2102], [2776, 2072], [2779, 2063]];[[2783, 2063], [2779, 2056], [2775, 2054], [2773, 2051], [2771, 2049], [2767, 2048], [2763, 2046], [2761, 2044], [2759, 2042], [2757, 2040], [2755, 2038], [2753, 2035], [2751, 2029], [2747, 2024], [2744, 2029], [2742, 2035], [2739, 2038], [2715, 2040], [2692, 2041], [2690, 2043], [2687, 2046], [2683, 2048], [2680, 2065], [2682, 2083], [2684, 2089], [2691, 2095], [2699, 2097], [2701, 2099], [2703, 2101], [2706, 2103], [2708, 2105], [2711, 2107], [2715, 2105], [2717, 2103], [2719, 2101], [2729, 2099], [2739, 2097], [2745, 2095], [2751, 2093], [2753, 2091], [2755, 2089], [2759, 2087], [2763, 2085], [2765, 2083], [2767, 2081], [2771, 2079], [2775, 2077], [2777, 2075], [2779, 2073], [2781, 2071]]
775;858;NA;0.875;0.8236483072258717;0.8978146314620972;3881;3337;[1957, 2332, 2012, 2420];[1961, 2333, 2012, 2422];[[2007, 2332], [1977, 2332], [1968, 2344], [1957, 2393], [1962, 2400], [1962, 2410], [1970, 2420], [1985, 2420], [1998, 2411], [2005, 2400], [2012, 2362], [2011, 2337]];[[2007, 2337], [1991, 2333], [1975, 2335], [1973, 2337], [1971, 2344], [1968, 2351], [1966, 2363], [1964, 2375], [1961, 2397], [1963, 2417], [1965, 2420], [1977, 2422], [1988, 2421], [1991, 2418], [1993, 2413], [1995, 2409], [1998, 2404], [2000, 2399], [2002, 2380], [2005, 2361], [2007, 2356], [2010, 2351], [2012, 2347], [2010, 2342]]
776;97;NA;0.9365234375;0.9292942069314445;0.9246359467506409;7576;7677;[2131, 2205, 2255, 2297];[2133, 2208, 2256, 2299];[[2243, 2210], [2228, 2205], [2207, 2224], [2175, 2217], [2164, 2229], [2160, 2245], [2131, 2267], [2131, 2279], [2157, 2291], [2209, 2289], [2237, 2297], [2250, 2292], [2255, 2287], [2255, 2273], [2245, 2249]];[[2240, 2211], [2230, 2208], [2221, 2209], [2219, 2211], [2217, 2213], [2215, 2215], [2212, 2218], [2194, 2220], [2176, 2222], [2172, 2224], [2169, 2225], [2167, 2227], [2164, 2230], [2162, 2232], [2161, 2239], [2157, 2247], [2153, 2249], [2151, 2251], [2149, 2253], [2147, 2255], [2144, 2258], [2140, 2260], [2137, 2261], [2135, 2263], [2133, 2273], [2134, 2283], [2136, 2285], [2140, 2287], [2144, 2289], [2168, 2291], [2192, 2289], [2198, 2287], [2204, 2289], [2210, 2291], [2216, 2293], [2222, 2295], [2228, 2297], [2234, 2299], [2240, 2297], [2244, 2295], [2248, 2293], [2250, 2291], [2252, 2285], [2254, 2279], [2256, 2271], [2254, 2263], [2252, 2259], [2250, 2255], [2248, 2249], [2246, 2243], [2244, 2229], [2242, 2215]]
777;555;NA;0.9091796875;0.8709031318281136;0.8809201717376709;5002;5273;[2353, 2190, 2430, 2287];[2353, 2184, 2432, 2283];[[2424, 2192], [2406, 2190], [2366, 2193], [2367, 2199], [2380, 2212], [2377, 2223], [2357, 2238], [2353, 2250], [2357, 2257], [2360, 2275], [2369, 2287], [2393, 2287], [2404, 2275], [2406, 2258], [2430, 2214], [2430, 2203]];[[2372, 2184], [2361, 2187], [2363, 2191], [2365, 2195], [2367, 2199], [2369, 2203], [2370, 2207], [2372, 2209], [2375, 2211], [2377, 2217], [2375, 2223], [2373, 2225], [2371, 2227], [2368, 2230], [2364, 2232], [2361, 2233], [2359, 2235], [2356, 2238], [2354, 2240], [2353, 2251], [2355, 2263], [2357, 2267], [2359, 2271], [2361, 2275], [2362, 2279], [2364, 2281], [2378, 2283], [2392, 2281], [2396, 2279], [2400, 2275], [2402, 2271], [2404, 2267], [2406, 2263], [2408, 2255], [2410, 2247], [2412, 2245], [2414, 2243], [2416, 2241], [2418, 2239], [2420, 2237], [2422, 2235], [2424, 2231], [2426, 2227], [2428, 2221], [2430, 2215], [2432, 2209], [2430, 2203], [2428, 2199], [2426, 2196], [2424, 2194], [2420, 2192], [2416, 2190], [2400, 2188], [2384, 2186]]
778;443;NA;0.916015625;0.7989027620128641;0.7392197251319885;4491;5018;[2247, 2031, 2339, 2108];[2249, 2008, 2340, 2107];[[2337, 2050], [2329, 2046], [2314, 2031], [2298, 2032], [2291, 2040], [2277, 2045], [2263, 2055], [2256, 2068], [2252, 2083], [2247, 2089], [2248, 2103], [2255, 2108], [2261, 2108], [2290, 2087], [2307, 2088], [2318, 2094], [2329, 2092], [2339, 2077]];[[2312, 2009], [2302, 2008], [2293, 2021], [2291, 2035], [2289, 2039], [2287, 2043], [2284, 2046], [2278, 2048], [2273, 2049], [2271, 2051], [2269, 2053], [2267, 2055], [2264, 2058], [2262, 2060], [2261, 2063], [2259, 2067], [2257, 2073], [2255, 2079], [2252, 2082], [2250, 2084], [2249, 2093], [2250, 2103], [2252, 2105], [2258, 2107], [2264, 2105], [2266, 2103], [2268, 2101], [2270, 2099], [2272, 2097], [2274, 2095], [2276, 2093], [2278, 2091], [2280, 2089], [2294, 2087], [2308, 2089], [2312, 2091], [2316, 2093], [2318, 2095], [2320, 2093], [2326, 2091], [2332, 2089], [2334, 2087], [2336, 2081], [2338, 2075], [2340, 2067], [2338, 2059], [2336, 2049], [2332, 2039], [2328, 2035], [2326, 2031], [2324, 2027], [2322, 2023], [2320, 2019], [2318, 2016], [2316, 2014], [2314, 2011]]
779;882;NA;0.86865234375;0.7338709677419355;0.734649121761322;2838;2107;[2111, 2343, 2177, 2419];[2122, 2344, 2177, 2411];[[2175, 2344], [2164, 2343], [2155, 2349], [2142, 2353], [2136, 2358], [2134, 2371], [2116, 2397], [2111, 2411], [2112, 2419], [2127, 2419], [2131, 2415], [2140, 2412], [2175, 2379], [2177, 2369], [2177, 2348]];[[2177, 2359], [2167, 2344], [2157, 2346], [2153, 2348], [2149, 2350], [2145, 2352], [2142, 2353], [2140, 2355], [2138, 2357], [2140, 2359], [2142, 2363], [2140, 2367], [2138, 2371], [2136, 2375], [2134, 2377], [2132, 2379], [2129, 2382], [2127, 2384], [2126, 2387], [2124, 2391], [2122, 2399], [2125, 2407], [2129, 2409], [2133, 2411], [2137, 2409], [2141, 2407], [2145, 2405], [2147, 2403], [2149, 2401], [2151, 2399], [2153, 2395], [2157, 2391], [2161, 2389], [2163, 2387], [2165, 2385], [2167, 2383], [2169, 2381], [2171, 2379], [2173, 2377], [2175, 2375]]
780;576;NA;0.90869140625;0.8341895482728078;0.8410724401473999;4973;5381;[2364, 2262, 2440, 2361];[2357, 2260, 2444, 2359];[[2436, 2263], [2416, 2262], [2406, 2269], [2392, 2273], [2377, 2287], [2366, 2291], [2364, 2309], [2373, 2322], [2366, 2332], [2364, 2341], [2384, 2361], [2395, 2359], [2439, 2298], [2440, 2271]];[[2436, 2262], [2424, 2260], [2413, 2261], [2411, 2263], [2409, 2265], [2407, 2267], [2404, 2270], [2402, 2272], [2401, 2275], [2397, 2279], [2392, 2282], [2378, 2284], [2364, 2282], [2362, 2280], [2361, 2285], [2363, 2291], [2365, 2297], [2361, 2303], [2357, 2319], [2359, 2335], [2361, 2339], [2362, 2343], [2364, 2345], [2366, 2347], [2368, 2349], [2371, 2351], [2373, 2353], [2376, 2355], [2380, 2357], [2388, 2359], [2396, 2357], [2398, 2355], [2400, 2351], [2402, 2347], [2404, 2343], [2406, 2339], [2408, 2335], [2410, 2331], [2412, 2329], [2414, 2327], [2416, 2325], [2418, 2323], [2420, 2321], [2422, 2319], [2424, 2317], [2426, 2315], [2428, 2313], [2430, 2311], [2432, 2309], [2434, 2307], [2436, 2303], [2438, 2299], [2440, 2295], [2442, 2291], [2444, 2281], [2442, 2271], [2440, 2267], [2438, 2264]]
781;281;NA;0.9248046875;0.8684255610758952;0.8805606365203857;5695;5211;[2274, 1946, 2379, 2037];[2277, 1952, 2380, 2039];[[2274, 1981], [2275, 1995], [2298, 2021], [2331, 2025], [2340, 2037], [2351, 2037], [2371, 2026], [2371, 1999], [2379, 1982], [2373, 1981], [2358, 1993], [2353, 1981], [2337, 1964], [2335, 1957], [2316, 1946], [2304, 1952], [2294, 1967], [2285, 1970]];[[2279, 1975], [2277, 1985], [2278, 1995], [2280, 1997], [2282, 1999], [2284, 2001], [2287, 2003], [2289, 2005], [2296, 2007], [2304, 2009], [2310, 2011], [2316, 2013], [2318, 2015], [2320, 2017], [2322, 2019], [2324, 2021], [2326, 2023], [2328, 2025], [2330, 2027], [2332, 2029], [2334, 2031], [2336, 2033], [2339, 2035], [2341, 2037], [2344, 2039], [2348, 2037], [2354, 2035], [2360, 2033], [2364, 2031], [2368, 2029], [2370, 2027], [2372, 2011], [2374, 1995], [2376, 1991], [2378, 1987], [2380, 1985], [2378, 1984], [2376, 1982], [2374, 1980], [2372, 1982], [2368, 1984], [2364, 1986], [2362, 1988], [2360, 1986], [2356, 1984], [2352, 1982], [2350, 1980], [2348, 1978], [2346, 1975], [2344, 1971], [2342, 1968], [2340, 1966], [2338, 1964], [2336, 1962], [2334, 1959], [2332, 1957], [2328, 1956], [2324, 1954], [2314, 1952], [2305, 1953], [2303, 1955], [2300, 1958], [2298, 1960], [2296, 1964], [2292, 1968], [2288, 1970], [2284, 1972], [2281, 1973]]
782;644;NA;0.9033203125;0.8670253651037664;0.8675023913383484;3621;3666;[2169, 1981, 2246, 2061];[2173, 1984, 2244, 2063];[[2190, 1981], [2186, 1986], [2185, 1998], [2171, 2009], [2169, 2016], [2171, 2027], [2181, 2037], [2197, 2039], [2219, 2059], [2243, 2061], [2246, 2057], [2245, 2053], [2236, 2044], [2229, 2042], [2225, 2034], [2232, 2026], [2231, 1984], [2219, 1983], [2213, 1989], [2206, 1991]];[[2190, 1984], [2185, 1989], [2183, 1995], [2181, 1997], [2179, 1999], [2176, 2002], [2174, 2004], [2173, 2017], [2174, 2031], [2176, 2033], [2180, 2035], [2184, 2037], [2188, 2039], [2192, 2041], [2200, 2043], [2208, 2045], [2210, 2047], [2212, 2049], [2214, 2051], [2216, 2053], [2219, 2055], [2221, 2057], [2224, 2059], [2228, 2061], [2234, 2063], [2240, 2061], [2242, 2059], [2244, 2053], [2242, 2048], [2240, 2046], [2238, 2044], [2236, 2042], [2234, 2039], [2232, 2029], [2234, 2019], [2236, 2013], [2234, 2007], [2232, 1995], [2224, 1984], [2216, 1986], [2212, 1988], [2208, 1990], [2206, 1992], [2204, 1990], [2200, 1988], [2196, 1986]]
783;358;NA;0.9208984375;0.8951008645533142;0.8621330261230469;4902;4962;[2245, 2245, 2329, 2338];[2249, 2248, 2332, 2335];[[2317, 2245], [2306, 2250], [2299, 2258], [2288, 2252], [2272, 2253], [2266, 2256], [2272, 2274], [2254, 2290], [2245, 2303], [2245, 2310], [2251, 2319], [2252, 2327], [2261, 2338], [2275, 2338], [2299, 2314], [2319, 2302], [2321, 2292], [2329, 2282], [2329, 2256]];[[2328, 2251], [2316, 2248], [2304, 2250], [2288, 2252], [2272, 2254], [2268, 2256], [2265, 2257], [2267, 2259], [2269, 2269], [2267, 2279], [2265, 2281], [2263, 2283], [2261, 2285], [2259, 2287], [2257, 2289], [2255, 2291], [2252, 2294], [2250, 2296], [2249, 2307], [2250, 2319], [2252, 2321], [2255, 2323], [2257, 2327], [2258, 2331], [2260, 2333], [2268, 2335], [2276, 2333], [2280, 2331], [2284, 2329], [2286, 2327], [2288, 2325], [2292, 2323], [2296, 2321], [2298, 2319], [2300, 2317], [2302, 2315], [2304, 2313], [2306, 2311], [2308, 2309], [2312, 2307], [2316, 2305], [2318, 2303], [2320, 2301], [2322, 2299], [2324, 2297], [2326, 2295], [2328, 2289], [2330, 2283], [2332, 2269], [2330, 2255]]
784;565;NA;0.9091796875;0.7986779981114259;0.8721338510513306;5063;4461;[1219, 2018, 1326, 2092];[1220, 2021, 1325, 2098];[[1219, 2021], [1220, 2050], [1242, 2067], [1286, 2070], [1291, 2076], [1295, 2092], [1299, 2092], [1302, 2088], [1302, 2071], [1320, 2056], [1326, 2042], [1319, 2027], [1307, 2020], [1224, 2018]];[[1269, 2021], [1220, 2038], [1222, 2055], [1226, 2058], [1244, 2062], [1262, 2065], [1273, 2069], [1283, 2073], [1288, 2077], [1292, 2085], [1294, 2091], [1298, 2094], [1301, 2098], [1304, 2081], [1311, 2063], [1318, 2060], [1321, 2056], [1325, 2042], [1323, 2029], [1319, 2025]]
785;539;NA;0.91064453125;0.9034237086879082;0.8777713179588318;4915;4703;[1081, 2118, 1143, 2225];[1084, 2123, 1144, 2227];[[1102, 2118], [1088, 2124], [1085, 2128], [1081, 2143], [1084, 2169], [1083, 2189], [1100, 2216], [1112, 2225], [1119, 2223], [1128, 2212], [1130, 2180], [1136, 2172], [1137, 2160], [1143, 2148], [1143, 2134], [1132, 2122], [1111, 2121]];[[1114, 2123], [1093, 2125], [1091, 2127], [1088, 2130], [1085, 2133], [1084, 2161], [1086, 2189], [1089, 2194], [1091, 2199], [1093, 2204], [1096, 2208], [1098, 2213], [1100, 2217], [1102, 2219], [1105, 2223], [1108, 2225], [1114, 2227], [1120, 2225], [1123, 2223], [1125, 2218], [1128, 2213], [1130, 2196], [1132, 2180], [1135, 2173], [1137, 2165], [1139, 2158], [1142, 2151], [1144, 2144], [1142, 2137], [1139, 2132], [1138, 2128], [1135, 2126]]
786;540;NA;0.91064453125;0.8771011297878203;0.7480490803718567;3411;3401;[1247, 2419, 1324, 2495];[1246, 2433, 1330, 2494];[[1319, 2433], [1303, 2428], [1303, 2420], [1300, 2419], [1300, 2427], [1290, 2441], [1282, 2444], [1266, 2443], [1264, 2453], [1249, 2465], [1247, 2471], [1249, 2487], [1268, 2495], [1275, 2491], [1296, 2488], [1305, 2482], [1318, 2469], [1323, 2454], [1324, 2440]];[[1330, 2442], [1317, 2433], [1302, 2436], [1298, 2438], [1293, 2440], [1276, 2443], [1260, 2444], [1263, 2447], [1265, 2452], [1263, 2456], [1259, 2459], [1255, 2462], [1251, 2463], [1248, 2466], [1246, 2475], [1248, 2484], [1250, 2486], [1253, 2490], [1255, 2492], [1264, 2494], [1274, 2491], [1286, 2489], [1298, 2486], [1302, 2484], [1306, 2483], [1309, 2480], [1311, 2478], [1313, 2475], [1317, 2472], [1319, 2470], [1321, 2466], [1323, 2461], [1325, 2456], [1328, 2452]]
787;74;NA;0.9384765625;0.9085563069685386;0.979767918586731;6599;6383;[963, 1912, 1069, 2002];[963, 1912, 1070, 2003];[[1069, 1935], [1046, 1929], [1038, 1915], [1012, 1912], [1009, 1920], [1025, 1928], [1019, 1936], [986, 1933], [966, 1943], [963, 1959], [966, 1997], [969, 2000], [991, 2002], [1016, 1999], [1059, 1973], [1068, 1960]];[[1070, 1945], [1068, 1936], [1066, 1934], [1064, 1931], [1062, 1929], [1056, 1928], [1050, 1926], [1046, 1924], [1042, 1922], [1040, 1920], [1038, 1918], [1036, 1915], [1034, 1913], [1020, 1912], [1007, 1915], [1010, 1919], [1014, 1921], [1016, 1923], [1018, 1925], [1021, 1927], [1022, 1932], [1000, 1936], [978, 1938], [974, 1940], [971, 1941], [969, 1943], [966, 1946], [964, 1948], [963, 1969], [965, 1991], [967, 1995], [970, 1999], [974, 2001], [986, 2003], [998, 2001], [1000, 1999], [1002, 1997], [1004, 1995], [1006, 1993], [1010, 1991], [1014, 1989], [1026, 1987], [1038, 1985], [1040, 1983], [1042, 1981], [1046, 1979], [1050, 1977], [1054, 1975], [1058, 1973], [1060, 1971], [1062, 1967], [1064, 1963], [1066, 1959], [1068, 1955]]
788;20;NA;0.95263671875;0.8721915285451197;0.8946283459663391;4958;5208;[1336, 1977, 1443, 2051];[1335, 1978, 1447, 2055];[[1443, 1986], [1432, 1977], [1419, 1977], [1413, 1983], [1402, 1984], [1395, 1991], [1387, 1991], [1379, 1986], [1369, 1987], [1367, 1994], [1340, 2017], [1336, 2031], [1339, 2042], [1351, 2051], [1381, 2050], [1404, 2030], [1413, 2029], [1443, 2004]];[[1447, 1992], [1423, 1978], [1398, 1982], [1391, 1986], [1383, 1989], [1373, 1993], [1363, 1995], [1360, 1999], [1356, 2002], [1352, 2006], [1349, 2009], [1345, 2013], [1340, 2018], [1337, 2021], [1335, 2034], [1337, 2048], [1340, 2051], [1358, 2055], [1375, 2052], [1379, 2049], [1383, 2044], [1391, 2040], [1398, 2037], [1405, 2033], [1411, 2031], [1414, 2027], [1419, 2023], [1426, 2019], [1432, 2017], [1436, 2013], [1441, 2008], [1444, 2005]]
789;63;NA;0.939453125;0.8134608173978253;0.8926324844360352;4866;4807;[1177, 2047, 1271, 2140];[1179, 2048, 1270, 2147];[[1178, 2047], [1177, 2063], [1197, 2090], [1210, 2095], [1209, 2104], [1204, 2110], [1209, 2131], [1223, 2140], [1243, 2131], [1247, 2122], [1264, 2105], [1265, 2087], [1271, 2079], [1267, 2067], [1249, 2060], [1240, 2064], [1233, 2072], [1226, 2073], [1201, 2047]];[[1188, 2048], [1179, 2055], [1181, 2063], [1183, 2067], [1184, 2071], [1186, 2073], [1188, 2075], [1190, 2077], [1192, 2079], [1194, 2081], [1196, 2083], [1198, 2085], [1200, 2087], [1202, 2089], [1205, 2091], [1207, 2093], [1205, 2095], [1202, 2098], [1196, 2100], [1191, 2103], [1192, 2107], [1194, 2109], [1201, 2111], [1207, 2117], [1205, 2123], [1203, 2131], [1204, 2139], [1206, 2141], [1209, 2143], [1211, 2145], [1214, 2147], [1218, 2145], [1222, 2143], [1226, 2141], [1228, 2139], [1230, 2137], [1234, 2135], [1238, 2131], [1240, 2127], [1242, 2125], [1244, 2123], [1246, 2119], [1248, 2115], [1250, 2113], [1252, 2111], [1254, 2109], [1256, 2107], [1258, 2105], [1260, 2103], [1262, 2101], [1264, 2099], [1266, 2089], [1268, 2079], [1270, 2075], [1268, 2072], [1266, 2070], [1264, 2067], [1262, 2065], [1250, 2064], [1239, 2065], [1237, 2067], [1234, 2070], [1230, 2072], [1227, 2073], [1225, 2075], [1222, 2074], [1220, 2072], [1218, 2070], [1216, 2067], [1214, 2063], [1212, 2060], [1210, 2058], [1208, 2055], [1206, 2053], [1202, 2052], [1198, 2050]]
790;419;NA;0.91796875;0.8969444946664256;0.9159972071647644;5031;5461;[1135, 2431, 1232, 2500];[1131, 2432, 1234, 2499];[[1232, 2455], [1212, 2431], [1198, 2437], [1195, 2444], [1191, 2446], [1170, 2443], [1148, 2444], [1137, 2454], [1137, 2458], [1144, 2465], [1135, 2476], [1136, 2492], [1154, 2499], [1173, 2495], [1196, 2500], [1211, 2496], [1231, 2479]];[[1222, 2439], [1220, 2436], [1218, 2434], [1202, 2432], [1187, 2435], [1189, 2439], [1190, 2444], [1186, 2448], [1182, 2446], [1176, 2444], [1170, 2442], [1160, 2440], [1150, 2442], [1146, 2444], [1142, 2446], [1138, 2448], [1135, 2459], [1133, 2471], [1131, 2479], [1132, 2487], [1134, 2489], [1136, 2491], [1138, 2493], [1141, 2495], [1143, 2497], [1154, 2499], [1166, 2497], [1174, 2495], [1182, 2497], [1192, 2499], [1202, 2497], [1208, 2495], [1214, 2493], [1218, 2491], [1222, 2489], [1224, 2487], [1226, 2483], [1228, 2479], [1230, 2477], [1232, 2475], [1234, 2465], [1232, 2455], [1230, 2451], [1228, 2448], [1226, 2446], [1224, 2443]]
791;33;NA;0.9462890625;0.872478386167147;0.9674902558326721;5407;4989;[987, 2386, 1076, 2480];[988, 2386, 1077, 2479];[[1006, 2386], [988, 2413], [987, 2429], [992, 2442], [1006, 2453], [1020, 2458], [1022, 2480], [1033, 2479], [1046, 2466], [1060, 2471], [1073, 2469], [1076, 2465], [1076, 2447], [1067, 2430], [1052, 2416], [1041, 2398], [1028, 2386]];[[1016, 2386], [1003, 2390], [1000, 2394], [997, 2397], [992, 2400], [988, 2421], [992, 2441], [997, 2444], [1002, 2446], [1007, 2448], [1011, 2451], [1016, 2453], [1019, 2456], [1022, 2466], [1023, 2475], [1026, 2477], [1028, 2479], [1031, 2477], [1035, 2475], [1040, 2472], [1047, 2470], [1054, 2472], [1062, 2475], [1068, 2473], [1070, 2471], [1073, 2467], [1076, 2465], [1077, 2456], [1075, 2447], [1073, 2442], [1071, 2438], [1069, 2436], [1066, 2433], [1064, 2431], [1061, 2428], [1058, 2425], [1050, 2424], [1040, 2421], [1037, 2418], [1035, 2413], [1037, 2409], [1039, 2401], [1038, 2395], [1035, 2393], [1032, 2390], [1030, 2387]]
792;114;NA;0.935546875;0.8603099440378821;0.8889872431755066;4167;4476;[1236, 2296, 1325, 2379];[1235, 2300, 1326, 2383];[[1324, 2306], [1314, 2300], [1298, 2303], [1291, 2297], [1277, 2296], [1267, 2300], [1259, 2310], [1237, 2321], [1236, 2334], [1242, 2337], [1261, 2336], [1275, 2343], [1276, 2346], [1263, 2360], [1263, 2376], [1266, 2379], [1276, 2378], [1299, 2354], [1315, 2343], [1325, 2323]];[[1318, 2301], [1292, 2300], [1267, 2301], [1265, 2303], [1262, 2306], [1258, 2308], [1255, 2309], [1253, 2311], [1250, 2314], [1244, 2316], [1239, 2317], [1237, 2319], [1235, 2331], [1238, 2343], [1242, 2341], [1252, 2339], [1262, 2341], [1265, 2343], [1267, 2347], [1265, 2351], [1263, 2357], [1261, 2363], [1259, 2369], [1260, 2375], [1262, 2377], [1265, 2379], [1267, 2381], [1270, 2383], [1274, 2381], [1278, 2379], [1282, 2377], [1284, 2375], [1286, 2371], [1288, 2367], [1290, 2363], [1292, 2359], [1294, 2357], [1296, 2355], [1298, 2353], [1300, 2351], [1302, 2349], [1306, 2347], [1310, 2345], [1312, 2343], [1314, 2341], [1316, 2339], [1318, 2335], [1320, 2331], [1322, 2327], [1324, 2323], [1326, 2315], [1324, 2308], [1322, 2306], [1320, 2303]]
793;125;NA;0.9345703125;0.9010856453558505;0.9105003476142883;4005;3875;[1356, 2221, 1446, 2297];[1360, 2220, 1445, 2299];[[1356, 2234], [1364, 2252], [1380, 2271], [1396, 2282], [1409, 2295], [1432, 2297], [1439, 2295], [1444, 2290], [1446, 2281], [1430, 2255], [1409, 2237], [1399, 2222], [1364, 2221]];[[1381, 2220], [1360, 2233], [1363, 2248], [1365, 2252], [1367, 2256], [1369, 2259], [1371, 2261], [1374, 2264], [1376, 2266], [1379, 2268], [1381, 2271], [1383, 2273], [1386, 2275], [1388, 2278], [1391, 2280], [1393, 2283], [1395, 2285], [1398, 2287], [1401, 2291], [1403, 2293], [1407, 2295], [1412, 2297], [1424, 2299], [1435, 2298], [1437, 2295], [1441, 2292], [1443, 2290], [1445, 2286], [1442, 2281], [1440, 2274], [1437, 2267], [1435, 2262], [1433, 2258], [1431, 2256], [1428, 2252], [1426, 2250], [1422, 2248], [1417, 2246], [1414, 2244], [1412, 2241], [1410, 2239], [1407, 2237], [1404, 2233], [1402, 2226]]
794;735;NA;0.89404296875;0.8943107221006564;0.9277498722076416;4480;4177;[1296, 2323, 1381, 2394];[1298, 2324, 1383, 2393];[[1378, 2335], [1359, 2326], [1341, 2323], [1329, 2325], [1299, 2360], [1296, 2369], [1297, 2385], [1308, 2394], [1331, 2394], [1339, 2388], [1352, 2386], [1374, 2372], [1378, 2366], [1381, 2351]];[[1383, 2344], [1381, 2338], [1379, 2335], [1375, 2332], [1373, 2330], [1367, 2328], [1360, 2326], [1343, 2324], [1327, 2325], [1325, 2328], [1322, 2332], [1320, 2337], [1317, 2340], [1314, 2343], [1313, 2347], [1310, 2351], [1308, 2354], [1306, 2356], [1302, 2359], [1300, 2362], [1298, 2375], [1300, 2389], [1302, 2391], [1319, 2393], [1336, 2391], [1340, 2389], [1345, 2386], [1350, 2384], [1354, 2382], [1356, 2380], [1359, 2378], [1361, 2375], [1364, 2373], [1366, 2370], [1369, 2367], [1371, 2365], [1373, 2361], [1375, 2356], [1379, 2353], [1381, 2351]]
795;366;NA;0.92041015625;0.7940121627943241;0.9023259878158569;6035;5470;[893, 2313, 1002, 2412];[895, 2320, 1002, 2411];[[999, 2333], [980, 2324], [958, 2323], [941, 2315], [915, 2313], [905, 2316], [893, 2326], [893, 2338], [915, 2356], [912, 2376], [914, 2401], [930, 2412], [943, 2402], [946, 2392], [968, 2362], [988, 2370], [988, 2357], [1002, 2347]];[[930, 2320], [895, 2325], [904, 2331], [914, 2333], [916, 2335], [918, 2337], [921, 2339], [923, 2347], [921, 2355], [919, 2359], [917, 2363], [915, 2367], [913, 2371], [911, 2377], [909, 2383], [907, 2389], [909, 2395], [911, 2399], [912, 2403], [914, 2405], [918, 2407], [922, 2409], [926, 2411], [930, 2409], [934, 2407], [938, 2405], [940, 2403], [942, 2401], [944, 2399], [946, 2397], [948, 2395], [950, 2391], [952, 2387], [954, 2383], [956, 2379], [958, 2377], [960, 2375], [962, 2373], [964, 2371], [966, 2369], [978, 2367], [990, 2363], [994, 2359], [998, 2355], [1000, 2351], [1002, 2343], [1000, 2336], [998, 2334], [996, 2332], [994, 2330], [992, 2327], [990, 2325], [978, 2324], [966, 2322]]
796;616;NA;0.90576171875;0.8290155440414507;0.877860426902771;4247;4225;[1001, 2169, 1096, 2235];[1003, 2167, 1101, 2237];[[1001, 2174], [1001, 2190], [1008, 2200], [1041, 2215], [1025, 2227], [1027, 2231], [1038, 2232], [1053, 2225], [1061, 2225], [1070, 2231], [1085, 2235], [1096, 2229], [1096, 2206], [1088, 2193], [1080, 2186], [1040, 2171], [1011, 2169]];[[1021, 2167], [1003, 2186], [1007, 2204], [1011, 2206], [1021, 2209], [1031, 2211], [1034, 2214], [1036, 2221], [1038, 2228], [1040, 2225], [1045, 2223], [1050, 2225], [1057, 2228], [1064, 2230], [1067, 2233], [1069, 2236], [1081, 2237], [1092, 2236], [1094, 2233], [1097, 2230], [1100, 2228], [1101, 2224], [1099, 2219], [1097, 2214], [1094, 2210], [1092, 2205], [1089, 2200], [1087, 2195], [1085, 2191], [1083, 2189], [1078, 2186], [1073, 2184], [1069, 2182], [1064, 2179], [1059, 2177], [1054, 2175], [1047, 2172], [1040, 2170]]
797;36;NA;0.94482421875;0.913575042158516;0.8669179677963257;4599;4479;[942, 2212, 1014, 2306];[946, 2214, 1011, 2308];[[989, 2212], [969, 2213], [957, 2227], [952, 2246], [943, 2255], [942, 2264], [954, 2280], [956, 2299], [959, 2304], [964, 2306], [979, 2305], [988, 2295], [1001, 2272], [1013, 2240], [1014, 2230], [1011, 2224]];[[980, 2214], [965, 2218], [962, 2223], [959, 2226], [957, 2228], [955, 2235], [953, 2242], [949, 2245], [947, 2247], [946, 2258], [948, 2270], [950, 2280], [953, 2289], [955, 2297], [957, 2303], [959, 2305], [971, 2308], [982, 2306], [984, 2304], [987, 2299], [989, 2294], [992, 2289], [994, 2285], [996, 2280], [999, 2275], [1001, 2268], [1004, 2261], [1006, 2256], [1008, 2251], [1011, 2239], [1009, 2228], [1007, 2226], [1004, 2223], [1002, 2221], [999, 2218], [996, 2215]]
798;470;NA;0.9140625;0.8698644421272158;0.8862684965133667;4700;4266;[1093, 2032, 1169, 2124];[1091, 2036, 1166, 2123];[[1096, 2038], [1093, 2042], [1094, 2066], [1101, 2087], [1112, 2092], [1127, 2108], [1144, 2108], [1157, 2124], [1161, 2124], [1169, 2113], [1163, 2071], [1157, 2063], [1157, 2057], [1162, 2051], [1161, 2042], [1158, 2041], [1151, 2047], [1145, 2046], [1139, 2039], [1122, 2032], [1110, 2032]];[[1114, 2036], [1095, 2037], [1093, 2039], [1091, 2047], [1093, 2055], [1095, 2069], [1096, 2083], [1098, 2085], [1104, 2087], [1110, 2089], [1112, 2091], [1114, 2093], [1117, 2095], [1119, 2099], [1120, 2103], [1122, 2105], [1126, 2107], [1130, 2109], [1134, 2111], [1138, 2109], [1142, 2107], [1146, 2109], [1149, 2111], [1151, 2115], [1152, 2119], [1154, 2121], [1160, 2123], [1166, 2103], [1164, 2083], [1162, 2077], [1160, 2071], [1158, 2067], [1156, 2064], [1154, 2062], [1152, 2059], [1150, 2055], [1148, 2052], [1146, 2050], [1144, 2048], [1142, 2046], [1140, 2044], [1138, 2042], [1136, 2039], [1134, 2037]]
799;178;NA;0.93115234375;0.868253594155079;0.8960114121437073;4175;3752;[1188, 2114, 1278, 2192];[1193, 2114, 1278, 2188];[[1277, 2119], [1268, 2114], [1251, 2115], [1236, 2127], [1221, 2135], [1206, 2151], [1197, 2157], [1188, 2172], [1189, 2182], [1210, 2192], [1220, 2192], [1251, 2168], [1260, 2167], [1270, 2160], [1278, 2148]];[[1278, 2134], [1276, 2119], [1274, 2116], [1262, 2114], [1251, 2115], [1248, 2118], [1245, 2121], [1243, 2123], [1241, 2127], [1239, 2132], [1236, 2135], [1231, 2138], [1227, 2139], [1224, 2142], [1221, 2145], [1217, 2147], [1212, 2150], [1207, 2152], [1203, 2153], [1201, 2156], [1197, 2159], [1195, 2161], [1193, 2173], [1195, 2184], [1197, 2186], [1212, 2188], [1226, 2186], [1231, 2184], [1235, 2182], [1237, 2180], [1240, 2177], [1245, 2174], [1250, 2172], [1255, 2169], [1259, 2167], [1264, 2165], [1268, 2163], [1271, 2161], [1273, 2156], [1275, 2151]]
800;324;NA;0.92236328125;0.8494871258111786;0.8945983648300171;4097;4738;[1338, 2117, 1406, 2202];[1338, 2116, 1409, 2207];[[1355, 2118], [1345, 2127], [1345, 2136], [1352, 2143], [1354, 2150], [1340, 2159], [1338, 2168], [1344, 2170], [1349, 2165], [1358, 2167], [1356, 2197], [1365, 2202], [1373, 2185], [1380, 2187], [1385, 2201], [1397, 2199], [1403, 2193], [1406, 2182], [1404, 2136], [1393, 2126], [1380, 2123], [1373, 2117]];[[1365, 2116], [1354, 2117], [1352, 2119], [1349, 2122], [1347, 2124], [1346, 2129], [1344, 2135], [1342, 2137], [1344, 2139], [1346, 2147], [1344, 2155], [1341, 2158], [1339, 2160], [1338, 2167], [1341, 2175], [1345, 2173], [1347, 2171], [1349, 2169], [1354, 2167], [1358, 2173], [1356, 2179], [1354, 2191], [1357, 2203], [1361, 2205], [1367, 2207], [1373, 2203], [1379, 2199], [1385, 2201], [1389, 2203], [1393, 2201], [1395, 2199], [1397, 2197], [1399, 2195], [1401, 2193], [1403, 2191], [1405, 2187], [1407, 2183], [1409, 2169], [1407, 2155], [1405, 2147], [1403, 2139], [1401, 2135], [1399, 2132], [1397, 2130], [1395, 2128], [1393, 2126], [1391, 2123], [1389, 2121], [1383, 2120], [1377, 2118]]
801;-1;NA;NA;0.0;0.0;3846;0;[0, 2358, 45, 2474];[];[[4, 2358], [0, 2362], [0, 2441], [4, 2464], [12, 2474], [37, 2474], [45, 2462], [41, 2426], [27, 2389], [15, 2368], [7, 2358]];[]
802;887;NA;0.8671875;0.7994350282485876;0.8533700108528137;2747;2349;[49, 2286, 117, 2336];[44, 2288, 115, 2335];[[116, 2295], [110, 2288], [105, 2286], [93, 2286], [83, 2290], [72, 2290], [61, 2296], [49, 2311], [50, 2332], [79, 2336], [92, 2335], [106, 2326], [113, 2319], [117, 2309]];[[111, 2291], [93, 2288], [76, 2289], [74, 2291], [72, 2293], [70, 2295], [68, 2297], [66, 2299], [63, 2302], [61, 2304], [60, 2307], [56, 2311], [52, 2313], [50, 2315], [47, 2318], [45, 2320], [44, 2325], [47, 2331], [51, 2333], [71, 2335], [91, 2333], [93, 2331], [95, 2329], [97, 2327], [99, 2325], [101, 2323], [103, 2319], [107, 2315], [111, 2311], [113, 2307], [115, 2301], [113, 2295]]
803;906;NA;0.85986328125;0.8478413068844808;0.8520112037658691;4081;3837;[457, 2190, 503, 2291];[456, 2192, 507, 2295];[[496, 2191], [480, 2190], [474, 2192], [460, 2211], [457, 2219], [457, 2232], [460, 2238], [458, 2272], [463, 2291], [488, 2291], [497, 2279], [497, 2270], [502, 2256], [503, 2218], [501, 2195]];[[495, 2195], [487, 2192], [479, 2194], [475, 2196], [472, 2197], [470, 2199], [468, 2203], [466, 2207], [464, 2215], [465, 2223], [467, 2225], [466, 2227], [464, 2235], [462, 2243], [460, 2247], [458, 2251], [456, 2263], [458, 2275], [460, 2279], [462, 2283], [464, 2287], [465, 2291], [467, 2293], [473, 2295], [479, 2293], [481, 2291], [483, 2289], [487, 2287], [491, 2283], [493, 2279], [495, 2277], [497, 2275], [499, 2269], [501, 2263], [503, 2255], [505, 2247], [507, 2237], [505, 2227], [503, 2215], [501, 2204], [499, 2202], [497, 2199]]
804;852;NA;0.8759765625;0.7931199235547062;0.7197719216346741;3713;3793;[-2, 2250, 75, 2315];[1, 2257, 76, 2327];[[3, 2251], [-1, 2261], [-2, 2296], [0, 2308], [5, 2315], [39, 2315], [64, 2298], [73, 2288], [75, 2273], [73, 2267], [67, 2262], [59, 2260], [44, 2265], [39, 2269], [34, 2269], [8, 2250]];[[63, 2259], [55, 2257], [49, 2258], [47, 2261], [43, 2264], [36, 2266], [29, 2264], [26, 2261], [24, 2258], [15, 2257], [6, 2261], [4, 2266], [1, 2294], [8, 2322], [15, 2324], [24, 2327], [33, 2325], [36, 2323], [38, 2320], [40, 2318], [43, 2316], [45, 2313], [47, 2311], [50, 2308], [52, 2306], [55, 2304], [57, 2301], [59, 2299], [62, 2297], [64, 2294], [67, 2292], [69, 2289], [72, 2286], [74, 2284], [76, 2277], [74, 2270], [71, 2266], [67, 2262]]
805;856;NA;0.875;0.7438376027066216;0.7753047347068787;3974;3242;[88, 2270, 177, 2327];[100, 2268, 179, 2331];[[175, 2273], [167, 2270], [137, 2271], [113, 2277], [88, 2292], [88, 2304], [93, 2308], [95, 2322], [105, 2327], [144, 2324], [151, 2318], [159, 2315], [176, 2300], [177, 2284]];[[175, 2275], [173, 2272], [171, 2270], [153, 2268], [135, 2270], [131, 2272], [127, 2274], [121, 2276], [115, 2278], [109, 2280], [104, 2281], [105, 2283], [107, 2285], [110, 2287], [112, 2291], [114, 2295], [116, 2301], [114, 2307], [112, 2309], [110, 2311], [108, 2313], [106, 2315], [103, 2318], [101, 2320], [100, 2325], [111, 2331], [123, 2329], [127, 2327], [131, 2325], [133, 2323], [135, 2321], [139, 2319], [143, 2317], [151, 2315], [159, 2313], [163, 2311], [167, 2307], [169, 2303], [171, 2301], [173, 2299], [175, 2295], [177, 2291], [179, 2285], [177, 2279]]
806;9;NA;0.95849609375;0.8876338851022395;0.9142590761184692;4692;5001;[372, 2369, 482, 2441];[369, 2365, 481, 2441];[[372, 2398], [372, 2422], [394, 2433], [408, 2434], [427, 2441], [470, 2441], [477, 2438], [482, 2429], [480, 2416], [461, 2401], [433, 2399], [428, 2395], [429, 2389], [436, 2381], [433, 2369], [430, 2369], [412, 2390], [380, 2392]];[[372, 2399], [369, 2410], [371, 2420], [375, 2423], [382, 2427], [389, 2430], [400, 2434], [410, 2438], [443, 2441], [474, 2439], [477, 2435], [481, 2424], [478, 2415], [475, 2411], [470, 2407], [466, 2403], [452, 2399], [438, 2381], [432, 2365], [426, 2371], [422, 2378], [418, 2383], [410, 2386], [403, 2390], [389, 2393], [376, 2396]]
807;375;NA;0.92041015625;0.8257793077070186;0.8372587561607361;4886;4661;[354, 1997, 457, 2056];[362, 1993, 459, 2055];[[457, 2019], [452, 2012], [440, 2008], [427, 1997], [417, 1997], [411, 2002], [380, 2002], [359, 2013], [362, 2028], [354, 2040], [354, 2049], [356, 2053], [365, 2056], [420, 2055], [442, 2047], [456, 2037]];[[459, 2024], [457, 2014], [453, 2011], [446, 2007], [439, 2000], [428, 1993], [418, 1996], [393, 2000], [369, 2002], [365, 2006], [362, 2024], [364, 2040], [367, 2044], [375, 2048], [382, 2051], [407, 2055], [431, 2052], [434, 2049], [439, 2044], [446, 2040], [452, 2038], [456, 2034]]
808;397;NA;0.9189453125;0.8725856192176594;0.851396918296814;5875;5662;[3277, 1832, 3354, 1933];[3284, 1832, 3355, 1939];[[3289, 1835], [3285, 1844], [3284, 1888], [3277, 1903], [3286, 1930], [3300, 1933], [3312, 1929], [3318, 1923], [3326, 1931], [3338, 1932], [3349, 1924], [3354, 1909], [3349, 1876], [3325, 1849], [3323, 1837], [3319, 1833], [3299, 1832]];[[3305, 1832], [3296, 1833], [3294, 1835], [3291, 1838], [3289, 1840], [3288, 1865], [3286, 1891], [3284, 1909], [3286, 1927], [3288, 1931], [3291, 1935], [3295, 1937], [3301, 1939], [3307, 1937], [3311, 1935], [3315, 1933], [3317, 1931], [3319, 1933], [3325, 1935], [3331, 1933], [3335, 1931], [3339, 1929], [3341, 1927], [3343, 1925], [3345, 1923], [3347, 1921], [3349, 1919], [3351, 1911], [3353, 1903], [3355, 1899], [3353, 1895], [3351, 1887], [3349, 1880], [3347, 1878], [3345, 1875], [3343, 1871], [3341, 1868], [3339, 1866], [3337, 1863], [3335, 1859], [3333, 1856], [3331, 1854], [3329, 1851], [3327, 1847], [3325, 1844], [3323, 1842], [3321, 1840], [3319, 1838], [3317, 1835], [3315, 1833]]
809;22;NA;0.95166015625;0.7680911680911681;0.7975503206253052;5072;4237;[3177, 1620, 3240, 1731];[3180, 1628, 3235, 1733];[[3223, 1620], [3219, 1620], [3209, 1634], [3201, 1634], [3187, 1627], [3177, 1639], [3183, 1658], [3185, 1698], [3191, 1705], [3193, 1718], [3204, 1731], [3222, 1730], [3233, 1717], [3233, 1672], [3239, 1659], [3240, 1646], [3232, 1626]];[[3211, 1628], [3188, 1630], [3184, 1634], [3180, 1662], [3184, 1691], [3188, 1698], [3191, 1705], [3195, 1713], [3197, 1718], [3201, 1722], [3204, 1726], [3208, 1729], [3211, 1733], [3214, 1730], [3217, 1727], [3221, 1723], [3225, 1720], [3229, 1715], [3233, 1711], [3235, 1670]]
810;40;NA;0.94384765625;0.7176666666666667;0.8878774642944336;5488;4818;[3075, 1715, 3161, 1810];[3067, 1714, 3161, 1808];[[3077, 1716], [3075, 1759], [3079, 1764], [3089, 1767], [3092, 1774], [3084, 1789], [3088, 1793], [3117, 1793], [3122, 1797], [3126, 1810], [3137, 1803], [3158, 1802], [3161, 1796], [3160, 1768], [3150, 1755], [3110, 1715]];[[3088, 1714], [3077, 1716], [3075, 1718], [3072, 1728], [3070, 1737], [3067, 1749], [3069, 1760], [3071, 1763], [3076, 1765], [3081, 1768], [3084, 1771], [3086, 1780], [3088, 1789], [3090, 1791], [3098, 1794], [3104, 1792], [3106, 1790], [3110, 1791], [3114, 1794], [3119, 1796], [3122, 1799], [3125, 1802], [3129, 1803], [3133, 1806], [3143, 1808], [3152, 1807], [3154, 1804], [3157, 1801], [3160, 1799], [3161, 1788], [3160, 1776], [3157, 1774], [3150, 1772], [3143, 1769], [3138, 1767], [3133, 1764], [3128, 1761], [3123, 1757], [3121, 1753], [3119, 1750], [3116, 1747], [3114, 1735], [3112, 1724], [3110, 1722], [3105, 1719], [3100, 1717]]
811;355;NA;0.9208984375;0.8380846941599779;0.855955183506012;3481;3160;[3350, 1887, 3426, 1956];[3352, 1892, 3427, 1959];[[3423, 1898], [3420, 1895], [3412, 1894], [3400, 1899], [3386, 1887], [3369, 1887], [3358, 1903], [3356, 1919], [3350, 1939], [3351, 1953], [3360, 1956], [3372, 1955], [3387, 1942], [3395, 1940], [3400, 1934], [3409, 1931], [3419, 1922], [3426, 1907]];[[3427, 1905], [3425, 1900], [3423, 1898], [3421, 1895], [3419, 1893], [3403, 1892], [3387, 1894], [3381, 1896], [3375, 1898], [3369, 1900], [3364, 1901], [3362, 1903], [3359, 1906], [3357, 1908], [3356, 1917], [3354, 1927], [3352, 1941], [3355, 1955], [3359, 1957], [3363, 1959], [3367, 1957], [3371, 1955], [3375, 1953], [3377, 1951], [3379, 1949], [3381, 1947], [3383, 1945], [3385, 1943], [3387, 1941], [3391, 1939], [3395, 1937], [3397, 1935], [3399, 1933], [3403, 1931], [3407, 1929], [3409, 1927], [3411, 1925], [3413, 1923], [3415, 1921], [3417, 1919], [3419, 1917], [3421, 1915], [3423, 1913], [3425, 1911]]
812;910;NA;0.85693359375;0.9007676997441001;0.9579207897186279;3480;3205;[2992, 1678, 3036, 1779];[2992, 1680, 3035, 1779];[[3018, 1678], [3007, 1678], [2999, 1682], [2998, 1719], [2992, 1732], [2992, 1769], [3000, 1779], [3015, 1778], [3023, 1769], [3024, 1752], [3030, 1744], [3031, 1728], [3036, 1720], [3036, 1697], [3025, 1682]];[[3023, 1681], [3015, 1680], [3008, 1681], [3006, 1683], [3004, 1687], [3002, 1691], [3000, 1701], [2998, 1711], [2996, 1719], [2994, 1727], [2992, 1749], [2993, 1771], [2995, 1773], [2999, 1775], [3003, 1777], [3007, 1779], [3011, 1777], [3013, 1775], [3015, 1773], [3017, 1771], [3019, 1769], [3021, 1767], [3023, 1761], [3025, 1755], [3027, 1747], [3029, 1739], [3031, 1733], [3033, 1727], [3035, 1711], [3033, 1695], [3031, 1691], [3029, 1688], [3027, 1686], [3025, 1683]]
813;417;NA;0.91796875;0.7884195915129883;0.8331255912780762;4347;4672;[3343, 1713, 3407, 1810];[3340, 1708, 3411, 1807];[[3401, 1714], [3390, 1713], [3383, 1716], [3375, 1731], [3364, 1743], [3354, 1739], [3350, 1758], [3343, 1766], [3351, 1800], [3371, 1810], [3387, 1803], [3405, 1780], [3407, 1732], [3405, 1718]];[[3343, 1708], [3340, 1719], [3342, 1731], [3344, 1735], [3346, 1739], [3348, 1751], [3344, 1763], [3340, 1771], [3342, 1779], [3344, 1783], [3345, 1787], [3347, 1789], [3350, 1791], [3352, 1795], [3353, 1799], [3355, 1801], [3359, 1803], [3363, 1805], [3371, 1807], [3379, 1805], [3381, 1803], [3383, 1801], [3387, 1799], [3391, 1797], [3393, 1795], [3395, 1791], [3397, 1787], [3399, 1785], [3401, 1783], [3403, 1779], [3405, 1775], [3407, 1769], [3409, 1763], [3411, 1759], [3409, 1755], [3407, 1741], [3405, 1727], [3403, 1723], [3393, 1720], [3384, 1721], [3382, 1723], [3380, 1727], [3378, 1731], [3376, 1733], [3374, 1735], [3371, 1738], [3367, 1740], [3363, 1738], [3361, 1736], [3359, 1734], [3357, 1731], [3355, 1727], [3353, 1723], [3351, 1717], [3349, 1712], [3347, 1710]]
814;243;NA;0.92626953125;0.870862723819859;0.9283766150474548;5393;4951;[3183, 1848, 3282, 1914];[3184, 1848, 3287, 1915];[[3183, 1901], [3197, 1914], [3249, 1913], [3257, 1906], [3269, 1904], [3281, 1893], [3282, 1869], [3270, 1858], [3256, 1856], [3248, 1851], [3230, 1848], [3197, 1848], [3193, 1852], [3191, 1864], [3200, 1881], [3187, 1885], [3183, 1889]];[[3184, 1899], [3189, 1911], [3195, 1913], [3205, 1915], [3215, 1913], [3219, 1911], [3223, 1909], [3237, 1907], [3251, 1905], [3253, 1903], [3255, 1901], [3261, 1899], [3267, 1897], [3273, 1895], [3279, 1893], [3281, 1891], [3283, 1887], [3285, 1883], [3287, 1877], [3285, 1871], [3283, 1865], [3271, 1860], [3259, 1858], [3255, 1856], [3251, 1854], [3247, 1852], [3243, 1854], [3239, 1856], [3235, 1854], [3231, 1852], [3227, 1850], [3213, 1848], [3200, 1849], [3198, 1851], [3195, 1854], [3193, 1856], [3192, 1861], [3194, 1867], [3196, 1871], [3197, 1875], [3199, 1877], [3198, 1879], [3195, 1882], [3191, 1884], [3188, 1885], [3186, 1887]]
815;313;NA;0.9228515625;0.9198813056379822;0.8675429821014404;4605;4453;[3017, 1492, 3115, 1558];[3020, 1492, 3111, 1563];[[3017, 1520], [3018, 1533], [3037, 1550], [3046, 1551], [3054, 1558], [3099, 1558], [3112, 1546], [3115, 1539], [3111, 1532], [3097, 1522], [3102, 1515], [3103, 1504], [3101, 1496], [3092, 1492], [3064, 1494], [3055, 1512], [3049, 1509], [3035, 1509]];[[3021, 1520], [3020, 1529], [3021, 1539], [3023, 1541], [3027, 1543], [3031, 1545], [3035, 1547], [3039, 1549], [3043, 1551], [3047, 1553], [3051, 1555], [3055, 1557], [3063, 1559], [3071, 1561], [3073, 1563], [3075, 1561], [3085, 1559], [3095, 1557], [3099, 1555], [3103, 1553], [3105, 1551], [3107, 1547], [3109, 1543], [3111, 1539], [3109, 1535], [3107, 1531], [3105, 1528], [3103, 1526], [3101, 1523], [3099, 1517], [3101, 1511], [3103, 1507], [3101, 1503], [3099, 1499], [3097, 1496], [3095, 1494], [3081, 1492], [3068, 1493], [3066, 1495], [3063, 1498], [3061, 1500], [3060, 1503], [3058, 1507], [3055, 1510], [3053, 1512], [3051, 1510], [3043, 1508], [3035, 1510], [3031, 1512], [3028, 1513], [3026, 1515], [3023, 1518]]
816;51;NA;0.9423828125;0.8554455445544554;0.8788487315177917;6262;5919;[3286, 1460, 3389, 1558];[3288, 1463, 3393, 1554];[[3287, 1488], [3286, 1508], [3307, 1529], [3319, 1531], [3338, 1549], [3355, 1558], [3381, 1558], [3385, 1554], [3389, 1542], [3385, 1536], [3383, 1515], [3375, 1507], [3374, 1486], [3360, 1460], [3349, 1473], [3329, 1472], [3310, 1484], [3295, 1484]];[[3297, 1485], [3288, 1498], [3290, 1511], [3294, 1515], [3297, 1518], [3301, 1522], [3306, 1527], [3309, 1530], [3315, 1532], [3322, 1536], [3340, 1540], [3358, 1543], [3363, 1548], [3366, 1552], [3380, 1554], [3393, 1544], [3389, 1534], [3386, 1523], [3382, 1512], [3378, 1505], [3375, 1498], [3371, 1480], [3362, 1463], [3351, 1467], [3337, 1470], [3322, 1474], [3315, 1478], [3308, 1481]]
817;57;NA;0.9404296875;0.910036496350365;0.8667159676551819;5262;5205;[2967, 1579, 3054, 1679];[2972, 1576, 3059, 1679];[[3050, 1579], [3030, 1580], [3023, 1588], [3011, 1595], [2995, 1598], [2970, 1627], [2967, 1642], [2968, 1657], [2971, 1660], [2988, 1658], [2995, 1678], [3007, 1679], [3014, 1676], [3027, 1657], [3028, 1647], [3036, 1639], [3037, 1629], [3044, 1623], [3053, 1607], [3054, 1588]];[[3051, 1578], [3041, 1576], [3032, 1579], [3030, 1583], [3027, 1586], [3023, 1588], [3019, 1590], [3015, 1592], [3011, 1594], [3005, 1596], [2999, 1598], [2995, 1600], [2992, 1603], [2990, 1607], [2988, 1609], [2986, 1611], [2984, 1613], [2982, 1615], [2979, 1618], [2977, 1620], [2976, 1623], [2974, 1627], [2972, 1641], [2973, 1655], [2975, 1657], [2981, 1659], [2987, 1663], [2990, 1667], [2992, 1671], [2993, 1675], [2995, 1677], [3003, 1679], [3011, 1677], [3013, 1675], [3015, 1673], [3017, 1671], [3019, 1669], [3021, 1667], [3023, 1663], [3025, 1659], [3027, 1655], [3029, 1651], [3031, 1647], [3033, 1643], [3035, 1639], [3037, 1635], [3039, 1631], [3041, 1627], [3043, 1625], [3045, 1623], [3047, 1619], [3049, 1615], [3051, 1611], [3053, 1607], [3055, 1603], [3057, 1599], [3059, 1593], [3057, 1587], [3055, 1583], [3053, 1580]]
818;518;NA;0.9111328125;0.7783618046430136;0.883874237537384;4545;3575;[2997, 1780, 3084, 1848];[3000, 1780, 3083, 1843];[[3079, 1787], [3063, 1780], [3043, 1784], [3023, 1783], [3008, 1787], [2997, 1805], [2998, 1830], [3016, 1848], [3037, 1848], [3044, 1841], [3074, 1823], [3080, 1817], [3083, 1810], [3084, 1795]];[[3079, 1795], [3075, 1792], [3071, 1790], [3069, 1787], [3067, 1783], [3059, 1780], [3052, 1781], [3050, 1783], [3048, 1785], [3046, 1787], [3043, 1790], [3037, 1792], [3031, 1790], [3025, 1788], [3020, 1789], [3018, 1791], [3015, 1794], [3011, 1796], [3007, 1798], [3003, 1800], [3000, 1817], [3001, 1835], [3003, 1837], [3006, 1839], [3008, 1841], [3023, 1843], [3039, 1841], [3043, 1839], [3047, 1837], [3049, 1835], [3051, 1833], [3053, 1831], [3055, 1829], [3057, 1827], [3059, 1825], [3061, 1823], [3063, 1821], [3067, 1819], [3071, 1817], [3073, 1815], [3075, 1813], [3077, 1811], [3079, 1809], [3081, 1807], [3083, 1803], [3081, 1799]]
819;996;NA;0.7705078125;0.8496692723992784;0.87071293592453;3293;2859;[3115, 1692, 3176, 1767];[3116, 1696, 3175, 1771];[[3166, 1692], [3149, 1693], [3124, 1721], [3115, 1724], [3115, 1739], [3122, 1748], [3125, 1756], [3143, 1767], [3153, 1766], [3162, 1758], [3164, 1753], [3169, 1749], [3170, 1740], [3176, 1732], [3176, 1702]];[[3171, 1698], [3157, 1696], [3144, 1699], [3142, 1703], [3140, 1707], [3138, 1711], [3136, 1715], [3132, 1719], [3127, 1722], [3123, 1724], [3120, 1725], [3118, 1727], [3116, 1737], [3119, 1747], [3123, 1751], [3127, 1755], [3131, 1757], [3134, 1759], [3136, 1761], [3139, 1763], [3143, 1765], [3146, 1767], [3148, 1769], [3149, 1771], [3151, 1769], [3153, 1767], [3155, 1765], [3157, 1763], [3159, 1759], [3161, 1755], [3163, 1753], [3165, 1751], [3167, 1745], [3169, 1739], [3171, 1729], [3173, 1719], [3175, 1709], [3173, 1700]]
820;475;NA;0.9140625;0.8624012333783002;0.8563393354415894;4582;5082;[3196, 1721, 3290, 1810];[3206, 1719, 3290, 1808];[[3223, 1723], [3213, 1733], [3211, 1746], [3206, 1749], [3199, 1748], [3196, 1752], [3211, 1756], [3215, 1768], [3223, 1766], [3241, 1788], [3246, 1800], [3257, 1810], [3268, 1809], [3274, 1801], [3289, 1791], [3290, 1781], [3286, 1766], [3271, 1750], [3271, 1742], [3253, 1724], [3243, 1721]];[[3238, 1719], [3225, 1721], [3222, 1723], [3220, 1726], [3218, 1728], [3215, 1730], [3213, 1733], [3210, 1736], [3207, 1738], [3206, 1747], [3208, 1757], [3210, 1764], [3217, 1770], [3224, 1772], [3227, 1776], [3230, 1785], [3234, 1794], [3238, 1796], [3241, 1799], [3244, 1802], [3248, 1803], [3253, 1806], [3262, 1808], [3271, 1807], [3273, 1804], [3276, 1802], [3278, 1799], [3280, 1797], [3283, 1795], [3286, 1791], [3288, 1789], [3290, 1780], [3288, 1771], [3285, 1766], [3283, 1761], [3280, 1757], [3278, 1752], [3276, 1747], [3273, 1742], [3271, 1737], [3269, 1733], [3267, 1731], [3264, 1728], [3261, 1726], [3257, 1724], [3253, 1722]]
821;485;NA;0.9130859375;0.8178726620064236;0.9112750291824341;4372;5250;[3199, 1478, 3295, 1570];[3201, 1477, 3295, 1576];[[3199, 1492], [3208, 1513], [3223, 1528], [3225, 1539], [3232, 1546], [3233, 1555], [3248, 1568], [3260, 1570], [3283, 1569], [3287, 1565], [3291, 1554], [3286, 1537], [3295, 1530], [3293, 1524], [3265, 1528], [3253, 1512], [3251, 1500], [3244, 1492], [3239, 1478], [3236, 1478], [3229, 1493], [3221, 1488], [3208, 1488]];[[3212, 1487], [3201, 1495], [3203, 1505], [3206, 1510], [3207, 1514], [3210, 1516], [3213, 1519], [3215, 1524], [3218, 1529], [3220, 1534], [3222, 1538], [3225, 1543], [3227, 1548], [3230, 1553], [3231, 1557], [3234, 1559], [3236, 1561], [3238, 1564], [3241, 1567], [3244, 1569], [3250, 1571], [3257, 1573], [3267, 1576], [3276, 1573], [3281, 1571], [3285, 1569], [3288, 1567], [3291, 1564], [3293, 1561], [3295, 1555], [3292, 1548], [3290, 1538], [3292, 1529], [3295, 1526], [3293, 1525], [3291, 1522], [3284, 1520], [3276, 1522], [3272, 1525], [3267, 1522], [3265, 1520], [3262, 1518], [3259, 1515], [3257, 1510], [3254, 1505], [3252, 1498], [3249, 1491], [3247, 1486], [3245, 1482], [3243, 1480], [3236, 1477], [3230, 1479], [3227, 1481], [3224, 1484]]
822;500;NA;0.91259765625;0.8035539615259211;0.8688915371894836;5808;5255;[2931, 1809, 3043, 1896];[2934, 1815, 3042, 1899];[[2931, 1821], [2931, 1845], [2939, 1853], [2941, 1863], [2955, 1875], [2977, 1876], [2981, 1880], [2979, 1891], [2986, 1896], [2997, 1894], [3007, 1877], [3028, 1876], [3043, 1862], [3038, 1848], [3023, 1838], [3006, 1836], [2999, 1828], [2977, 1818], [2969, 1809], [2944, 1809]];[[2936, 1819], [2934, 1840], [2935, 1861], [2938, 1863], [2943, 1865], [2947, 1868], [2959, 1870], [2971, 1873], [2974, 1876], [2977, 1878], [2974, 1880], [2972, 1885], [2970, 1890], [2967, 1895], [2971, 1899], [2976, 1896], [2981, 1894], [2986, 1892], [2990, 1889], [2994, 1888], [2997, 1885], [3000, 1882], [3012, 1880], [3024, 1877], [3028, 1875], [3032, 1873], [3035, 1871], [3038, 1868], [3040, 1865], [3042, 1859], [3040, 1853], [3038, 1850], [3024, 1848], [3009, 1846], [3005, 1843], [3000, 1838], [2997, 1833], [2994, 1828], [2990, 1824], [2986, 1822], [2982, 1819], [2980, 1816], [2959, 1815], [2939, 1816]]
823;455;NA;0.91552734375;0.8490598001016433;0.9255319237709045;5339;5576;[3358, 1627, 3450, 1716];[3358, 1625, 3447, 1714];[[3435, 1627], [3378, 1627], [3358, 1639], [3358, 1663], [3362, 1666], [3379, 1666], [3385, 1670], [3377, 1680], [3377, 1710], [3380, 1714], [3393, 1716], [3404, 1713], [3416, 1693], [3416, 1680], [3422, 1674], [3440, 1674], [3450, 1662], [3447, 1646]];[[3362, 1630], [3358, 1646], [3360, 1662], [3362, 1664], [3365, 1667], [3368, 1670], [3373, 1672], [3377, 1691], [3379, 1709], [3381, 1712], [3388, 1714], [3396, 1712], [3400, 1709], [3404, 1705], [3407, 1700], [3410, 1695], [3412, 1690], [3415, 1693], [3417, 1695], [3419, 1697], [3422, 1700], [3423, 1698], [3426, 1696], [3428, 1691], [3427, 1687], [3424, 1685], [3426, 1681], [3428, 1679], [3431, 1677], [3433, 1674], [3435, 1672], [3438, 1670], [3440, 1667], [3443, 1664], [3446, 1662], [3447, 1650], [3446, 1639], [3443, 1637], [3441, 1635], [3439, 1632], [3435, 1629], [3433, 1627], [3400, 1625], [3367, 1627]]
824;356;NA;0.9208984375;0.8442444927086565;0.9024341106414795;6251;5637;[2527, 1800, 2628, 1891];[2528, 1792, 2627, 1891];[[2620, 1811], [2595, 1800], [2588, 1805], [2559, 1813], [2538, 1827], [2534, 1840], [2528, 1848], [2527, 1887], [2531, 1891], [2563, 1891], [2581, 1881], [2606, 1855], [2616, 1852], [2621, 1841], [2628, 1834], [2628, 1822]];[[2603, 1795], [2595, 1792], [2588, 1799], [2586, 1807], [2584, 1809], [2582, 1811], [2579, 1814], [2571, 1816], [2563, 1818], [2557, 1820], [2552, 1823], [2550, 1827], [2548, 1829], [2546, 1831], [2543, 1834], [2541, 1836], [2540, 1839], [2538, 1843], [2536, 1847], [2534, 1851], [2531, 1854], [2529, 1856], [2528, 1873], [2547, 1891], [2567, 1889], [2571, 1887], [2575, 1885], [2577, 1883], [2579, 1881], [2581, 1879], [2583, 1875], [2585, 1871], [2587, 1869], [2591, 1867], [2595, 1865], [2597, 1863], [2599, 1861], [2603, 1859], [2607, 1857], [2609, 1855], [2611, 1853], [2615, 1851], [2619, 1849], [2621, 1847], [2623, 1843], [2625, 1839], [2627, 1829], [2625, 1820], [2623, 1818], [2621, 1815], [2619, 1813], [2615, 1812], [2611, 1810], [2609, 1807], [2607, 1803], [2605, 1799]]
825;867;NA;0.87255859375;0.8097038437303088;0.8163265585899353;3043;2701;[2885, 1925, 2974, 1969];[2881, 1929, 2970, 1970];[[2885, 1950], [2886, 1958], [2890, 1963], [2931, 1964], [2938, 1969], [2956, 1969], [2970, 1962], [2974, 1957], [2974, 1946], [2966, 1938], [2956, 1932], [2939, 1930], [2928, 1925], [2918, 1925], [2908, 1930], [2893, 1933], [2887, 1941]];[[2885, 1934], [2881, 1942], [2883, 1951], [2885, 1954], [2895, 1956], [2904, 1958], [2919, 1961], [2933, 1963], [2936, 1966], [2939, 1969], [2943, 1970], [2947, 1968], [2955, 1966], [2962, 1963], [2966, 1961], [2970, 1952], [2969, 1943], [2966, 1941], [2963, 1938], [2961, 1935], [2957, 1934], [2952, 1931], [2921, 1929], [2890, 1931]]
826;788;NA;0.88623046875;0.8766375545851528;0.8198198080062866;4197;4398;[2519, 1905, 2616, 1962];[2525, 1904, 2620, 1967];[[2519, 1930], [2520, 1943], [2539, 1960], [2602, 1962], [2614, 1951], [2612, 1932], [2616, 1922], [2612, 1919], [2593, 1919], [2575, 1907], [2564, 1905], [2557, 1910], [2547, 1911], [2541, 1918], [2530, 1921]];[[2528, 1924], [2525, 1935], [2526, 1947], [2528, 1949], [2530, 1951], [2532, 1953], [2535, 1955], [2537, 1957], [2548, 1959], [2560, 1961], [2570, 1963], [2580, 1965], [2588, 1967], [2596, 1965], [2600, 1963], [2604, 1961], [2606, 1959], [2608, 1957], [2610, 1955], [2612, 1953], [2614, 1951], [2616, 1943], [2614, 1936], [2612, 1934], [2614, 1931], [2616, 1929], [2618, 1927], [2620, 1925], [2618, 1924], [2616, 1922], [2610, 1920], [2604, 1918], [2594, 1916], [2584, 1914], [2582, 1912], [2580, 1910], [2578, 1907], [2576, 1905], [2564, 1904], [2552, 1906], [2544, 1908], [2537, 1913], [2535, 1919], [2532, 1922]]
827;902;NA;0.86328125;0.7571573604060914;0.8352802395820618;4705;3949;[2499, 1693, 2578, 1779];[2504, 1692, 2583, 1783];[[2502, 1706], [2499, 1719], [2505, 1726], [2509, 1739], [2514, 1744], [2514, 1754], [2517, 1760], [2523, 1766], [2530, 1769], [2536, 1776], [2546, 1779], [2564, 1777], [2572, 1771], [2578, 1761], [2570, 1745], [2570, 1734], [2562, 1719], [2560, 1702], [2556, 1696], [2549, 1693], [2527, 1694]];[[2515, 1700], [2504, 1709], [2506, 1719], [2508, 1725], [2509, 1731], [2511, 1733], [2515, 1735], [2519, 1737], [2522, 1739], [2524, 1745], [2526, 1751], [2528, 1757], [2531, 1763], [2535, 1765], [2541, 1767], [2547, 1769], [2551, 1771], [2555, 1773], [2557, 1775], [2559, 1777], [2562, 1779], [2564, 1781], [2571, 1783], [2579, 1781], [2581, 1779], [2583, 1775], [2581, 1772], [2579, 1770], [2577, 1767], [2575, 1763], [2573, 1759], [2571, 1755], [2569, 1751], [2567, 1739], [2565, 1727], [2563, 1719], [2561, 1712], [2559, 1710], [2557, 1707], [2555, 1703], [2553, 1700], [2551, 1698], [2549, 1695], [2547, 1693], [2537, 1692], [2527, 1696]]
828;129;NA;0.93408203125;0.8773561811505508;0.931754469871521;7422;7916;[2817, 1661, 2936, 1791];[2820, 1656, 2935, 1791];[[2865, 1661], [2862, 1670], [2872, 1679], [2868, 1689], [2856, 1697], [2830, 1698], [2817, 1717], [2831, 1734], [2880, 1734], [2889, 1730], [2895, 1753], [2905, 1764], [2905, 1777], [2924, 1791], [2936, 1765], [2928, 1750], [2927, 1688], [2912, 1662], [2899, 1662], [2888, 1673], [2879, 1662]];[[2861, 1656], [2856, 1659], [2858, 1663], [2860, 1667], [2861, 1671], [2863, 1673], [2865, 1675], [2867, 1677], [2870, 1679], [2872, 1683], [2868, 1687], [2863, 1690], [2855, 1692], [2847, 1694], [2841, 1696], [2835, 1698], [2831, 1700], [2827, 1702], [2823, 1704], [2820, 1715], [2822, 1727], [2824, 1733], [2825, 1739], [2827, 1741], [2831, 1743], [2835, 1741], [2837, 1739], [2839, 1737], [2843, 1735], [2847, 1733], [2869, 1731], [2891, 1735], [2894, 1739], [2896, 1747], [2898, 1755], [2900, 1761], [2902, 1767], [2904, 1771], [2906, 1775], [2908, 1779], [2909, 1783], [2911, 1785], [2914, 1787], [2916, 1789], [2919, 1791], [2923, 1789], [2925, 1787], [2927, 1785], [2929, 1783], [2931, 1777], [2933, 1771], [2935, 1767], [2933, 1763], [2931, 1749], [2929, 1735], [2927, 1727], [2925, 1719], [2923, 1711], [2925, 1703], [2927, 1691], [2925, 1679], [2923, 1673], [2921, 1668], [2919, 1666], [2917, 1663], [2915, 1661], [2905, 1660], [2895, 1662], [2885, 1664], [2875, 1662], [2871, 1660], [2867, 1658]]
829;624;NA;0.9052734375;0.8607361963190184;0.7933657765388489;2983;3083;[2623, 1709, 2694, 1788];[2628, 1704, 2699, 1791];[[2680, 1709], [2668, 1710], [2651, 1721], [2643, 1743], [2638, 1748], [2629, 1767], [2623, 1773], [2625, 1784], [2633, 1788], [2650, 1786], [2666, 1769], [2669, 1759], [2687, 1741], [2694, 1738], [2691, 1720]];[[2687, 1707], [2677, 1704], [2668, 1705], [2666, 1707], [2664, 1709], [2662, 1711], [2660, 1713], [2658, 1715], [2656, 1717], [2654, 1719], [2651, 1722], [2649, 1724], [2648, 1729], [2646, 1735], [2644, 1739], [2642, 1743], [2640, 1747], [2638, 1751], [2635, 1754], [2633, 1756], [2632, 1759], [2630, 1763], [2628, 1777], [2633, 1791], [2639, 1789], [2643, 1787], [2647, 1785], [2649, 1783], [2651, 1781], [2655, 1779], [2659, 1775], [2661, 1771], [2663, 1769], [2665, 1767], [2667, 1763], [2669, 1759], [2671, 1757], [2673, 1755], [2675, 1753], [2677, 1751], [2679, 1747], [2681, 1743], [2683, 1741], [2691, 1739], [2699, 1737], [2697, 1735], [2695, 1727], [2693, 1719], [2691, 1715], [2689, 1711]]
830;797;NA;0.8857421875;0.8891377379619261;0.838665783405304;5254;4868;[2734, 1642, 2799, 1755];[2737, 1642, 2792, 1754];[[2769, 1642], [2758, 1646], [2747, 1669], [2741, 1675], [2740, 1685], [2734, 1693], [2738, 1703], [2734, 1716], [2742, 1732], [2751, 1742], [2765, 1753], [2772, 1755], [2784, 1743], [2786, 1731], [2791, 1724], [2793, 1692], [2799, 1674], [2799, 1662], [2783, 1644]];[[2771, 1642], [2758, 1648], [2755, 1655], [2751, 1662], [2748, 1670], [2743, 1674], [2739, 1678], [2737, 1702], [2739, 1726], [2743, 1729], [2746, 1733], [2750, 1736], [2754, 1740], [2757, 1744], [2762, 1748], [2765, 1752], [2771, 1754], [2777, 1752], [2781, 1748], [2786, 1744], [2789, 1740], [2792, 1695], [2789, 1649], [2786, 1646]]
831;861;NA;0.8740234375;0.8844687946641258;0.9314880967140198;4130;3781;[1442, 1634, 1537, 1694];[1443, 1636, 1538, 1695];[[1537, 1649], [1529, 1642], [1519, 1638], [1508, 1639], [1488, 1634], [1473, 1636], [1454, 1647], [1449, 1659], [1442, 1666], [1442, 1680], [1460, 1694], [1479, 1694], [1499, 1683], [1511, 1681], [1520, 1675], [1537, 1659]];[[1443, 1673], [1446, 1683], [1450, 1685], [1452, 1687], [1454, 1689], [1457, 1691], [1459, 1693], [1468, 1695], [1478, 1693], [1482, 1691], [1486, 1689], [1488, 1687], [1490, 1685], [1496, 1683], [1502, 1681], [1506, 1679], [1510, 1677], [1514, 1675], [1518, 1673], [1522, 1671], [1526, 1669], [1530, 1667], [1534, 1665], [1536, 1663], [1538, 1657], [1534, 1652], [1530, 1650], [1526, 1648], [1522, 1646], [1514, 1644], [1506, 1642], [1500, 1640], [1494, 1638], [1482, 1636], [1470, 1638], [1464, 1640], [1458, 1642], [1454, 1644], [1451, 1651], [1449, 1659], [1446, 1662], [1444, 1664]]
832;110;NA;0.93603515625;0.8735495388277298;0.9174820780754089;6568;6026;[1543, 1551, 1651, 1642];[1542, 1553, 1650, 1638];[[1543, 1553], [1544, 1583], [1557, 1603], [1581, 1623], [1592, 1626], [1614, 1642], [1625, 1641], [1643, 1630], [1642, 1617], [1626, 1600], [1651, 1575], [1646, 1562], [1615, 1560], [1602, 1563], [1594, 1552], [1584, 1552], [1576, 1559], [1560, 1551]];[[1544, 1557], [1542, 1569], [1543, 1580], [1546, 1583], [1549, 1586], [1551, 1591], [1553, 1595], [1555, 1597], [1558, 1600], [1561, 1603], [1565, 1604], [1569, 1607], [1574, 1609], [1579, 1611], [1582, 1615], [1584, 1617], [1588, 1619], [1593, 1621], [1596, 1623], [1598, 1626], [1601, 1629], [1604, 1634], [1615, 1638], [1627, 1635], [1634, 1633], [1640, 1631], [1642, 1629], [1645, 1624], [1642, 1619], [1640, 1615], [1639, 1611], [1636, 1608], [1633, 1605], [1631, 1600], [1633, 1596], [1636, 1592], [1639, 1590], [1640, 1586], [1642, 1581], [1646, 1578], [1648, 1576], [1650, 1572], [1648, 1568], [1646, 1565], [1642, 1562], [1640, 1560], [1631, 1558], [1622, 1561], [1608, 1563], [1593, 1561], [1584, 1558], [1574, 1556], [1560, 1553], [1546, 1555]]
833;817;NA;0.88232421875;0.8451344187807649;0.8435013294219971;5104;4642;[1468, 1503, 1533, 1609];[1470, 1496, 1537, 1611];[[1481, 1503], [1472, 1508], [1468, 1521], [1471, 1553], [1478, 1565], [1480, 1595], [1489, 1608], [1502, 1609], [1521, 1606], [1531, 1587], [1533, 1562], [1531, 1543], [1504, 1519], [1500, 1510], [1492, 1503]];[[1489, 1496], [1486, 1497], [1484, 1499], [1482, 1501], [1480, 1503], [1478, 1505], [1476, 1507], [1473, 1510], [1471, 1512], [1470, 1525], [1472, 1539], [1474, 1545], [1476, 1551], [1478, 1555], [1480, 1559], [1482, 1563], [1484, 1567], [1486, 1573], [1484, 1579], [1482, 1591], [1483, 1603], [1485, 1605], [1488, 1607], [1490, 1609], [1493, 1611], [1497, 1609], [1505, 1607], [1513, 1605], [1517, 1603], [1521, 1601], [1523, 1599], [1525, 1583], [1531, 1567], [1537, 1561], [1535, 1556], [1533, 1554], [1531, 1552], [1529, 1550], [1527, 1547], [1525, 1543], [1523, 1540], [1521, 1538], [1517, 1535], [1513, 1531], [1511, 1527], [1509, 1523], [1507, 1519], [1505, 1515], [1503, 1512], [1501, 1510], [1499, 1507], [1497, 1503], [1495, 1500], [1493, 1498]]
834;684;NA;0.89892578125;0.8357353422862758;0.923977792263031;5945;5264;[1709, 1508, 1804, 1612];[1707, 1513, 1804, 1611];[[1709, 1554], [1711, 1565], [1740, 1592], [1753, 1596], [1759, 1602], [1770, 1604], [1781, 1612], [1802, 1610], [1804, 1595], [1796, 1574], [1803, 1560], [1802, 1520], [1790, 1508], [1776, 1509], [1758, 1540], [1733, 1548], [1715, 1550]];[[1720, 1549], [1707, 1555], [1716, 1561], [1727, 1565], [1730, 1568], [1734, 1572], [1738, 1575], [1741, 1579], [1745, 1583], [1748, 1586], [1752, 1590], [1755, 1593], [1760, 1598], [1764, 1602], [1770, 1604], [1777, 1608], [1791, 1611], [1804, 1594], [1801, 1577], [1797, 1569], [1801, 1562], [1804, 1541], [1802, 1521], [1798, 1517], [1784, 1513], [1771, 1519], [1767, 1527], [1764, 1530], [1760, 1534], [1755, 1538], [1745, 1542], [1734, 1546]]
835;88;NA;0.93701171875;0.8763955342902712;0.9588768482208252;6049;5716;[1537, 1658, 1645, 1750];[1538, 1660, 1645, 1751];[[1537, 1736], [1549, 1748], [1557, 1750], [1570, 1748], [1582, 1740], [1592, 1740], [1601, 1731], [1610, 1731], [1621, 1722], [1630, 1722], [1642, 1712], [1645, 1704], [1644, 1689], [1637, 1685], [1610, 1689], [1594, 1660], [1561, 1658], [1555, 1662], [1554, 1673], [1557, 1683], [1566, 1691], [1566, 1698], [1560, 1703], [1549, 1705], [1538, 1715]];[[1538, 1729], [1539, 1739], [1541, 1741], [1547, 1743], [1553, 1745], [1559, 1747], [1565, 1749], [1567, 1751], [1569, 1749], [1573, 1747], [1577, 1745], [1579, 1743], [1581, 1741], [1585, 1739], [1589, 1737], [1595, 1735], [1601, 1733], [1607, 1731], [1613, 1729], [1617, 1727], [1621, 1725], [1625, 1723], [1629, 1721], [1633, 1719], [1637, 1717], [1639, 1715], [1641, 1713], [1643, 1711], [1645, 1699], [1643, 1688], [1641, 1686], [1639, 1683], [1637, 1681], [1631, 1680], [1625, 1682], [1615, 1684], [1605, 1682], [1603, 1679], [1601, 1675], [1599, 1672], [1597, 1670], [1595, 1668], [1593, 1666], [1591, 1663], [1589, 1661], [1575, 1660], [1562, 1663], [1560, 1667], [1558, 1671], [1560, 1675], [1562, 1679], [1563, 1683], [1565, 1685], [1568, 1687], [1570, 1691], [1568, 1695], [1565, 1700], [1561, 1704], [1558, 1705], [1556, 1707], [1553, 1710], [1549, 1712], [1546, 1713], [1544, 1715], [1541, 1718], [1539, 1720]]
836;193;NA;0.9287109375;0.8499489622320517;0.8548688888549805;5723;5151;[1621, 1798, 1710, 1899];[1627, 1800, 1712, 1904];[[1624, 1800], [1621, 1822], [1629, 1831], [1629, 1840], [1633, 1848], [1631, 1869], [1640, 1884], [1647, 1888], [1667, 1888], [1684, 1899], [1704, 1898], [1708, 1894], [1710, 1884], [1704, 1856], [1684, 1838], [1679, 1827], [1664, 1809], [1647, 1798]];[[1636, 1800], [1627, 1816], [1630, 1833], [1632, 1852], [1635, 1871], [1637, 1876], [1639, 1880], [1641, 1882], [1653, 1884], [1665, 1887], [1670, 1889], [1674, 1894], [1677, 1899], [1679, 1901], [1689, 1904], [1698, 1901], [1703, 1899], [1707, 1895], [1709, 1890], [1712, 1883], [1710, 1877], [1708, 1874], [1705, 1872], [1703, 1869], [1700, 1867], [1698, 1865], [1695, 1861], [1693, 1857], [1690, 1852], [1688, 1845], [1685, 1838], [1683, 1833], [1681, 1829], [1679, 1826], [1677, 1824], [1674, 1822], [1672, 1819], [1670, 1817], [1666, 1814], [1664, 1811], [1660, 1810], [1655, 1807], [1650, 1805], [1646, 1803]]
837;242;NA;0.92626953125;0.9352179034157833;0.9109291434288025;6649;6495;[1535, 1817, 1623, 1926];[1538, 1820, 1625, 1927];[[1583, 1817], [1561, 1840], [1559, 1854], [1538, 1873], [1535, 1879], [1535, 1893], [1544, 1914], [1556, 1925], [1610, 1926], [1623, 1915], [1623, 1900], [1608, 1872], [1606, 1846], [1599, 1821], [1595, 1817]];[[1589, 1820], [1578, 1821], [1576, 1823], [1574, 1825], [1572, 1827], [1570, 1829], [1568, 1831], [1565, 1834], [1563, 1836], [1562, 1841], [1560, 1847], [1558, 1851], [1556, 1855], [1554, 1857], [1552, 1859], [1549, 1862], [1545, 1864], [1542, 1865], [1540, 1867], [1538, 1885], [1539, 1903], [1541, 1905], [1544, 1907], [1546, 1911], [1547, 1915], [1549, 1917], [1552, 1919], [1554, 1921], [1559, 1923], [1565, 1925], [1589, 1927], [1613, 1925], [1615, 1923], [1617, 1921], [1619, 1919], [1621, 1917], [1623, 1915], [1625, 1909], [1623, 1903], [1621, 1899], [1619, 1896], [1617, 1894], [1615, 1892], [1613, 1890], [1611, 1887], [1609, 1875], [1607, 1863], [1605, 1845], [1603, 1827], [1601, 1823]]
838;318;NA;0.9228515625;0.8349005703715122;0.8550414443016052;5900;6003;[1495, 1470, 1611, 1552];[1499, 1468, 1616, 1557];[[1499, 1483], [1495, 1490], [1497, 1507], [1510, 1522], [1534, 1533], [1542, 1541], [1553, 1542], [1562, 1550], [1594, 1552], [1599, 1548], [1597, 1527], [1608, 1520], [1611, 1512], [1611, 1498], [1605, 1486], [1598, 1502], [1592, 1508], [1585, 1508], [1575, 1487], [1537, 1470], [1529, 1470], [1531, 1483], [1526, 1488], [1504, 1480]];[[1503, 1482], [1499, 1493], [1500, 1504], [1503, 1507], [1505, 1509], [1507, 1511], [1510, 1514], [1512, 1516], [1515, 1519], [1518, 1522], [1522, 1523], [1526, 1526], [1530, 1529], [1532, 1531], [1536, 1533], [1541, 1535], [1544, 1538], [1546, 1541], [1550, 1542], [1555, 1545], [1560, 1547], [1565, 1549], [1569, 1552], [1574, 1554], [1584, 1557], [1592, 1555], [1595, 1553], [1598, 1549], [1600, 1547], [1602, 1536], [1604, 1524], [1607, 1519], [1609, 1515], [1611, 1510], [1614, 1505], [1616, 1503], [1610, 1501], [1603, 1503], [1593, 1506], [1584, 1503], [1580, 1500], [1578, 1493], [1577, 1487], [1574, 1484], [1569, 1482], [1565, 1480], [1555, 1477], [1546, 1475], [1541, 1472], [1536, 1470], [1526, 1468], [1517, 1472], [1512, 1477], [1507, 1480]]
839;689;NA;0.8984375;0.876696065128901;0.7921331524848938;5512;5553;[1788, 1813, 1866, 1917];[1778, 1804, 1865, 1915];[[1852, 1813], [1839, 1819], [1824, 1842], [1817, 1843], [1797, 1836], [1788, 1839], [1789, 1847], [1804, 1862], [1792, 1880], [1789, 1890], [1790, 1903], [1798, 1916], [1828, 1917], [1846, 1898], [1862, 1875], [1866, 1837], [1861, 1822]];[[1853, 1811], [1849, 1804], [1846, 1809], [1844, 1815], [1842, 1819], [1838, 1823], [1834, 1825], [1832, 1827], [1830, 1833], [1828, 1839], [1825, 1842], [1817, 1844], [1809, 1842], [1805, 1840], [1801, 1838], [1797, 1836], [1793, 1834], [1785, 1832], [1778, 1835], [1779, 1839], [1781, 1841], [1784, 1843], [1786, 1845], [1790, 1847], [1794, 1869], [1792, 1891], [1790, 1899], [1791, 1907], [1793, 1909], [1796, 1911], [1798, 1913], [1811, 1915], [1825, 1913], [1827, 1911], [1829, 1909], [1833, 1907], [1837, 1905], [1839, 1903], [1841, 1901], [1843, 1899], [1845, 1897], [1847, 1895], [1849, 1893], [1851, 1891], [1853, 1889], [1855, 1887], [1857, 1883], [1859, 1879], [1861, 1873], [1863, 1867], [1865, 1851], [1863, 1835], [1861, 1831], [1859, 1827], [1857, 1823], [1855, 1819]]
840;554;NA;0.9091796875;0.8651512561955221;0.8762357234954834;5436;5477;[1671, 1564, 1750, 1655];[1674, 1564, 1749, 1663];[[1732, 1569], [1711, 1564], [1700, 1564], [1696, 1568], [1694, 1597], [1686, 1604], [1677, 1607], [1671, 1617], [1673, 1642], [1680, 1652], [1693, 1655], [1717, 1653], [1740, 1641], [1747, 1634], [1750, 1616], [1749, 1592], [1741, 1577]];[[1733, 1573], [1727, 1572], [1721, 1570], [1717, 1568], [1713, 1566], [1705, 1564], [1698, 1569], [1696, 1575], [1694, 1579], [1692, 1583], [1690, 1591], [1691, 1599], [1693, 1601], [1690, 1603], [1685, 1606], [1681, 1608], [1678, 1609], [1676, 1611], [1674, 1635], [1677, 1659], [1681, 1661], [1693, 1663], [1705, 1661], [1711, 1659], [1717, 1657], [1719, 1655], [1721, 1653], [1725, 1651], [1729, 1649], [1731, 1647], [1733, 1645], [1735, 1643], [1737, 1641], [1739, 1639], [1741, 1637], [1743, 1635], [1745, 1631], [1747, 1627], [1749, 1609], [1747, 1591], [1745, 1587], [1743, 1584], [1741, 1582], [1739, 1580], [1737, 1578], [1735, 1575]]
841;6;NA;0.96435546875;0.8251103088648215;0.8106814026832581;4691;4409;[1681, 1639, 1780, 1710];[1685, 1633, 1778, 1716];[[1776, 1641], [1759, 1639], [1748, 1643], [1740, 1642], [1717, 1648], [1692, 1660], [1689, 1668], [1694, 1673], [1681, 1687], [1681, 1705], [1692, 1710], [1723, 1708], [1749, 1686], [1759, 1685], [1778, 1665], [1780, 1648]];[[1778, 1653], [1758, 1633], [1738, 1637], [1733, 1642], [1726, 1649], [1715, 1655], [1706, 1658], [1701, 1664], [1694, 1671], [1688, 1676], [1685, 1691], [1688, 1705], [1694, 1710], [1699, 1716], [1704, 1710], [1720, 1705], [1735, 1701], [1740, 1696], [1747, 1689], [1758, 1683], [1767, 1680], [1772, 1674]]
842;263;NA;0.92578125;0.8776855988087641;0.8924731016159058;4629;4198;[1389, 1508, 1482, 1595];[1394, 1508, 1477, 1595];[[1400, 1508], [1389, 1521], [1390, 1532], [1411, 1552], [1420, 1571], [1445, 1595], [1457, 1595], [1480, 1572], [1482, 1566], [1480, 1552], [1453, 1531], [1449, 1525], [1439, 1523], [1423, 1510]];[[1411, 1508], [1398, 1509], [1396, 1511], [1394, 1523], [1395, 1535], [1397, 1537], [1399, 1539], [1401, 1541], [1403, 1543], [1405, 1545], [1407, 1547], [1409, 1549], [1412, 1551], [1414, 1555], [1415, 1559], [1417, 1561], [1420, 1563], [1422, 1567], [1424, 1571], [1426, 1575], [1427, 1579], [1429, 1581], [1431, 1583], [1433, 1585], [1436, 1587], [1438, 1589], [1441, 1591], [1445, 1593], [1451, 1595], [1457, 1593], [1459, 1591], [1461, 1589], [1463, 1587], [1465, 1581], [1467, 1575], [1469, 1573], [1471, 1571], [1473, 1569], [1475, 1567], [1477, 1561], [1475, 1555], [1473, 1551], [1471, 1548], [1469, 1546], [1467, 1544], [1465, 1542], [1463, 1540], [1461, 1538], [1459, 1535], [1457, 1533], [1453, 1532], [1449, 1530], [1447, 1528], [1445, 1526], [1443, 1523], [1441, 1521], [1437, 1520], [1433, 1518], [1431, 1516], [1429, 1514], [1427, 1511], [1425, 1509]]
843;487;NA;0.9130859375;0.8020540003312904;0.8219993114471436;5073;5806;[1621, 1715, 1708, 1802];[1621, 1721, 1718, 1804];[[1707, 1736], [1699, 1729], [1690, 1728], [1675, 1715], [1670, 1716], [1667, 1735], [1657, 1746], [1650, 1731], [1639, 1730], [1636, 1760], [1633, 1765], [1621, 1770], [1621, 1789], [1633, 1799], [1664, 1802], [1674, 1800], [1700, 1780], [1703, 1764], [1708, 1758]];[[1698, 1724], [1680, 1721], [1662, 1724], [1652, 1728], [1642, 1730], [1639, 1734], [1635, 1748], [1628, 1763], [1621, 1777], [1627, 1790], [1634, 1794], [1645, 1797], [1655, 1801], [1666, 1804], [1677, 1801], [1684, 1797], [1690, 1795], [1693, 1791], [1697, 1788], [1701, 1784], [1705, 1779], [1709, 1776], [1711, 1773], [1709, 1771], [1705, 1767], [1708, 1763], [1711, 1755], [1715, 1748], [1718, 1741], [1716, 1735], [1713, 1732], [1705, 1728]]
844;197;NA;0.92822265625;0.9119170984455959;0.9078590869903564;4748;4846;[1809, 1522, 1910, 1589];[1810, 1520, 1913, 1591];[[1908, 1527], [1900, 1523], [1876, 1522], [1853, 1524], [1846, 1530], [1831, 1531], [1812, 1543], [1809, 1555], [1811, 1568], [1824, 1576], [1840, 1579], [1854, 1589], [1872, 1589], [1881, 1580], [1884, 1560], [1907, 1550], [1910, 1542]];[[1897, 1522], [1877, 1520], [1857, 1522], [1853, 1524], [1849, 1526], [1845, 1528], [1841, 1530], [1835, 1532], [1829, 1534], [1825, 1536], [1822, 1537], [1820, 1539], [1817, 1542], [1815, 1544], [1814, 1547], [1812, 1551], [1810, 1559], [1811, 1567], [1813, 1569], [1816, 1571], [1818, 1573], [1827, 1575], [1837, 1577], [1839, 1579], [1841, 1581], [1843, 1583], [1845, 1585], [1848, 1587], [1850, 1589], [1859, 1591], [1869, 1589], [1871, 1587], [1873, 1585], [1875, 1583], [1877, 1579], [1879, 1575], [1881, 1571], [1883, 1567], [1885, 1565], [1891, 1563], [1897, 1561], [1899, 1559], [1901, 1557], [1903, 1555], [1905, 1553], [1907, 1551], [1909, 1547], [1911, 1543], [1913, 1539], [1911, 1535], [1909, 1531], [1907, 1528], [1905, 1526], [1901, 1524]]
845;825;NA;0.8818359375;0.8831442891057768;0.885346531867981;3688;3451;[1238, 1606, 1335, 1673];[1242, 1608, 1333, 1675];[[1238, 1614], [1238, 1624], [1245, 1632], [1257, 1636], [1292, 1665], [1304, 1672], [1312, 1673], [1325, 1669], [1326, 1653], [1335, 1638], [1332, 1629], [1319, 1627], [1261, 1606], [1247, 1606]];[[1244, 1611], [1242, 1621], [1245, 1631], [1249, 1633], [1253, 1635], [1257, 1637], [1261, 1639], [1265, 1641], [1269, 1643], [1273, 1645], [1275, 1647], [1277, 1649], [1279, 1651], [1281, 1653], [1283, 1655], [1285, 1657], [1287, 1659], [1289, 1661], [1292, 1663], [1294, 1665], [1297, 1667], [1301, 1669], [1304, 1671], [1306, 1673], [1311, 1675], [1317, 1673], [1319, 1671], [1321, 1669], [1323, 1667], [1325, 1665], [1327, 1663], [1329, 1661], [1327, 1659], [1325, 1651], [1329, 1643], [1333, 1637], [1331, 1632], [1329, 1630], [1327, 1627], [1325, 1625], [1315, 1624], [1305, 1622], [1303, 1619], [1301, 1617], [1289, 1616], [1277, 1614], [1273, 1612], [1269, 1610], [1257, 1608], [1246, 1609]]
846;13;NA;0.9560546875;0.8534074195129924;0.8602241277694702;5707;5634;[988, 1511, 1112, 1572];[991, 1513, 1118, 1575];[[1112, 1520], [1107, 1511], [1098, 1516], [1029, 1518], [1000, 1528], [991, 1537], [988, 1546], [1013, 1571], [1051, 1572], [1060, 1568], [1087, 1564], [1106, 1555], [1112, 1544]];[[991, 1544], [993, 1561], [997, 1565], [1008, 1568], [1019, 1572], [1026, 1575], [1033, 1572], [1051, 1568], [1069, 1565], [1076, 1561], [1083, 1558], [1090, 1554], [1096, 1552], [1100, 1548], [1103, 1544], [1107, 1541], [1112, 1536], [1115, 1532], [1118, 1527], [1115, 1521], [1112, 1517], [1072, 1513], [1033, 1517], [1019, 1521], [1004, 1524], [997, 1528]]
847;196;NA;0.92822265625;0.8389426549183879;0.7813021540641785;6243;6488;[1348, 1536, 1430, 1650];[1331, 1536, 1426, 1651];[[1383, 1536], [1371, 1548], [1371, 1560], [1366, 1568], [1348, 1569], [1352, 1582], [1362, 1591], [1354, 1605], [1354, 1621], [1357, 1625], [1362, 1624], [1376, 1602], [1379, 1608], [1380, 1642], [1384, 1646], [1407, 1650], [1412, 1648], [1423, 1623], [1424, 1594], [1430, 1569], [1420, 1549], [1411, 1546], [1403, 1537]];[[1386, 1536], [1379, 1537], [1377, 1539], [1375, 1543], [1373, 1547], [1370, 1550], [1368, 1552], [1366, 1560], [1350, 1568], [1335, 1569], [1333, 1571], [1331, 1575], [1334, 1579], [1338, 1581], [1346, 1583], [1354, 1585], [1357, 1587], [1359, 1589], [1357, 1591], [1355, 1597], [1353, 1603], [1351, 1611], [1353, 1619], [1355, 1623], [1360, 1627], [1366, 1623], [1368, 1619], [1370, 1611], [1374, 1603], [1378, 1611], [1377, 1619], [1375, 1627], [1377, 1635], [1379, 1641], [1386, 1647], [1394, 1649], [1402, 1651], [1410, 1649], [1412, 1647], [1414, 1645], [1416, 1643], [1418, 1637], [1420, 1631], [1422, 1621], [1424, 1611], [1426, 1593], [1424, 1575], [1422, 1571], [1420, 1567], [1418, 1563], [1416, 1560], [1414, 1558], [1412, 1556], [1410, 1554], [1408, 1552], [1406, 1550], [1404, 1548], [1402, 1546], [1400, 1544], [1398, 1542], [1396, 1539], [1394, 1537]]
848;794;NA;0.8857421875;0.8196517412935324;0.8129119277000427;3931;3384;[1139, 1893, 1215, 1970];[1141, 1905, 1216, 1970];[[1156, 1894], [1147, 1903], [1139, 1919], [1141, 1936], [1152, 1952], [1153, 1968], [1155, 1970], [1164, 1970], [1171, 1959], [1196, 1961], [1206, 1957], [1210, 1953], [1215, 1937], [1214, 1927], [1207, 1916], [1178, 1907], [1164, 1893]];[[1143, 1915], [1141, 1926], [1143, 1937], [1145, 1939], [1148, 1942], [1151, 1947], [1153, 1952], [1155, 1962], [1162, 1970], [1168, 1969], [1170, 1966], [1174, 1963], [1186, 1961], [1197, 1958], [1202, 1956], [1206, 1954], [1209, 1952], [1211, 1947], [1213, 1942], [1216, 1933], [1214, 1924], [1212, 1922], [1209, 1919], [1206, 1916], [1190, 1915], [1174, 1912], [1170, 1909], [1168, 1907], [1159, 1905], [1151, 1907], [1148, 1909], [1145, 1912]]
849;426;NA;0.91748046875;0.8393021120293848;0.8667483925819397;7366;6655;[1073, 1858, 1167, 1965];[1075, 1864, 1166, 1971];[[1155, 1859], [1150, 1859], [1143, 1866], [1133, 1867], [1125, 1875], [1108, 1858], [1086, 1858], [1075, 1868], [1073, 1884], [1081, 1902], [1082, 1913], [1075, 1930], [1074, 1951], [1086, 1965], [1108, 1965], [1158, 1913], [1159, 1902], [1167, 1891], [1167, 1872]];[[1158, 1865], [1152, 1864], [1146, 1866], [1142, 1868], [1138, 1870], [1134, 1872], [1130, 1874], [1126, 1876], [1122, 1874], [1118, 1872], [1114, 1870], [1110, 1868], [1107, 1869], [1105, 1871], [1102, 1870], [1096, 1868], [1090, 1866], [1086, 1864], [1082, 1866], [1078, 1868], [1075, 1879], [1077, 1891], [1079, 1897], [1081, 1903], [1083, 1905], [1081, 1907], [1078, 1910], [1076, 1912], [1075, 1919], [1079, 1927], [1083, 1931], [1081, 1935], [1079, 1947], [1080, 1959], [1082, 1961], [1085, 1963], [1087, 1965], [1090, 1967], [1094, 1969], [1100, 1971], [1106, 1969], [1110, 1967], [1114, 1963], [1116, 1959], [1118, 1957], [1120, 1955], [1122, 1953], [1124, 1951], [1126, 1949], [1128, 1947], [1130, 1945], [1132, 1943], [1134, 1941], [1136, 1939], [1138, 1931], [1140, 1923], [1142, 1917], [1146, 1911], [1150, 1909], [1154, 1907], [1158, 1905], [1160, 1903], [1162, 1901], [1164, 1899], [1166, 1885], [1164, 1872], [1162, 1870], [1160, 1867]]
850;465;NA;0.9150390625;0.696165191740413;0.8355335593223572;4675;3375;[1224, 1555, 1325, 1627];[1227, 1556, 1325, 1618];[[1226, 1559], [1224, 1565], [1226, 1582], [1245, 1596], [1248, 1606], [1255, 1612], [1289, 1627], [1313, 1626], [1325, 1619], [1325, 1587], [1322, 1579], [1300, 1584], [1292, 1581], [1273, 1564], [1257, 1558], [1231, 1555]];[[1240, 1556], [1227, 1573], [1233, 1590], [1240, 1597], [1255, 1604], [1269, 1608], [1280, 1611], [1290, 1615], [1305, 1618], [1318, 1616], [1321, 1612], [1325, 1605], [1321, 1598], [1318, 1591], [1308, 1585], [1298, 1581], [1287, 1578], [1276, 1574], [1269, 1571], [1262, 1567], [1257, 1562], [1253, 1559]]
851;964;NA;0.83544921875;0.7467010900745841;0.7733126282691956;3430;2659;[1090, 1772, 1184, 1819];[1103, 1776, 1186, 1819];[[1184, 1798], [1184, 1788], [1179, 1781], [1169, 1776], [1152, 1772], [1104, 1776], [1097, 1779], [1090, 1786], [1090, 1789], [1095, 1793], [1105, 1811], [1110, 1815], [1122, 1819], [1146, 1818], [1164, 1810], [1174, 1808]];[[1110, 1780], [1103, 1789], [1106, 1799], [1110, 1801], [1112, 1803], [1114, 1805], [1116, 1807], [1118, 1809], [1121, 1811], [1123, 1813], [1126, 1815], [1130, 1817], [1138, 1819], [1146, 1817], [1152, 1815], [1158, 1813], [1166, 1811], [1174, 1809], [1178, 1807], [1182, 1803], [1184, 1799], [1186, 1795], [1184, 1791], [1182, 1787], [1180, 1784], [1178, 1782], [1168, 1780], [1158, 1778], [1138, 1776], [1118, 1778]]
852;709;NA;0.89697265625;0.7356200527704485;0.7491934299468994;5589;4278;[1250, 1399, 1364, 1470];[1249, 1406, 1368, 1461];[[1364, 1410], [1346, 1399], [1328, 1399], [1322, 1405], [1311, 1406], [1303, 1413], [1292, 1409], [1277, 1416], [1250, 1442], [1250, 1459], [1267, 1470], [1295, 1470], [1303, 1463], [1314, 1462], [1321, 1455], [1331, 1455], [1341, 1447], [1351, 1447], [1364, 1436]];[[1368, 1419], [1366, 1413], [1362, 1410], [1330, 1406], [1298, 1410], [1283, 1413], [1270, 1419], [1267, 1426], [1262, 1431], [1255, 1435], [1249, 1448], [1258, 1461], [1269, 1457], [1280, 1454], [1290, 1450], [1298, 1447], [1305, 1450], [1319, 1454], [1333, 1450], [1340, 1447], [1346, 1444], [1350, 1441], [1354, 1437], [1357, 1433], [1362, 1429], [1366, 1425]]
853;738;NA;0.89404296875;0.8337714863498483;0.8051347732543945;4472;4596;[1054, 1791, 1154, 1864];[1055, 1800, 1153, 1869];[[1054, 1843], [1056, 1858], [1064, 1864], [1140, 1862], [1151, 1855], [1154, 1848], [1153, 1836], [1141, 1820], [1102, 1809], [1096, 1803], [1092, 1791], [1087, 1795], [1087, 1810], [1090, 1815], [1083, 1822], [1065, 1826]];[[1059, 1827], [1055, 1845], [1058, 1862], [1061, 1865], [1083, 1869], [1104, 1865], [1122, 1862], [1140, 1858], [1147, 1854], [1153, 1845], [1151, 1835], [1147, 1832], [1143, 1827], [1139, 1823], [1129, 1821], [1119, 1817], [1115, 1814], [1112, 1810], [1107, 1806], [1103, 1802], [1094, 1800], [1084, 1809], [1073, 1820], [1063, 1823]]
854;707;NA;0.89697265625;0.7487031700288185;0.7799443006515503;3430;2638;[3207, 1048, 3300, 1105];[3215, 1055, 3299, 1106];[[3207, 1052], [3208, 1069], [3217, 1081], [3228, 1085], [3244, 1098], [3251, 1098], [3261, 1105], [3286, 1105], [3300, 1096], [3297, 1084], [3261, 1056], [3253, 1056], [3246, 1051], [3237, 1049], [3211, 1048]];[[3229, 1055], [3215, 1069], [3217, 1082], [3219, 1085], [3226, 1087], [3234, 1089], [3238, 1092], [3243, 1094], [3248, 1097], [3253, 1099], [3262, 1101], [3272, 1104], [3279, 1106], [3286, 1104], [3291, 1101], [3295, 1100], [3297, 1097], [3299, 1093], [3298, 1089], [3296, 1086], [3292, 1083], [3290, 1081], [3286, 1079], [3281, 1077], [3279, 1074], [3276, 1072], [3273, 1069], [3271, 1066], [3267, 1065], [3262, 1062], [3253, 1060], [3243, 1058]]
855;429;NA;0.91748046875;0.7762962962962963;0.7553417682647705;4688;3705;[3267, 937, 3348, 1035];[3282, 936, 3347, 1030];[[3287, 937], [3277, 949], [3278, 962], [3267, 975], [3267, 979], [3288, 991], [3327, 1034], [3338, 1035], [3347, 1021], [3348, 1011], [3341, 994], [3341, 977], [3333, 968], [3332, 958], [3313, 937]];[[3298, 936], [3292, 938], [3289, 940], [3286, 943], [3284, 946], [3282, 961], [3284, 977], [3286, 980], [3288, 982], [3291, 984], [3294, 988], [3296, 992], [3298, 996], [3300, 999], [3303, 1001], [3305, 1004], [3307, 1006], [3310, 1008], [3312, 1011], [3315, 1013], [3318, 1016], [3320, 1021], [3322, 1025], [3324, 1027], [3334, 1030], [3342, 1028], [3345, 1026], [3347, 1011], [3345, 997], [3342, 990], [3340, 983], [3338, 978], [3335, 973], [3333, 969], [3330, 964], [3328, 959], [3326, 955], [3324, 953], [3319, 950], [3315, 948], [3312, 946], [3310, 943], [3307, 940], [3304, 938]]
856;632;NA;0.90478515625;0.7794329649207112;0.7816535234451294;4162;3244;[3150, 1133, 3239, 1200];[3156, 1140, 3235, 1199];[[3150, 1154], [3154, 1168], [3172, 1186], [3197, 1199], [3225, 1200], [3239, 1191], [3238, 1180], [3223, 1153], [3216, 1147], [3189, 1134], [3171, 1133], [3157, 1144]];[[3159, 1144], [3156, 1153], [3157, 1163], [3159, 1165], [3161, 1167], [3163, 1169], [3166, 1171], [3168, 1175], [3171, 1179], [3175, 1181], [3178, 1183], [3180, 1185], [3183, 1187], [3187, 1189], [3191, 1191], [3195, 1193], [3198, 1195], [3200, 1197], [3211, 1199], [3223, 1197], [3227, 1195], [3231, 1193], [3233, 1191], [3235, 1183], [3233, 1175], [3231, 1171], [3229, 1168], [3227, 1166], [3225, 1164], [3223, 1162], [3221, 1159], [3219, 1155], [3217, 1152], [3215, 1150], [3211, 1148], [3207, 1146], [3205, 1143], [3203, 1141], [3195, 1140], [3187, 1142], [3181, 1144], [3175, 1142], [3169, 1140], [3163, 1142]]
857;588;NA;0.908203125;0.7949389179755671;0.8481012582778931;3372;2799;[3217, 1124, 3292, 1195];[3220, 1128, 3291, 1199];[[3283, 1124], [3254, 1125], [3243, 1131], [3235, 1131], [3217, 1150], [3217, 1159], [3228, 1177], [3246, 1179], [3249, 1182], [3250, 1195], [3262, 1184], [3270, 1169], [3275, 1164], [3284, 1162], [3292, 1152], [3292, 1134]];[[3283, 1130], [3261, 1128], [3240, 1129], [3238, 1131], [3236, 1133], [3234, 1135], [3232, 1137], [3230, 1139], [3227, 1142], [3223, 1144], [3220, 1153], [3221, 1163], [3223, 1165], [3227, 1167], [3231, 1169], [3235, 1171], [3239, 1173], [3241, 1175], [3243, 1177], [3246, 1179], [3248, 1189], [3251, 1199], [3255, 1195], [3257, 1191], [3259, 1183], [3261, 1175], [3263, 1173], [3265, 1171], [3267, 1169], [3269, 1167], [3271, 1165], [3273, 1163], [3275, 1161], [3279, 1159], [3283, 1157], [3285, 1155], [3287, 1151], [3289, 1147], [3291, 1143], [3289, 1139], [3287, 1135], [3285, 1132]]
858;329;NA;0.92236328125;0.710376871450697;0.7026917338371277;5718;4221;[3336, 976, 3417, 1098];[3352, 984, 3414, 1096];[[3358, 976], [3348, 987], [3345, 1011], [3337, 1020], [3336, 1045], [3344, 1053], [3347, 1067], [3354, 1073], [3356, 1086], [3368, 1098], [3372, 1098], [3389, 1079], [3415, 1066], [3417, 1061], [3413, 1051], [3404, 1042], [3403, 1030], [3386, 1014], [3383, 1001], [3377, 995], [3372, 980]];[[3362, 984], [3352, 1033], [3355, 1082], [3358, 1085], [3363, 1090], [3366, 1094], [3372, 1096], [3378, 1094], [3382, 1090], [3386, 1087], [3389, 1083], [3393, 1079], [3396, 1076], [3401, 1071], [3408, 1067], [3414, 1061], [3412, 1055], [3408, 1052], [3403, 1047], [3400, 1040], [3396, 1033], [3393, 1022], [3390, 1013], [3387, 1009], [3382, 1004], [3378, 997], [3376, 991], [3372, 988]]
859;247;NA;0.92626953125;0.43690430804422414;0.5753899216651917;7425;3882;[3217, 981, 3341, 1077];[3258, 979, 3342, 1097];[[3217, 1036], [3225, 1050], [3241, 1062], [3266, 1064], [3288, 1055], [3311, 1075], [3324, 1077], [3341, 1070], [3341, 1035], [3338, 1029], [3295, 993], [3269, 981], [3261, 983], [3258, 999], [3235, 1006], [3234, 1018]];[[3269, 979], [3258, 988], [3260, 996], [3262, 999], [3267, 1001], [3272, 1004], [3274, 1006], [3276, 1008], [3279, 1011], [3281, 1013], [3284, 1016], [3287, 1028], [3284, 1040], [3282, 1047], [3284, 1054], [3286, 1056], [3288, 1058], [3291, 1061], [3293, 1063], [3296, 1066], [3299, 1069], [3301, 1078], [3303, 1088], [3306, 1093], [3307, 1097], [3309, 1095], [3311, 1093], [3314, 1085], [3319, 1078], [3324, 1075], [3329, 1073], [3333, 1071], [3335, 1069], [3338, 1066], [3341, 1063], [3342, 1059], [3341, 1055], [3338, 1053], [3336, 1050], [3334, 1048], [3330, 1045], [3328, 1040], [3326, 1036], [3324, 1034], [3321, 1031], [3319, 1026], [3317, 1022], [3315, 1019], [3312, 1017], [3310, 1015], [3307, 1011], [3304, 1007], [3303, 1003], [3300, 1000], [3298, 998], [3296, 996], [3293, 993], [3291, 991], [3288, 988], [3286, 986], [3283, 983], [3280, 980]]
860;706;NA;0.89697265625;0.8216588837002446;0.8592144846916199;4374;3818;[3397, 970, 3473, 1053];[3401, 974, 3476, 1054];[[3408, 970], [3405, 973], [3404, 1015], [3397, 1024], [3397, 1037], [3408, 1053], [3428, 1053], [3444, 1050], [3459, 1043], [3469, 1035], [3473, 1024], [3471, 1014], [3457, 1008], [3447, 991], [3445, 982], [3426, 978], [3418, 972]];[[3415, 974], [3406, 985], [3408, 996], [3410, 999], [3408, 1002], [3405, 1005], [3403, 1007], [3401, 1026], [3403, 1044], [3405, 1046], [3408, 1050], [3411, 1052], [3417, 1054], [3424, 1051], [3429, 1049], [3434, 1046], [3439, 1044], [3443, 1042], [3445, 1040], [3448, 1037], [3455, 1035], [3462, 1032], [3467, 1030], [3471, 1028], [3474, 1026], [3476, 1021], [3474, 1017], [3472, 1015], [3467, 1012], [3462, 1010], [3460, 1007], [3458, 1005], [3454, 1002], [3452, 995], [3450, 988], [3447, 983], [3443, 979], [3439, 981], [3434, 984], [3429, 981], [3426, 978], [3423, 976]]
861;461;NA;0.9150390625;0.8193267134899491;0.8422830104827881;3942;3570;[3305, 1261, 3366, 1350];[3308, 1260, 3371, 1347];[[3366, 1264], [3356, 1261], [3344, 1263], [3327, 1271], [3311, 1289], [3305, 1309], [3306, 1327], [3309, 1340], [3320, 1350], [3329, 1348], [3345, 1328], [3355, 1330], [3364, 1321], [3365, 1311], [3360, 1306], [3359, 1299], [3366, 1289]];[[3367, 1263], [3357, 1260], [3348, 1261], [3346, 1263], [3344, 1265], [3342, 1267], [3340, 1269], [3338, 1271], [3336, 1273], [3334, 1275], [3332, 1277], [3330, 1279], [3328, 1281], [3326, 1283], [3324, 1285], [3322, 1287], [3319, 1290], [3317, 1292], [3316, 1295], [3314, 1299], [3311, 1302], [3309, 1304], [3308, 1323], [3311, 1343], [3315, 1345], [3321, 1347], [3327, 1345], [3329, 1343], [3331, 1341], [3333, 1339], [3335, 1335], [3337, 1331], [3339, 1329], [3343, 1327], [3347, 1329], [3353, 1331], [3359, 1329], [3361, 1327], [3363, 1325], [3365, 1323], [3367, 1313], [3365, 1304], [3363, 1302], [3361, 1299], [3359, 1297], [3361, 1295], [3363, 1291], [3365, 1287], [3367, 1283], [3369, 1279], [3371, 1273], [3369, 1267]]
862;841;NA;0.87744140625;0.6814740030287734;0.6216022968292236;3886;2776;[2436, 969, 2499, 1054];[2433, 972, 2480, 1051];[[2461, 969], [2452, 975], [2442, 987], [2436, 1007], [2436, 1027], [2444, 1046], [2453, 1052], [2473, 1054], [2479, 1052], [2485, 1029], [2493, 1019], [2499, 1002], [2495, 994], [2478, 977]];[[2460, 972], [2449, 973], [2447, 975], [2445, 979], [2443, 983], [2441, 989], [2439, 995], [2437, 1005], [2435, 1015], [2433, 1021], [2437, 1027], [2441, 1035], [2444, 1043], [2448, 1045], [2452, 1047], [2456, 1049], [2460, 1051], [2464, 1049], [2466, 1047], [2468, 1043], [2470, 1039], [2472, 1035], [2474, 1031], [2476, 1025], [2478, 1019], [2480, 1003], [2478, 987], [2476, 983], [2474, 979], [2472, 975]]
863;634;NA;0.90478515625;0.7014314928425358;0.7226720452308655;3448;3208;[2862, 935, 2946, 991];[2839, 938, 2947, 989];[[2945, 941], [2938, 936], [2932, 935], [2907, 936], [2896, 941], [2887, 942], [2863, 954], [2862, 964], [2869, 976], [2878, 985], [2894, 991], [2906, 991], [2927, 979], [2932, 972], [2938, 968], [2940, 962], [2946, 955]];[[2947, 947], [2945, 943], [2943, 941], [2924, 938], [2904, 941], [2876, 943], [2847, 946], [2843, 948], [2839, 952], [2840, 956], [2843, 958], [2857, 961], [2871, 963], [2876, 965], [2881, 968], [2883, 970], [2885, 973], [2889, 976], [2891, 980], [2893, 984], [2895, 987], [2904, 989], [2913, 988], [2916, 985], [2918, 983], [2920, 980], [2924, 977], [2928, 975], [2932, 973], [2935, 971], [2937, 966], [2939, 961], [2942, 957], [2944, 952]]
864;977;NA;0.82666015625;0.6603119584055459;0.6634615659713745;3462;2286;[2741, 906, 2829, 958];[2757, 910, 2823, 956];[[2741, 927], [2746, 943], [2756, 945], [2763, 951], [2779, 958], [2807, 957], [2820, 951], [2829, 942], [2829, 934], [2822, 924], [2822, 914], [2818, 911], [2801, 912], [2774, 909], [2765, 906]];[[2764, 915], [2757, 926], [2759, 937], [2761, 939], [2766, 942], [2771, 944], [2776, 946], [2781, 949], [2785, 951], [2790, 953], [2797, 956], [2804, 953], [2812, 951], [2818, 949], [2820, 947], [2823, 935], [2820, 923], [2818, 918], [2807, 915], [2795, 912], [2783, 910], [2771, 912]]
865;959;NA;0.8388671875;0.7090999502734958;0.7380660772323608;3702;3172;[2732, 927, 2803, 1004];[2736, 932, 2807, 1015];[[2740, 930], [2732, 939], [2733, 956], [2741, 960], [2752, 972], [2765, 995], [2783, 1004], [2798, 1002], [2803, 992], [2802, 964], [2799, 954], [2783, 936], [2776, 935], [2767, 928], [2752, 927]];[[2749, 932], [2744, 933], [2742, 935], [2739, 938], [2737, 940], [2736, 947], [2737, 955], [2739, 957], [2741, 959], [2743, 961], [2745, 963], [2747, 965], [2749, 967], [2751, 969], [2754, 971], [2756, 975], [2758, 979], [2760, 983], [2762, 987], [2764, 991], [2765, 995], [2767, 997], [2769, 999], [2771, 1001], [2773, 1003], [2775, 1005], [2777, 1007], [2779, 1009], [2782, 1011], [2784, 1013], [2789, 1015], [2795, 1013], [2797, 1011], [2799, 1009], [2801, 1007], [2803, 1003], [2805, 999], [2807, 997], [2805, 995], [2803, 985], [2801, 975], [2799, 967], [2797, 960], [2795, 958], [2791, 956], [2787, 954], [2783, 952], [2779, 950], [2775, 948], [2771, 946], [2767, 944], [2763, 942], [2761, 940], [2759, 938], [2757, 935], [2755, 933]]
866;543;NA;0.91064453125;0.6985764168681171;0.8421674966812134;15045;16574;[2710, 967, 2879, 1133];[2715, 962, 2878, 1153];[[2813, 967], [2799, 973], [2786, 993], [2738, 1000], [2712, 1027], [2710, 1046], [2759, 1075], [2831, 1133], [2879, 1089], [2879, 1084], [2843, 1058], [2851, 1030], [2851, 1001], [2831, 970]];[[2814, 962], [2808, 965], [2805, 968], [2801, 972], [2805, 976], [2808, 997], [2798, 1019], [2786, 1016], [2779, 1013], [2771, 1009], [2768, 1005], [2764, 1002], [2759, 997], [2756, 993], [2750, 991], [2744, 993], [2740, 997], [2737, 1008], [2733, 1019], [2730, 1026], [2723, 1033], [2715, 1047], [2723, 1061], [2730, 1069], [2733, 1076], [2737, 1090], [2739, 1103], [2743, 1107], [2750, 1110], [2757, 1103], [2764, 1096], [2771, 1100], [2776, 1104], [2780, 1108], [2776, 1112], [2773, 1126], [2769, 1140], [2765, 1144], [2768, 1146], [2770, 1144], [2774, 1140], [2777, 1137], [2781, 1133], [2786, 1128], [2793, 1125], [2800, 1128], [2804, 1132], [2807, 1135], [2811, 1139], [2814, 1143], [2818, 1146], [2821, 1150], [2825, 1153], [2827, 1151], [2831, 1147], [2835, 1140], [2838, 1133], [2843, 1128], [2850, 1125], [2856, 1122], [2860, 1119], [2863, 1112], [2867, 1104], [2872, 1100], [2875, 1096], [2878, 1090], [2875, 1084], [2872, 1081], [2868, 1077], [2864, 1073], [2861, 1070], [2857, 1066], [2852, 1061], [2849, 1033], [2847, 1005], [2843, 1002], [2839, 998], [2836, 995], [2831, 990], [2827, 983], [2824, 976], [2820, 968]]
867;580;NA;0.90869140625;0.7232818151923709;0.8321479558944702;6027;4454;[2826, 883, 2947, 946];[2830, 891, 2949, 946];[[2947, 913], [2943, 905], [2932, 895], [2904, 883], [2841, 892], [2826, 905], [2828, 924], [2850, 945], [2862, 946], [2905, 945], [2934, 936], [2938, 933]];[[2843, 898], [2830, 911], [2832, 924], [2836, 928], [2841, 933], [2844, 936], [2850, 939], [2857, 942], [2872, 946], [2886, 942], [2900, 939], [2914, 935], [2929, 931], [2942, 929], [2946, 926], [2949, 918], [2943, 912], [2936, 909], [2925, 905], [2914, 902], [2904, 898], [2893, 895], [2875, 891], [2857, 895]]
868;522;NA;0.9111328125;0.7788137274350327;0.855555534362793;4759;4208;[2475, 992, 2558, 1071];[2481, 991, 2560, 1075];[[2477, 1008], [2475, 1034], [2479, 1045], [2486, 1052], [2511, 1055], [2541, 1071], [2545, 1071], [2557, 1058], [2558, 1033], [2556, 1023], [2531, 996], [2516, 992], [2505, 997], [2490, 998]];[[2487, 991], [2481, 1011], [2483, 1032], [2485, 1035], [2488, 1038], [2490, 1040], [2494, 1042], [2499, 1044], [2504, 1046], [2509, 1049], [2513, 1051], [2518, 1054], [2523, 1056], [2528, 1058], [2530, 1061], [2533, 1063], [2536, 1066], [2538, 1071], [2542, 1075], [2546, 1073], [2548, 1071], [2551, 1066], [2553, 1062], [2556, 1057], [2558, 1052], [2560, 1042], [2559, 1034], [2556, 1031], [2554, 1029], [2552, 1027], [2548, 1023], [2546, 1014], [2544, 1004], [2541, 1000], [2540, 996], [2537, 993], [2528, 991], [2518, 996], [2509, 1000], [2499, 998], [2496, 995], [2494, 992]]
869;401;NA;0.9189453125;0.8919376057132118;0.88267582654953;5145;4922;[2896, 1268, 2994, 1351];[2901, 1267, 2999, 1352];[[2991, 1272], [2978, 1268], [2969, 1271], [2962, 1279], [2943, 1289], [2913, 1289], [2899, 1304], [2896, 1321], [2900, 1331], [2921, 1351], [2932, 1351], [2942, 1344], [2954, 1341], [2975, 1325], [2993, 1304], [2994, 1276]];[[2990, 1270], [2978, 1267], [2967, 1269], [2965, 1271], [2963, 1274], [2960, 1276], [2958, 1278], [2955, 1281], [2952, 1284], [2945, 1286], [2938, 1289], [2928, 1291], [2919, 1289], [2916, 1286], [2915, 1288], [2912, 1290], [2909, 1294], [2904, 1296], [2901, 1314], [2904, 1333], [2909, 1337], [2912, 1342], [2914, 1344], [2917, 1348], [2920, 1350], [2926, 1352], [2932, 1350], [2935, 1348], [2937, 1345], [2939, 1343], [2943, 1340], [2947, 1337], [2952, 1335], [2957, 1333], [2962, 1330], [2966, 1328], [2970, 1326], [2973, 1324], [2975, 1321], [2978, 1319], [2980, 1317], [2982, 1314], [2986, 1311], [2988, 1309], [2990, 1305], [2992, 1300], [2994, 1293], [2997, 1286], [2999, 1283], [2997, 1281], [2994, 1276], [2993, 1272]]
870;60;NA;0.9404296875;0.8961176827418865;0.8805911540985107;6474;6029;[2466, 865, 2554, 975];[2472, 862, 2556, 974];[[2538, 865], [2507, 866], [2503, 879], [2494, 888], [2494, 899], [2486, 908], [2485, 918], [2475, 928], [2474, 939], [2466, 948], [2466, 961], [2479, 974], [2501, 975], [2519, 955], [2530, 956], [2543, 964], [2551, 961], [2554, 951], [2552, 922], [2542, 908], [2542, 873]];[[2534, 868], [2521, 862], [2508, 868], [2504, 875], [2500, 880], [2496, 884], [2494, 893], [2490, 904], [2486, 911], [2483, 918], [2479, 926], [2476, 933], [2472, 951], [2474, 967], [2478, 971], [2485, 974], [2492, 971], [2500, 967], [2505, 965], [2509, 961], [2514, 957], [2521, 953], [2528, 957], [2539, 960], [2548, 958], [2552, 954], [2556, 940], [2552, 926], [2548, 918], [2545, 911], [2541, 893], [2538, 875]]
871;188;NA;0.93017578125;0.6416305808571002;0.8832720518112183;6256;4738;[2837, 1362, 2939, 1458];[2844, 1365, 2937, 1458];[[2928, 1364], [2915, 1362], [2901, 1369], [2879, 1370], [2872, 1378], [2854, 1381], [2839, 1393], [2837, 1406], [2840, 1412], [2849, 1418], [2862, 1420], [2871, 1425], [2875, 1453], [2879, 1457], [2891, 1458], [2904, 1453], [2921, 1435], [2931, 1418], [2939, 1398], [2939, 1389]];[[2926, 1374], [2901, 1365], [2874, 1370], [2863, 1375], [2854, 1379], [2849, 1384], [2844, 1390], [2854, 1395], [2865, 1406], [2860, 1417], [2854, 1427], [2863, 1436], [2874, 1447], [2885, 1458], [2894, 1449], [2899, 1438], [2904, 1427], [2910, 1417], [2915, 1411], [2920, 1406], [2928, 1399], [2933, 1393], [2937, 1390], [2931, 1384]]
872;793;NA;0.8857421875;0.8650696651185529;0.9001135230064392;7688;7572;[2420, 1073, 2546, 1181];[2424, 1077, 2546, 1185];[[2432, 1073], [2427, 1106], [2420, 1120], [2436, 1128], [2447, 1154], [2466, 1179], [2486, 1181], [2496, 1177], [2496, 1162], [2491, 1153], [2495, 1149], [2515, 1149], [2525, 1158], [2542, 1150], [2546, 1143], [2544, 1125], [2520, 1103], [2506, 1099], [2482, 1097], [2471, 1086]];[[2430, 1077], [2428, 1081], [2426, 1085], [2424, 1090], [2426, 1095], [2428, 1100], [2426, 1104], [2424, 1112], [2425, 1118], [2428, 1120], [2431, 1124], [2433, 1138], [2437, 1151], [2442, 1154], [2444, 1156], [2447, 1158], [2450, 1162], [2452, 1166], [2454, 1170], [2456, 1173], [2463, 1175], [2471, 1178], [2474, 1181], [2476, 1183], [2480, 1185], [2484, 1183], [2486, 1181], [2490, 1178], [2492, 1175], [2494, 1161], [2499, 1147], [2504, 1149], [2511, 1151], [2518, 1154], [2523, 1156], [2528, 1154], [2533, 1151], [2537, 1150], [2539, 1147], [2542, 1144], [2544, 1142], [2546, 1135], [2544, 1129], [2542, 1127], [2539, 1124], [2537, 1119], [2533, 1115], [2528, 1112], [2523, 1110], [2518, 1108], [2511, 1105], [2504, 1103], [2497, 1100], [2490, 1098], [2485, 1096], [2480, 1093], [2477, 1090], [2475, 1088], [2456, 1086], [2437, 1084], [2435, 1081], [2432, 1079]]
873;844;NA;0.87646484375;0.831103312129853;0.8110070824623108;4486;3862;[2538, 963, 2616, 1039];[2548, 964, 2615, 1043];[[2549, 972], [2539, 994], [2538, 1014], [2541, 1020], [2549, 1029], [2563, 1033], [2571, 1039], [2606, 1039], [2616, 1029], [2616, 1004], [2589, 975], [2584, 964], [2579, 963], [2566, 971]];[[2561, 972], [2552, 973], [2550, 975], [2548, 999], [2549, 1023], [2551, 1025], [2553, 1027], [2555, 1029], [2557, 1031], [2559, 1033], [2562, 1035], [2564, 1037], [2571, 1039], [2579, 1041], [2585, 1043], [2591, 1041], [2597, 1039], [2603, 1037], [2605, 1035], [2607, 1033], [2609, 1031], [2611, 1029], [2613, 1027], [2615, 1015], [2613, 1004], [2611, 1002], [2609, 999], [2607, 997], [2603, 995], [2599, 989], [2597, 984], [2595, 982], [2591, 980], [2587, 978], [2585, 975], [2583, 969], [2579, 964], [2576, 965], [2574, 967], [2571, 970]]
874;292;NA;0.92431640625;0.8422523103374168;0.7905200719833374;4513;4059;[2582, 1140, 2689, 1204];[2591, 1139, 2684, 1199];[[2689, 1150], [2687, 1144], [2682, 1140], [2650, 1140], [2639, 1147], [2604, 1147], [2595, 1150], [2583, 1162], [2582, 1169], [2593, 1183], [2622, 1200], [2644, 1201], [2653, 1204], [2657, 1198], [2658, 1187], [2666, 1175], [2684, 1161]];[[2684, 1152], [2683, 1143], [2680, 1141], [2664, 1139], [2647, 1141], [2633, 1143], [2618, 1146], [2609, 1148], [2600, 1150], [2598, 1152], [2595, 1155], [2592, 1158], [2591, 1166], [2592, 1175], [2595, 1178], [2598, 1181], [2600, 1186], [2603, 1190], [2605, 1195], [2626, 1199], [2646, 1197], [2649, 1195], [2652, 1192], [2654, 1189], [2656, 1186], [2658, 1181], [2661, 1178], [2663, 1176], [2665, 1174], [2668, 1171], [2671, 1168], [2676, 1166], [2680, 1164], [2682, 1162]]
875;720;NA;0.8955078125;0.8724528301886793;0.8978346586227417;5110;4814;[2729, 1178, 2808, 1279];[2725, 1180, 2808, 1275];[[2736, 1182], [2730, 1189], [2729, 1205], [2734, 1223], [2743, 1232], [2745, 1243], [2756, 1246], [2769, 1267], [2781, 1277], [2792, 1279], [2804, 1268], [2808, 1258], [2804, 1230], [2797, 1221], [2793, 1200], [2787, 1193], [2775, 1191], [2766, 1184], [2750, 1178]];[[2748, 1180], [2737, 1181], [2735, 1183], [2733, 1187], [2731, 1191], [2729, 1197], [2727, 1203], [2725, 1211], [2726, 1219], [2728, 1221], [2734, 1223], [2740, 1225], [2743, 1227], [2745, 1239], [2752, 1251], [2760, 1255], [2762, 1259], [2764, 1261], [2766, 1263], [2768, 1265], [2770, 1267], [2772, 1269], [2775, 1271], [2777, 1273], [2788, 1275], [2800, 1273], [2802, 1271], [2804, 1267], [2806, 1263], [2808, 1253], [2806, 1243], [2804, 1239], [2802, 1235], [2800, 1231], [2798, 1227], [2796, 1223], [2794, 1220], [2792, 1218], [2790, 1215], [2788, 1211], [2786, 1207], [2784, 1203], [2782, 1200], [2780, 1198], [2778, 1195], [2776, 1193], [2772, 1192], [2768, 1190], [2766, 1188], [2764, 1186], [2762, 1183], [2760, 1181]]
876;142;NA;0.93310546875;0.7610355745948967;0.8888888955116272;5361;4094;[2614, 1272, 2699, 1370];[2614, 1282, 2699, 1371];[[2682, 1273], [2668, 1272], [2651, 1280], [2640, 1290], [2632, 1306], [2618, 1323], [2614, 1350], [2618, 1359], [2629, 1370], [2649, 1370], [2666, 1352], [2668, 1342], [2676, 1332], [2689, 1324], [2699, 1304], [2699, 1288], [2693, 1280]];[[2699, 1293], [2695, 1286], [2690, 1284], [2678, 1282], [2666, 1284], [2661, 1286], [2657, 1289], [2652, 1291], [2648, 1293], [2645, 1295], [2643, 1302], [2641, 1309], [2638, 1314], [2636, 1319], [2633, 1321], [2631, 1324], [2629, 1326], [2626, 1329], [2623, 1332], [2618, 1334], [2614, 1345], [2616, 1356], [2618, 1359], [2621, 1361], [2623, 1364], [2626, 1367], [2629, 1369], [2637, 1371], [2647, 1368], [2652, 1366], [2656, 1362], [2658, 1357], [2661, 1354], [2664, 1352], [2665, 1348], [2668, 1343], [2670, 1338], [2672, 1333], [2675, 1331], [2677, 1329], [2680, 1325], [2683, 1323], [2684, 1317], [2687, 1309], [2689, 1307], [2692, 1305], [2695, 1302], [2697, 1299]]
877;721;NA;0.8955078125;0.9247765640516385;0.9095677137374878;3985;3768;[2524, 1185, 2622, 1248];[2525, 1188, 2624, 1247];[[2622, 1202], [2614, 1192], [2605, 1186], [2589, 1185], [2578, 1192], [2569, 1192], [2562, 1199], [2552, 1200], [2526, 1223], [2524, 1241], [2527, 1244], [2545, 1248], [2572, 1243], [2577, 1237], [2589, 1234], [2615, 1221], [2622, 1211]];[[2620, 1199], [2618, 1196], [2616, 1194], [2614, 1191], [2612, 1189], [2594, 1188], [2576, 1190], [2572, 1192], [2568, 1194], [2564, 1196], [2560, 1198], [2556, 1200], [2553, 1201], [2551, 1203], [2549, 1205], [2547, 1207], [2544, 1210], [2540, 1212], [2537, 1213], [2535, 1215], [2533, 1217], [2531, 1219], [2528, 1222], [2526, 1224], [2525, 1231], [2526, 1239], [2528, 1241], [2531, 1243], [2533, 1245], [2544, 1247], [2556, 1245], [2562, 1243], [2568, 1241], [2570, 1239], [2572, 1237], [2584, 1235], [2596, 1233], [2598, 1231], [2600, 1229], [2602, 1227], [2604, 1225], [2608, 1223], [2612, 1221], [2614, 1219], [2616, 1217], [2618, 1215], [2620, 1211], [2622, 1207], [2624, 1205], [2622, 1203]]
878;26;NA;0.94921875;0.8980096937197072;0.9342713952064514;9099;9306;[1530, 1280, 1642, 1415];[1530, 1276, 1641, 1411];[[1575, 1280], [1554, 1290], [1550, 1305], [1541, 1316], [1539, 1340], [1530, 1360], [1530, 1401], [1544, 1411], [1558, 1409], [1588, 1386], [1596, 1408], [1609, 1415], [1617, 1349], [1600, 1317], [1613, 1302], [1638, 1298], [1642, 1292], [1630, 1287], [1597, 1292]];[[1579, 1276], [1570, 1277], [1568, 1279], [1566, 1283], [1564, 1287], [1561, 1290], [1559, 1292], [1558, 1295], [1556, 1299], [1554, 1303], [1552, 1307], [1550, 1313], [1548, 1319], [1546, 1321], [1544, 1323], [1541, 1326], [1539, 1328], [1538, 1337], [1536, 1347], [1534, 1357], [1532, 1367], [1530, 1383], [1531, 1399], [1533, 1401], [1535, 1403], [1537, 1405], [1540, 1407], [1542, 1409], [1551, 1411], [1561, 1409], [1565, 1407], [1569, 1405], [1571, 1403], [1573, 1401], [1575, 1399], [1577, 1397], [1579, 1395], [1581, 1393], [1585, 1391], [1589, 1397], [1593, 1403], [1597, 1405], [1600, 1407], [1602, 1409], [1605, 1411], [1609, 1409], [1611, 1407], [1613, 1393], [1615, 1379], [1617, 1361], [1615, 1343], [1613, 1339], [1611, 1335], [1609, 1331], [1607, 1328], [1605, 1326], [1603, 1323], [1601, 1317], [1603, 1311], [1605, 1309], [1611, 1307], [1617, 1305], [1623, 1303], [1629, 1301], [1633, 1299], [1637, 1297], [1639, 1295], [1641, 1291], [1617, 1288], [1593, 1284], [1591, 1280], [1589, 1278]]
879;394;NA;0.9189453125;0.9141905737704918;0.9385474920272827;3811;3662;[1749, 1365, 1834, 1423];[1750, 1364, 1837, 1423];[[1749, 1373], [1751, 1392], [1758, 1405], [1772, 1417], [1796, 1423], [1802, 1420], [1809, 1412], [1828, 1410], [1834, 1404], [1834, 1385], [1816, 1371], [1807, 1370], [1797, 1365], [1760, 1365]];[[1751, 1372], [1750, 1381], [1751, 1391], [1753, 1393], [1755, 1395], [1757, 1397], [1760, 1399], [1762, 1403], [1763, 1407], [1765, 1409], [1768, 1411], [1770, 1413], [1779, 1415], [1789, 1417], [1793, 1419], [1797, 1421], [1799, 1423], [1801, 1421], [1803, 1419], [1805, 1415], [1807, 1411], [1809, 1409], [1813, 1407], [1817, 1409], [1823, 1411], [1829, 1409], [1831, 1407], [1833, 1405], [1835, 1403], [1837, 1395], [1835, 1388], [1833, 1386], [1831, 1384], [1829, 1382], [1827, 1380], [1825, 1378], [1823, 1375], [1821, 1373], [1817, 1372], [1813, 1370], [1809, 1368], [1805, 1366], [1781, 1364], [1758, 1365], [1756, 1367], [1753, 1370]]
880;748;NA;0.892578125;0.8583827265029635;0.9092857241630554;4615;4164;[1512, 1146, 1612, 1216];[1514, 1148, 1609, 1215];[[1512, 1150], [1520, 1166], [1522, 1180], [1539, 1201], [1550, 1207], [1566, 1205], [1572, 1209], [1585, 1210], [1598, 1216], [1605, 1214], [1609, 1201], [1606, 1183], [1612, 1175], [1611, 1172], [1594, 1164], [1577, 1161], [1557, 1147], [1519, 1146]];[[1533, 1148], [1514, 1157], [1516, 1167], [1518, 1171], [1519, 1175], [1521, 1177], [1523, 1179], [1525, 1181], [1527, 1183], [1529, 1185], [1531, 1187], [1533, 1189], [1535, 1191], [1537, 1193], [1539, 1195], [1541, 1197], [1544, 1199], [1546, 1201], [1549, 1203], [1553, 1205], [1565, 1207], [1577, 1209], [1581, 1211], [1585, 1213], [1595, 1215], [1605, 1213], [1607, 1211], [1609, 1197], [1607, 1184], [1605, 1182], [1603, 1179], [1601, 1173], [1597, 1168], [1593, 1166], [1585, 1164], [1577, 1162], [1571, 1160], [1565, 1158], [1563, 1155], [1561, 1153], [1557, 1152], [1553, 1150]]
881;354;NA;0.9208984375;0.846521287642783;0.8904625773429871;4534;4357;[1699, 1377, 1791, 1457];[1702, 1380, 1793, 1459];[[1706, 1384], [1700, 1394], [1699, 1406], [1702, 1412], [1720, 1424], [1719, 1449], [1726, 1450], [1733, 1440], [1745, 1443], [1753, 1450], [1774, 1451], [1781, 1457], [1791, 1454], [1780, 1415], [1757, 1390], [1741, 1382], [1732, 1382], [1722, 1377], [1715, 1377]];[[1719, 1380], [1706, 1383], [1704, 1387], [1702, 1399], [1703, 1411], [1705, 1413], [1709, 1415], [1713, 1417], [1716, 1419], [1718, 1437], [1719, 1455], [1721, 1457], [1723, 1459], [1725, 1457], [1727, 1455], [1729, 1449], [1737, 1443], [1745, 1445], [1751, 1447], [1757, 1449], [1767, 1451], [1777, 1453], [1780, 1455], [1782, 1457], [1785, 1459], [1789, 1457], [1791, 1455], [1793, 1449], [1791, 1443], [1789, 1437], [1787, 1431], [1785, 1427], [1783, 1423], [1781, 1419], [1777, 1416], [1773, 1414], [1769, 1412], [1765, 1410], [1763, 1407], [1761, 1403], [1759, 1400], [1757, 1398], [1753, 1396], [1749, 1394], [1747, 1392], [1745, 1390], [1743, 1387], [1741, 1385], [1737, 1384], [1733, 1382]]
882;35;NA;0.94482421875;0.8425284788921152;0.8291925191879272;3922;4327;[1724, 1057, 1817, 1120];[1728, 1053, 1821, 1123];[[1817, 1079], [1798, 1068], [1792, 1057], [1782, 1057], [1761, 1066], [1756, 1078], [1750, 1084], [1727, 1082], [1725, 1084], [1724, 1103], [1733, 1114], [1746, 1120], [1774, 1120], [1807, 1101], [1817, 1089]];[[1821, 1081], [1820, 1077], [1817, 1074], [1814, 1071], [1812, 1069], [1808, 1067], [1803, 1062], [1801, 1058], [1798, 1055], [1789, 1053], [1779, 1055], [1774, 1058], [1770, 1060], [1762, 1062], [1756, 1069], [1754, 1076], [1751, 1079], [1743, 1081], [1736, 1079], [1731, 1077], [1728, 1095], [1729, 1113], [1731, 1116], [1736, 1118], [1741, 1120], [1755, 1123], [1770, 1120], [1777, 1118], [1783, 1116], [1786, 1114], [1789, 1111], [1793, 1108], [1797, 1107], [1800, 1104], [1802, 1102], [1805, 1100], [1807, 1097], [1809, 1095], [1812, 1093], [1814, 1090], [1817, 1087], [1820, 1085]]
883;85;NA;0.9375;0.8623369414376908;0.8818372488021851;6764;6656;[1672, 1269, 1765, 1381];[1678, 1270, 1769, 1382];[[1746, 1269], [1734, 1270], [1727, 1276], [1708, 1270], [1705, 1273], [1706, 1284], [1715, 1293], [1692, 1307], [1672, 1327], [1675, 1340], [1684, 1336], [1693, 1339], [1689, 1353], [1683, 1354], [1682, 1359], [1687, 1360], [1691, 1354], [1701, 1350], [1705, 1356], [1707, 1377], [1713, 1381], [1738, 1380], [1757, 1349], [1765, 1301], [1755, 1274]];[[1730, 1270], [1707, 1283], [1703, 1298], [1699, 1301], [1696, 1305], [1692, 1308], [1689, 1312], [1684, 1317], [1680, 1320], [1678, 1330], [1682, 1340], [1685, 1348], [1696, 1355], [1707, 1366], [1713, 1375], [1720, 1379], [1727, 1382], [1733, 1380], [1736, 1376], [1741, 1371], [1745, 1368], [1747, 1362], [1751, 1355], [1754, 1348], [1758, 1340], [1761, 1326], [1765, 1312], [1769, 1301], [1765, 1290], [1761, 1283], [1759, 1277], [1755, 1274]]
884;45;NA;0.943359375;0.6975355885504363;0.6493295431137085;5097;5993;[1479, 1158, 1566, 1255];[1481, 1161, 1585, 1275];[[1495, 1160], [1480, 1176], [1479, 1206], [1481, 1212], [1510, 1239], [1521, 1240], [1527, 1247], [1537, 1249], [1545, 1255], [1554, 1253], [1561, 1247], [1566, 1232], [1564, 1225], [1555, 1216], [1543, 1190], [1504, 1158]];[[1495, 1161], [1481, 1191], [1490, 1221], [1501, 1227], [1506, 1232], [1511, 1238], [1517, 1243], [1522, 1248], [1527, 1254], [1533, 1259], [1540, 1266], [1545, 1272], [1554, 1275], [1563, 1272], [1568, 1266], [1576, 1259], [1581, 1254], [1585, 1245], [1581, 1236], [1576, 1230], [1570, 1225], [1565, 1220], [1560, 1214], [1554, 1209], [1549, 1204], [1543, 1198], [1538, 1193], [1533, 1187], [1527, 1182], [1522, 1177], [1515, 1169], [1509, 1164]]
885;209;NA;0.927734375;0.8633932912007778;0.8736616969108582;3632;4034;[1763, 886, 1833, 972];[1761, 881, 1831, 970];[[1772, 886], [1764, 896], [1763, 914], [1769, 919], [1784, 954], [1803, 972], [1821, 971], [1831, 964], [1833, 953], [1826, 936], [1821, 930], [1820, 924], [1788, 887]];[[1779, 881], [1770, 883], [1768, 885], [1765, 888], [1762, 891], [1761, 904], [1762, 918], [1765, 920], [1768, 923], [1770, 928], [1773, 933], [1775, 940], [1778, 947], [1780, 952], [1784, 956], [1789, 958], [1791, 961], [1793, 963], [1797, 966], [1799, 969], [1813, 970], [1826, 969], [1828, 966], [1831, 952], [1828, 938], [1826, 933], [1824, 929], [1822, 926], [1819, 923], [1817, 918], [1815, 915], [1813, 912], [1809, 909], [1807, 904], [1805, 900], [1803, 898], [1801, 895], [1798, 893], [1796, 891], [1793, 888], [1790, 885], [1788, 883]]
886;157;NA;0.93212890625;0.8536585365853658;0.817307710647583;5617;5251;[1435, 886, 1533, 976];[1442, 891, 1532, 982];[[1436, 916], [1435, 928], [1469, 960], [1470, 971], [1475, 976], [1485, 976], [1488, 973], [1488, 960], [1492, 951], [1500, 957], [1511, 959], [1518, 966], [1529, 966], [1533, 963], [1533, 933], [1508, 908], [1503, 896], [1493, 894], [1485, 886], [1459, 889]];[[1445, 904], [1442, 922], [1444, 939], [1448, 942], [1456, 947], [1463, 954], [1467, 961], [1470, 968], [1473, 974], [1476, 978], [1480, 982], [1482, 979], [1486, 976], [1491, 964], [1498, 953], [1505, 957], [1512, 960], [1519, 964], [1523, 967], [1525, 965], [1529, 961], [1532, 951], [1530, 941], [1527, 937], [1522, 933], [1518, 922], [1515, 911], [1511, 904], [1509, 898], [1505, 895], [1484, 891], [1462, 895], [1455, 898], [1449, 900]]
887;1000;NA;0.74609375;0.6695139911634757;0.6630747318267822;3376;2292;[1207, 648, 1265, 720];[1215, 648, 1254, 719];[[1229, 648], [1222, 651], [1216, 657], [1211, 669], [1208, 681], [1207, 701], [1211, 710], [1219, 717], [1227, 720], [1236, 720], [1252, 708], [1258, 700], [1263, 688], [1265, 661], [1263, 656], [1255, 652]];[[1236, 648], [1227, 649], [1225, 651], [1222, 654], [1220, 656], [1219, 659], [1217, 663], [1215, 687], [1216, 711], [1218, 713], [1221, 715], [1223, 717], [1230, 719], [1238, 717], [1240, 715], [1242, 713], [1244, 711], [1246, 707], [1248, 703], [1250, 701], [1248, 700], [1246, 698], [1248, 695], [1250, 685], [1252, 675], [1254, 665], [1252, 656], [1250, 654], [1248, 651], [1246, 649]]
888;370;NA;0.92041015625;0.8589743589743589;0.7777610421180725;4285;3980;[1090, 919, 1187, 981];[1093, 912, 1182, 977];[[1090, 927], [1097, 956], [1112, 968], [1124, 971], [1129, 975], [1159, 981], [1166, 976], [1175, 974], [1179, 967], [1187, 961], [1187, 948], [1183, 943], [1176, 942], [1149, 925], [1126, 919], [1099, 919]];[[1097, 922], [1093, 938], [1095, 953], [1097, 956], [1102, 958], [1107, 961], [1112, 963], [1116, 965], [1121, 968], [1126, 970], [1133, 973], [1140, 975], [1155, 977], [1168, 976], [1170, 973], [1173, 971], [1175, 969], [1178, 965], [1181, 963], [1182, 954], [1181, 946], [1178, 943], [1174, 941], [1169, 938], [1164, 936], [1159, 934], [1155, 931], [1150, 929], [1147, 926], [1145, 924], [1143, 922], [1140, 919], [1137, 916], [1135, 914], [1126, 912], [1116, 917], [1112, 922], [1107, 919], [1104, 917], [1102, 919]]
889;363;NA;0.9208984375;0.8410735826296744;0.8056419491767883;6524;5686;[1370, 1115, 1444, 1235];[1377, 1113, 1439, 1232];[[1392, 1115], [1388, 1119], [1386, 1134], [1380, 1147], [1378, 1170], [1370, 1179], [1370, 1211], [1382, 1222], [1402, 1225], [1417, 1235], [1423, 1235], [1434, 1224], [1444, 1203], [1444, 1189], [1437, 1173], [1437, 1148], [1419, 1131], [1413, 1115]];[[1412, 1113], [1405, 1116], [1394, 1120], [1385, 1133], [1381, 1147], [1377, 1176], [1381, 1205], [1385, 1212], [1391, 1218], [1398, 1221], [1405, 1225], [1412, 1228], [1423, 1232], [1432, 1226], [1436, 1219], [1439, 1187], [1436, 1154], [1432, 1147], [1429, 1140], [1425, 1133], [1422, 1126], [1418, 1119]]
890;517;NA;0.9111328125;0.8417905347684947;0.9122971296310425;5751;5029;[858, 1109, 970, 1192];[859, 1112, 974, 1191];[[858, 1125], [858, 1142], [866, 1148], [868, 1158], [908, 1183], [919, 1184], [927, 1191], [946, 1192], [962, 1184], [970, 1173], [970, 1147], [949, 1141], [923, 1114], [912, 1109], [900, 1109], [905, 1114], [905, 1127], [901, 1134], [884, 1129], [875, 1122], [861, 1122]];[[861, 1127], [859, 1133], [861, 1139], [863, 1143], [864, 1147], [866, 1149], [870, 1151], [874, 1153], [878, 1155], [882, 1157], [885, 1159], [887, 1161], [890, 1163], [894, 1165], [896, 1167], [898, 1169], [900, 1171], [902, 1173], [904, 1175], [906, 1177], [909, 1179], [911, 1181], [914, 1183], [918, 1185], [921, 1187], [923, 1189], [938, 1191], [954, 1189], [956, 1187], [958, 1185], [960, 1183], [962, 1181], [964, 1179], [966, 1175], [968, 1171], [970, 1167], [972, 1163], [974, 1157], [972, 1152], [970, 1150], [968, 1147], [966, 1145], [956, 1144], [946, 1142], [944, 1139], [942, 1137], [938, 1136], [934, 1134], [932, 1131], [930, 1127], [928, 1124], [926, 1122], [922, 1120], [918, 1118], [916, 1115], [914, 1113], [906, 1112], [899, 1115], [900, 1119], [902, 1121], [905, 1123], [907, 1125], [905, 1127], [903, 1129], [901, 1131], [898, 1134], [894, 1136], [890, 1134], [886, 1132], [882, 1130], [880, 1127], [878, 1125], [870, 1124], [863, 1125]]
891;261;NA;0.92578125;0.8708232219525854;0.9100950360298157;5140;4882;[1344, 1034, 1425, 1136];[1346, 1032, 1425, 1131];[[1415, 1037], [1408, 1034], [1387, 1036], [1375, 1057], [1361, 1073], [1358, 1084], [1351, 1091], [1351, 1099], [1344, 1108], [1345, 1125], [1354, 1136], [1365, 1136], [1380, 1124], [1398, 1123], [1407, 1116], [1413, 1087], [1425, 1050]];[[1409, 1033], [1399, 1032], [1390, 1033], [1388, 1035], [1386, 1039], [1384, 1043], [1381, 1046], [1379, 1048], [1378, 1051], [1376, 1055], [1373, 1058], [1371, 1060], [1370, 1063], [1368, 1067], [1366, 1069], [1364, 1071], [1362, 1073], [1360, 1075], [1357, 1078], [1355, 1080], [1354, 1083], [1352, 1087], [1349, 1090], [1347, 1092], [1346, 1107], [1347, 1123], [1349, 1125], [1352, 1127], [1354, 1129], [1361, 1131], [1369, 1129], [1371, 1127], [1373, 1125], [1375, 1123], [1377, 1121], [1383, 1119], [1389, 1117], [1397, 1115], [1405, 1113], [1407, 1111], [1409, 1109], [1411, 1107], [1413, 1097], [1415, 1087], [1417, 1073], [1419, 1059], [1421, 1055], [1423, 1051], [1425, 1049], [1423, 1048], [1421, 1046], [1419, 1044], [1417, 1042], [1415, 1040], [1413, 1038], [1411, 1035]]
892;225;NA;0.92724609375;0.8329541145240804;0.8297069072723389;4885;4782;[1098, 1016, 1207, 1094];[1106, 1020, 1211, 1096];[[1098, 1027], [1099, 1036], [1106, 1046], [1114, 1051], [1116, 1068], [1139, 1069], [1155, 1083], [1163, 1085], [1170, 1091], [1189, 1094], [1202, 1089], [1206, 1084], [1207, 1077], [1199, 1057], [1188, 1046], [1165, 1036], [1152, 1025], [1140, 1023], [1126, 1016], [1107, 1018]];[[1129, 1020], [1106, 1033], [1109, 1047], [1113, 1054], [1115, 1060], [1119, 1064], [1126, 1067], [1133, 1071], [1140, 1075], [1147, 1078], [1152, 1083], [1156, 1087], [1162, 1089], [1169, 1092], [1183, 1096], [1196, 1094], [1200, 1090], [1205, 1085], [1208, 1082], [1211, 1076], [1208, 1070], [1205, 1066], [1201, 1063], [1197, 1059], [1194, 1055], [1190, 1052], [1187, 1048], [1183, 1045], [1178, 1040], [1175, 1036], [1169, 1034], [1162, 1030], [1157, 1026], [1153, 1022]]
893;828;NA;0.8818359375;0.8876636802205375;0.8730807304382324;5420;5536;[923, 1061, 1030, 1139];[926, 1058, 1035, 1137];[[1028, 1066], [1019, 1061], [1007, 1062], [990, 1079], [970, 1079], [923, 1099], [924, 1114], [939, 1136], [946, 1139], [971, 1138], [1006, 1125], [1029, 1101], [1030, 1070]];[[1030, 1066], [1028, 1062], [1026, 1060], [1014, 1058], [1003, 1059], [1000, 1062], [998, 1064], [996, 1066], [993, 1069], [991, 1071], [988, 1074], [978, 1077], [969, 1078], [967, 1081], [964, 1084], [959, 1086], [954, 1089], [947, 1091], [940, 1093], [935, 1096], [931, 1097], [929, 1100], [926, 1112], [928, 1123], [930, 1125], [933, 1128], [935, 1130], [938, 1133], [941, 1135], [957, 1137], [973, 1135], [983, 1132], [992, 1130], [1000, 1128], [1006, 1126], [1008, 1124], [1011, 1121], [1013, 1119], [1015, 1116], [1018, 1114], [1020, 1112], [1023, 1109], [1026, 1106], [1028, 1104], [1030, 1095], [1032, 1085], [1035, 1078], [1032, 1071]]
894;61;NA;0.9404296875;0.9083575346886092;0.889141321182251;5855;5973;[1295, 1285, 1379, 1388];[1299, 1284, 1375, 1389];[[1323, 1285], [1315, 1304], [1298, 1303], [1295, 1307], [1298, 1312], [1307, 1315], [1311, 1323], [1311, 1342], [1307, 1354], [1311, 1373], [1315, 1379], [1330, 1388], [1367, 1388], [1370, 1384], [1370, 1342], [1367, 1336], [1379, 1325], [1369, 1313], [1356, 1304], [1352, 1291], [1346, 1285]];[[1308, 1299], [1299, 1308], [1301, 1318], [1305, 1321], [1309, 1326], [1313, 1330], [1309, 1333], [1306, 1337], [1309, 1340], [1313, 1344], [1309, 1348], [1306, 1358], [1309, 1369], [1313, 1376], [1319, 1382], [1326, 1386], [1348, 1389], [1368, 1383], [1371, 1376], [1375, 1373], [1371, 1369], [1368, 1351], [1371, 1333], [1375, 1323], [1373, 1313], [1369, 1309], [1366, 1306], [1362, 1302], [1358, 1299], [1355, 1295], [1350, 1290], [1346, 1287], [1337, 1284], [1327, 1287], [1324, 1290], [1319, 1295]]
895;768;NA;0.8896484375;0.8803488136280674;0.9168035984039307;4762;4510;[1051, 964, 1151, 1026];[1051, 964, 1150, 1031];[[1052, 988], [1051, 1000], [1055, 1010], [1080, 1011], [1084, 1015], [1086, 1024], [1099, 1026], [1105, 1019], [1120, 1024], [1128, 1023], [1142, 1017], [1151, 1007], [1151, 996], [1142, 974], [1127, 965], [1087, 964], [1072, 972], [1065, 979], [1058, 981]];[[1052, 988], [1051, 997], [1052, 1007], [1054, 1009], [1057, 1011], [1059, 1013], [1072, 1015], [1086, 1017], [1089, 1019], [1091, 1023], [1092, 1027], [1094, 1029], [1096, 1031], [1098, 1029], [1100, 1027], [1102, 1023], [1104, 1019], [1106, 1017], [1118, 1015], [1130, 1017], [1138, 1019], [1146, 1017], [1148, 1015], [1150, 1003], [1148, 991], [1146, 985], [1142, 980], [1138, 978], [1136, 975], [1134, 973], [1130, 972], [1126, 970], [1122, 968], [1118, 966], [1102, 964], [1086, 966], [1082, 968], [1079, 969], [1077, 971], [1074, 974], [1070, 976], [1066, 978], [1062, 980], [1059, 981], [1057, 983], [1054, 986]]
896;658;NA;0.9013671875;0.8669734365195566;0.9203270077705383;4743;4183;[1303, 1196, 1385, 1281];[1303, 1200, 1386, 1283];[[1381, 1202], [1374, 1201], [1367, 1196], [1359, 1199], [1349, 1196], [1329, 1216], [1321, 1218], [1311, 1228], [1304, 1240], [1303, 1260], [1305, 1265], [1321, 1281], [1343, 1281], [1355, 1270], [1364, 1253], [1384, 1230], [1385, 1210]];[[1378, 1203], [1360, 1200], [1343, 1203], [1341, 1207], [1338, 1210], [1332, 1212], [1327, 1213], [1325, 1215], [1322, 1218], [1320, 1220], [1319, 1225], [1317, 1231], [1315, 1233], [1313, 1235], [1311, 1237], [1309, 1239], [1306, 1242], [1304, 1244], [1303, 1251], [1304, 1259], [1306, 1261], [1308, 1263], [1310, 1265], [1312, 1267], [1314, 1269], [1317, 1271], [1319, 1275], [1322, 1279], [1326, 1281], [1330, 1283], [1334, 1281], [1338, 1279], [1342, 1277], [1346, 1275], [1350, 1273], [1352, 1271], [1354, 1267], [1356, 1263], [1358, 1259], [1360, 1255], [1362, 1253], [1364, 1251], [1366, 1247], [1368, 1243], [1370, 1241], [1372, 1239], [1374, 1235], [1376, 1231], [1378, 1229], [1380, 1227], [1382, 1225], [1384, 1223], [1386, 1217], [1384, 1212], [1382, 1210], [1380, 1207]]
897;239;NA;0.92626953125;0.8145486415425066;0.8467878699302673;5585;4767;[1328, 847, 1411, 951];[1331, 844, 1406, 947];[[1408, 848], [1389, 847], [1380, 855], [1372, 856], [1351, 875], [1329, 901], [1328, 930], [1332, 934], [1342, 933], [1350, 928], [1372, 951], [1385, 948], [1410, 880], [1411, 854]];[[1402, 846], [1392, 844], [1383, 845], [1381, 847], [1379, 849], [1377, 851], [1375, 853], [1373, 855], [1371, 857], [1369, 859], [1367, 861], [1365, 863], [1363, 865], [1361, 867], [1358, 870], [1356, 872], [1355, 875], [1353, 879], [1351, 881], [1349, 883], [1347, 885], [1345, 887], [1343, 889], [1341, 891], [1339, 893], [1337, 895], [1334, 898], [1332, 900], [1331, 915], [1332, 931], [1334, 933], [1338, 935], [1342, 933], [1344, 931], [1346, 929], [1348, 927], [1350, 923], [1354, 919], [1358, 925], [1361, 931], [1363, 935], [1365, 939], [1367, 943], [1374, 947], [1382, 945], [1384, 943], [1386, 939], [1388, 935], [1390, 931], [1392, 927], [1394, 917], [1396, 907], [1398, 893], [1400, 879], [1402, 873], [1404, 867], [1406, 857], [1404, 848]]
898;226;NA;0.92724609375;0.8369984891724023;0.8787593841552734;5003;5940;[1178, 995, 1288, 1063];[1177, 991, 1289, 1067];[[1178, 1012], [1180, 1031], [1187, 1040], [1197, 1046], [1207, 1046], [1225, 1040], [1241, 1042], [1238, 1051], [1230, 1056], [1233, 1063], [1259, 1052], [1266, 1035], [1279, 1038], [1288, 1030], [1287, 1021], [1280, 1009], [1259, 995], [1199, 995]];[[1181, 1004], [1177, 1019], [1180, 1032], [1183, 1035], [1188, 1040], [1191, 1044], [1208, 1046], [1226, 1057], [1233, 1067], [1240, 1064], [1247, 1060], [1253, 1058], [1257, 1054], [1261, 1051], [1264, 1047], [1269, 1042], [1276, 1039], [1282, 1036], [1286, 1033], [1289, 1022], [1287, 1013], [1283, 1009], [1280, 1005], [1276, 1002], [1271, 997], [1268, 993], [1233, 991], [1197, 995], [1190, 998], [1184, 1001]]
899;215;NA;0.92724609375;0.8844842284739983;0.9517636299133301;4290;4552;[995, 901, 1072, 984];[995, 900, 1074, 983];[[1066, 903], [1050, 901], [1029, 908], [1011, 925], [1006, 934], [1001, 931], [995, 932], [995, 934], [1004, 935], [1002, 947], [996, 957], [996, 972], [1000, 978], [1024, 984], [1040, 973], [1053, 954], [1070, 953], [1072, 945], [1064, 929], [1071, 919], [1071, 909]];[[1070, 903], [1054, 900], [1038, 902], [1034, 904], [1031, 905], [1029, 907], [1027, 909], [1025, 911], [1022, 914], [1020, 916], [1019, 919], [1017, 923], [1014, 926], [1012, 928], [1011, 931], [1009, 935], [1007, 939], [1005, 943], [1003, 947], [1001, 951], [998, 954], [996, 956], [995, 965], [996, 975], [998, 977], [1002, 979], [1006, 981], [1018, 983], [1030, 981], [1034, 979], [1038, 977], [1040, 975], [1042, 973], [1044, 971], [1046, 969], [1048, 967], [1050, 965], [1052, 963], [1054, 961], [1062, 959], [1070, 957], [1072, 955], [1074, 947], [1072, 939], [1070, 935], [1068, 931], [1066, 927], [1068, 923], [1070, 921], [1072, 919], [1074, 913], [1072, 907]]
900;562;NA;0.9091796875;0.9020095693779905;0.9554349184036255;4762;5176;[1165, 1330, 1253, 1416];[1165, 1328, 1254, 1417];[[1247, 1346], [1219, 1338], [1205, 1330], [1196, 1331], [1195, 1341], [1190, 1346], [1177, 1347], [1171, 1354], [1171, 1358], [1177, 1364], [1165, 1385], [1167, 1406], [1178, 1416], [1198, 1416], [1249, 1364], [1253, 1354]];[[1254, 1356], [1252, 1352], [1250, 1350], [1247, 1346], [1244, 1344], [1240, 1342], [1236, 1340], [1228, 1338], [1221, 1335], [1218, 1332], [1216, 1330], [1205, 1328], [1193, 1332], [1191, 1337], [1188, 1340], [1183, 1342], [1178, 1345], [1174, 1347], [1170, 1351], [1172, 1356], [1174, 1358], [1172, 1361], [1169, 1364], [1166, 1366], [1165, 1385], [1167, 1404], [1170, 1408], [1174, 1412], [1178, 1415], [1188, 1417], [1197, 1415], [1202, 1412], [1206, 1411], [1209, 1408], [1211, 1406], [1213, 1404], [1217, 1400], [1219, 1398], [1220, 1394], [1223, 1389], [1225, 1387], [1228, 1385], [1230, 1382], [1232, 1380], [1235, 1377], [1237, 1375], [1240, 1373], [1242, 1370], [1244, 1368], [1247, 1366], [1250, 1362], [1252, 1360]]
901;908;NA;0.85888671875;0.8314121037463977;0.7979139685630798;6553;7428;[3575, 665, 3653, 770];[3572, 668, 3663, 775];[[3631, 666], [3612, 665], [3575, 705], [3577, 768], [3624, 770], [3635, 758], [3638, 745], [3653, 738], [3652, 725], [3646, 718], [3646, 707], [3652, 697], [3653, 686], [3643, 674]];[[3617, 668], [3604, 671], [3602, 675], [3599, 678], [3597, 680], [3596, 683], [3594, 687], [3592, 689], [3590, 691], [3588, 693], [3586, 695], [3584, 697], [3582, 699], [3579, 702], [3577, 704], [3576, 715], [3574, 727], [3572, 745], [3574, 763], [3576, 767], [3579, 771], [3583, 773], [3589, 775], [3595, 773], [3605, 771], [3615, 773], [3627, 775], [3639, 773], [3641, 771], [3643, 763], [3645, 755], [3647, 753], [3649, 751], [3651, 749], [3655, 747], [3659, 745], [3661, 743], [3663, 737], [3661, 731], [3659, 727], [3657, 724], [3655, 722], [3653, 719], [3651, 701], [3649, 683], [3647, 679], [3643, 676], [3639, 674], [3635, 672], [3631, 670]]
902;840;NA;0.87744140625;0.8652826855123675;0.8897676467895508;4414;4032;[3470, 538, 3542, 615];[3464, 540, 3543, 615];[[3532, 538], [3509, 538], [3496, 544], [3483, 546], [3471, 559], [3470, 582], [3479, 590], [3485, 592], [3501, 611], [3509, 615], [3526, 612], [3542, 595], [3542, 549]];[[3535, 542], [3523, 540], [3511, 542], [3501, 544], [3492, 545], [3490, 547], [3488, 549], [3486, 551], [3484, 553], [3482, 555], [3480, 557], [3478, 559], [3476, 561], [3474, 563], [3471, 566], [3469, 568], [3468, 571], [3466, 575], [3464, 581], [3469, 587], [3475, 589], [3481, 591], [3487, 593], [3491, 595], [3495, 597], [3498, 599], [3500, 603], [3501, 607], [3503, 609], [3506, 611], [3508, 613], [3511, 615], [3515, 613], [3519, 611], [3523, 609], [3525, 607], [3527, 605], [3529, 603], [3531, 601], [3533, 599], [3535, 597], [3537, 595], [3539, 591], [3541, 587], [3543, 569], [3541, 551], [3539, 547], [3537, 544]]
903;815;NA;0.88232421875;0.7788327282881876;0.7427843809127808;3324;3046;[3507, 733, 3566, 806];[3516, 732, 3571, 803];[[3558, 736], [3541, 733], [3525, 734], [3517, 742], [3515, 758], [3510, 766], [3507, 796], [3513, 804], [3522, 806], [3527, 805], [3532, 800], [3541, 799], [3553, 791], [3561, 780], [3566, 758], [3563, 743]];[[3563, 734], [3543, 732], [3524, 733], [3522, 735], [3520, 739], [3518, 743], [3516, 759], [3518, 775], [3520, 779], [3518, 783], [3516, 791], [3517, 799], [3519, 801], [3525, 803], [3531, 801], [3533, 799], [3535, 797], [3539, 795], [3543, 793], [3545, 791], [3547, 789], [3551, 787], [3555, 785], [3557, 783], [3559, 781], [3561, 779], [3563, 777], [3565, 775], [3567, 771], [3569, 767], [3571, 759], [3569, 751], [3567, 743], [3565, 736]]
904;1011;NA;0.68408203125;0.4764485740095496;0.4796700179576874;7218;4223;[3537, 309, 3641, 418];[3564, 344, 3643, 423];[[3541, 314], [3537, 322], [3541, 343], [3547, 353], [3571, 368], [3570, 404], [3583, 416], [3603, 418], [3612, 410], [3641, 397], [3641, 367], [3633, 357], [3632, 348], [3620, 336], [3609, 334], [3594, 318], [3585, 317], [3576, 309], [3546, 310]];[[3627, 345], [3619, 344], [3612, 347], [3610, 351], [3608, 353], [3606, 355], [3604, 357], [3602, 359], [3600, 361], [3598, 363], [3595, 366], [3585, 368], [3575, 370], [3571, 372], [3568, 375], [3566, 379], [3564, 393], [3566, 407], [3568, 411], [3569, 415], [3571, 417], [3575, 419], [3579, 421], [3593, 423], [3607, 421], [3609, 419], [3611, 417], [3613, 415], [3615, 411], [3617, 407], [3619, 405], [3621, 403], [3623, 401], [3625, 399], [3627, 401], [3629, 403], [3631, 401], [3635, 399], [3639, 397], [3641, 395], [3643, 383], [3641, 371], [3639, 365], [3637, 359], [3635, 355], [3633, 352], [3631, 350], [3629, 347]]
905;547;NA;0.90966796875;0.8731813773035888;0.9061261415481567;4093;3632;[3646, 339, 3696, 450];[3648, 340, 3695, 447];[[3652, 339], [3647, 342], [3646, 385], [3651, 408], [3660, 423], [3666, 441], [3674, 450], [3684, 450], [3691, 443], [3696, 432], [3696, 413], [3692, 406], [3691, 387], [3687, 377], [3686, 364], [3670, 339]];[[3657, 340], [3648, 369], [3650, 399], [3652, 403], [3654, 407], [3656, 411], [3658, 415], [3660, 419], [3662, 423], [3664, 431], [3665, 439], [3667, 441], [3670, 443], [3672, 445], [3679, 447], [3687, 445], [3689, 443], [3691, 439], [3693, 435], [3695, 417], [3693, 399], [3691, 389], [3689, 379], [3687, 371], [3685, 363], [3683, 359], [3681, 356], [3679, 354], [3677, 351], [3675, 347], [3671, 344], [3667, 342]]
906;751;NA;0.892578125;0.6408580183861082;0.8349570035934448;4684;3348;[3513, 442, 3581, 541];[3517, 447, 3579, 545];[[3519, 444], [3516, 449], [3516, 484], [3513, 497], [3517, 513], [3526, 522], [3536, 523], [3550, 540], [3570, 541], [3581, 528], [3581, 516], [3575, 511], [3574, 500], [3566, 491], [3565, 472], [3557, 464], [3557, 455], [3546, 443], [3526, 442]];[[3519, 447], [3517, 478], [3520, 511], [3524, 518], [3526, 524], [3530, 527], [3535, 532], [3538, 536], [3544, 538], [3551, 542], [3558, 545], [3564, 543], [3568, 539], [3573, 534], [3576, 531], [3579, 518], [3576, 505], [3573, 501], [3569, 497], [3566, 494], [3561, 489], [3557, 486], [3551, 483], [3544, 480], [3541, 476], [3537, 472], [3533, 469], [3530, 465], [3525, 460], [3521, 453]]
907;228;NA;0.9267578125;0.8779638534239761;0.831836462020874;5700;5626;[3479, 206, 3567, 308];[3484, 204, 3563, 315];[[3527, 206], [3510, 206], [3501, 212], [3501, 223], [3507, 229], [3507, 238], [3501, 243], [3479, 291], [3487, 308], [3506, 308], [3516, 296], [3517, 283], [3525, 274], [3529, 276], [3531, 287], [3541, 291], [3557, 290], [3567, 278], [3566, 242], [3551, 225]];[[3527, 205], [3517, 204], [3508, 205], [3506, 207], [3504, 211], [3502, 215], [3500, 219], [3501, 223], [3503, 225], [3502, 227], [3500, 233], [3498, 239], [3496, 245], [3494, 251], [3492, 257], [3490, 263], [3488, 267], [3486, 271], [3484, 289], [3485, 307], [3487, 309], [3491, 311], [3495, 313], [3497, 315], [3499, 313], [3503, 311], [3507, 307], [3509, 303], [3511, 301], [3513, 299], [3515, 293], [3517, 287], [3519, 283], [3521, 279], [3523, 277], [3525, 275], [3527, 277], [3529, 279], [3531, 281], [3533, 283], [3535, 285], [3538, 287], [3540, 289], [3547, 291], [3555, 289], [3557, 287], [3559, 283], [3561, 279], [3563, 259], [3561, 240], [3559, 238], [3557, 235], [3555, 231], [3553, 228], [3551, 226], [3549, 223], [3547, 221], [3543, 220], [3539, 218], [3537, 216], [3535, 214], [3533, 212], [3531, 210], [3529, 207]]
908;879;NA;0.86962890625;0.8598130841121495;0.8974488973617554;4338;4418;[3473, 7, 3559, 71];[3474, 4, 3557, 73];[[3474, 20], [3473, 46], [3481, 65], [3499, 65], [3509, 62], [3535, 71], [3549, 71], [3557, 66], [3559, 61], [3557, 44], [3543, 25], [3530, 13], [3507, 7], [3489, 7]];[[3477, 10], [3474, 31], [3476, 51], [3480, 55], [3494, 59], [3508, 62], [3519, 66], [3530, 69], [3541, 73], [3550, 71], [3554, 67], [3557, 53], [3554, 38], [3550, 31], [3548, 25], [3544, 22], [3541, 18], [3537, 15], [3532, 10], [3529, 6], [3505, 4], [3481, 6]]
909;258;NA;0.92578125;0.8199523912573036;0.8401105403900146;4450;3960;[3605, 570, 3684, 660];[3608, 576, 3687, 663];[[3622, 570], [3605, 580], [3605, 605], [3621, 624], [3630, 626], [3638, 635], [3645, 651], [3654, 660], [3657, 660], [3665, 653], [3667, 629], [3679, 608], [3684, 588], [3664, 577], [3651, 577], [3639, 570]];[[3627, 576], [3608, 587], [3610, 599], [3612, 603], [3614, 607], [3616, 611], [3617, 615], [3619, 617], [3623, 619], [3627, 621], [3631, 623], [3635, 625], [3638, 627], [3640, 637], [3642, 647], [3644, 651], [3645, 655], [3647, 657], [3650, 659], [3652, 661], [3655, 663], [3659, 661], [3661, 659], [3663, 655], [3665, 651], [3667, 639], [3669, 627], [3671, 623], [3673, 619], [3675, 617], [3677, 615], [3679, 613], [3681, 611], [3683, 605], [3685, 599], [3687, 595], [3685, 592], [3683, 590], [3681, 587], [3679, 585], [3675, 584], [3671, 582], [3659, 580], [3647, 578]]
910;923;NA;0.85400390625;0.7472210786331824;0.7731370329856873;4543;3945;[3453, 75, 3557, 139];[3467, 75, 3550, 137];[[3453, 108], [3454, 125], [3475, 133], [3508, 133], [3517, 138], [3540, 139], [3548, 138], [3557, 126], [3557, 119], [3551, 108], [3538, 100], [3531, 92], [3520, 86], [3512, 86], [3503, 81], [3495, 80], [3489, 75], [3481, 76], [3474, 93], [3463, 97]];[[3477, 81], [3474, 92], [3470, 103], [3467, 117], [3476, 130], [3487, 134], [3512, 137], [3537, 134], [3544, 130], [3550, 121], [3548, 111], [3544, 108], [3539, 103], [3536, 96], [3533, 90], [3530, 86], [3523, 82], [3515, 79], [3498, 75], [3481, 78]]
911;1006;NA;0.72021484375;0.5150112233445566;0.5710813999176025;6613;4186;[3453, 805, 3543, 938];[3456, 844, 3531, 943];[[3537, 805], [3519, 807], [3503, 815], [3472, 853], [3464, 878], [3453, 887], [3456, 893], [3461, 894], [3470, 893], [3475, 885], [3479, 888], [3477, 912], [3480, 924], [3494, 938], [3498, 938], [3509, 927], [3530, 897], [3531, 855], [3543, 825], [3542, 810]];[[3527, 847], [3519, 844], [3512, 845], [3510, 847], [3508, 851], [3506, 855], [3504, 857], [3502, 859], [3500, 861], [3498, 863], [3495, 866], [3491, 868], [3487, 870], [3483, 872], [3480, 875], [3478, 879], [3475, 882], [3471, 884], [3467, 886], [3461, 888], [3456, 895], [3459, 903], [3463, 905], [3465, 907], [3467, 909], [3469, 911], [3471, 913], [3474, 915], [3476, 919], [3478, 923], [3480, 927], [3481, 931], [3483, 933], [3486, 935], [3488, 937], [3495, 939], [3503, 941], [3505, 943], [3507, 941], [3505, 940], [3503, 938], [3505, 935], [3507, 931], [3509, 927], [3511, 923], [3513, 919], [3515, 917], [3517, 915], [3519, 913], [3521, 911], [3523, 907], [3525, 903], [3527, 901], [3529, 899], [3531, 875], [3529, 851]]
912;802;NA;0.884765625;0.9056795131845842;0.9365665316581726;3870;3646;[3496, 135, 3579, 202];[3497, 135, 3581, 200];[[3577, 143], [3555, 135], [3537, 136], [3530, 140], [3519, 142], [3505, 154], [3503, 161], [3498, 165], [3496, 175], [3498, 191], [3514, 202], [3523, 202], [3528, 198], [3537, 196], [3560, 176], [3577, 167], [3579, 158]];[[3576, 144], [3572, 140], [3567, 137], [3548, 135], [3530, 136], [3528, 139], [3525, 141], [3523, 144], [3520, 146], [3518, 148], [3516, 151], [3513, 153], [3511, 156], [3508, 158], [3506, 160], [3504, 163], [3501, 166], [3498, 168], [3497, 179], [3498, 191], [3501, 193], [3504, 196], [3506, 198], [3517, 200], [3529, 198], [3534, 195], [3538, 194], [3540, 191], [3543, 189], [3545, 187], [3547, 184], [3550, 182], [3552, 179], [3555, 177], [3558, 174], [3565, 171], [3571, 170], [3574, 167], [3577, 164], [3579, 162], [3581, 156], [3578, 148]]
913;93;NA;0.93701171875;0.7645881006864989;0.7193542718887329;3408;2761;[3451, 772, 3530, 841];[3452, 769, 3514, 846];[[3518, 774], [3514, 772], [3493, 773], [3455, 812], [3451, 824], [3451, 831], [3457, 841], [3482, 841], [3496, 827], [3504, 825], [3511, 815], [3529, 800], [3530, 790]];[[3514, 790], [3505, 769], [3495, 772], [3492, 775], [3488, 782], [3481, 790], [3474, 793], [3470, 797], [3467, 800], [3463, 804], [3458, 809], [3455, 812], [3452, 829], [3465, 846], [3479, 843], [3482, 840], [3486, 836], [3489, 833], [3493, 829], [3496, 825], [3500, 822], [3504, 818], [3508, 813], [3512, 810]]
914;1020;NA;0.57568359375;0.7285106382978723;0.5261984467506409;2929;3164;[3101, 53, 3163, 112];[3104, 56, 3183, 131];[[3114, 54], [3106, 62], [3101, 71], [3101, 90], [3106, 99], [3124, 110], [3137, 110], [3142, 112], [3155, 110], [3162, 104], [3163, 84], [3156, 70], [3145, 61], [3134, 56], [3123, 53]];[[3125, 56], [3112, 57], [3110, 59], [3108, 67], [3106, 75], [3104, 83], [3105, 91], [3107, 93], [3109, 95], [3111, 97], [3113, 99], [3115, 101], [3117, 103], [3119, 105], [3122, 107], [3124, 109], [3137, 111], [3151, 113], [3155, 115], [3159, 117], [3161, 119], [3163, 121], [3165, 123], [3167, 125], [3170, 127], [3172, 129], [3177, 131], [3183, 121], [3181, 112], [3179, 110], [3177, 108], [3175, 106], [3173, 104], [3171, 102], [3169, 100], [3167, 98], [3165, 96], [3163, 94], [3161, 91], [3159, 85], [3157, 79], [3155, 75], [3153, 71], [3151, 67], [3149, 64], [3147, 62], [3143, 60], [3139, 58]]
915;229;NA;0.9267578125;0.751487414187643;0.7787215113639832;3989;3665;[2901, 842, 2981, 915];[2888, 844, 2979, 911];[[2916, 843], [2912, 850], [2911, 859], [2903, 874], [2905, 883], [2901, 891], [2910, 896], [2923, 909], [2937, 915], [2953, 915], [2971, 909], [2981, 891], [2981, 882], [2976, 875], [2938, 850], [2922, 842]];[[2890, 883], [2888, 891], [2893, 899], [2899, 901], [2911, 903], [2923, 905], [2929, 907], [2935, 909], [2949, 911], [2963, 909], [2967, 907], [2971, 905], [2973, 903], [2975, 899], [2977, 895], [2979, 889], [2977, 883], [2975, 879], [2973, 876], [2971, 874], [2961, 872], [2951, 870], [2953, 867], [2955, 865], [2953, 864], [2951, 862], [2947, 860], [2943, 858], [2937, 856], [2931, 854], [2929, 852], [2927, 850], [2925, 847], [2923, 845], [2919, 844], [2916, 853], [2914, 863], [2912, 865], [2910, 867], [2908, 869], [2906, 871], [2904, 873], [2902, 875], [2899, 878], [2895, 880], [2892, 881]]
916;484;NA;0.9130859375;0.7232893157262905;0.8710801601409912;4993;3620;[3316, 143, 3400, 225];[3320, 149, 3400, 224];[[3318, 150], [3316, 169], [3329, 188], [3334, 209], [3348, 209], [3356, 216], [3378, 225], [3389, 223], [3398, 215], [3400, 173], [3393, 164], [3347, 143], [3329, 143]];[[3336, 149], [3320, 163], [3322, 176], [3324, 179], [3326, 181], [3329, 183], [3331, 186], [3334, 188], [3337, 191], [3339, 196], [3346, 200], [3353, 202], [3355, 205], [3357, 207], [3360, 210], [3362, 212], [3365, 215], [3368, 218], [3372, 219], [3377, 222], [3384, 224], [3390, 222], [3392, 220], [3395, 215], [3397, 210], [3400, 203], [3397, 196], [3395, 189], [3392, 182], [3390, 177], [3388, 173], [3386, 171], [3383, 167], [3381, 165], [3377, 164], [3372, 161], [3367, 159], [3362, 156], [3357, 154], [3353, 152]]
917;823;NA;0.8818359375;0.8674144377336784;0.8244847059249878;3215;3278;[3403, 4, 3468, 70];[3408, 4, 3471, 75];[[3464, 11], [3448, 4], [3429, 4], [3422, 8], [3415, 19], [3413, 28], [3409, 32], [3408, 41], [3403, 48], [3403, 63], [3408, 68], [3415, 70], [3434, 69], [3453, 53], [3458, 51], [3461, 47], [3462, 38], [3467, 30], [3468, 17]];[[3467, 6], [3443, 4], [3420, 7], [3418, 11], [3416, 17], [3414, 23], [3412, 29], [3410, 35], [3408, 51], [3409, 67], [3411, 69], [3414, 71], [3416, 73], [3423, 75], [3431, 73], [3433, 71], [3435, 69], [3437, 67], [3439, 65], [3441, 63], [3443, 61], [3445, 59], [3447, 57], [3449, 55], [3451, 53], [3453, 51], [3455, 49], [3457, 47], [3459, 45], [3461, 43], [3463, 41], [3465, 39], [3467, 35], [3469, 31], [3471, 19], [3469, 8]]
918;365;NA;0.92041015625;0.8670919723551302;0.8917468786239624;3681;3343;[3218, 180, 3304, 241];[3224, 180, 3303, 243];[[3303, 187], [3289, 180], [3270, 181], [3265, 185], [3259, 185], [3252, 190], [3245, 191], [3224, 201], [3218, 211], [3223, 229], [3231, 236], [3251, 241], [3261, 241], [3274, 236], [3300, 206], [3304, 195]];[[3303, 193], [3301, 188], [3299, 186], [3297, 183], [3295, 181], [3281, 180], [3267, 182], [3263, 184], [3260, 185], [3258, 187], [3255, 190], [3251, 192], [3248, 193], [3246, 195], [3243, 198], [3237, 200], [3232, 201], [3230, 203], [3227, 206], [3225, 208], [3224, 219], [3225, 231], [3227, 233], [3230, 235], [3232, 237], [3235, 239], [3239, 241], [3251, 243], [3263, 241], [3267, 239], [3271, 237], [3273, 235], [3275, 233], [3277, 231], [3279, 229], [3281, 227], [3283, 223], [3285, 219], [3287, 215], [3289, 211], [3291, 209], [3293, 207], [3295, 205], [3297, 203], [3299, 201], [3301, 199]]
919;918;NA;0.85498046875;0.8647435897435898;0.8090711236000061;2710;3108;[3188, 275, 3231, 370];[3184, 272, 3235, 371];[[3202, 275], [3196, 280], [3193, 291], [3188, 297], [3188, 343], [3198, 360], [3206, 368], [3218, 370], [3227, 368], [3231, 359], [3231, 351], [3221, 320], [3207, 292], [3206, 277]];[[3193, 272], [3184, 311], [3187, 351], [3191, 353], [3193, 355], [3195, 357], [3197, 359], [3199, 361], [3202, 363], [3204, 365], [3207, 367], [3211, 369], [3219, 371], [3227, 369], [3229, 367], [3231, 363], [3233, 359], [3235, 355], [3233, 351], [3231, 345], [3229, 339], [3227, 335], [3225, 331], [3223, 325], [3221, 319], [3219, 315], [3217, 311], [3215, 307], [3213, 303], [3211, 299], [3209, 295], [3207, 285], [3205, 276], [3203, 274]]
920;907;NA;0.85986328125;0.9038230756043203;0.9272773265838623;5446;5659;[2988, 13, 3098, 82];[2987, 11, 3099, 80];[[3098, 25], [3088, 16], [3067, 13], [3040, 16], [2992, 36], [2988, 42], [2988, 58], [2993, 66], [3007, 74], [3048, 73], [3072, 82], [3082, 72], [3083, 50], [3098, 33]];[[2991, 38], [2987, 53], [2993, 66], [3000, 69], [3022, 73], [3043, 77], [3058, 80], [3071, 78], [3074, 74], [3079, 69], [3083, 66], [3085, 60], [3089, 53], [3092, 46], [3096, 38], [3099, 31], [3097, 25], [3093, 22], [3089, 17], [3085, 13], [3061, 11], [3037, 13], [3034, 17], [3029, 22], [3018, 25], [3008, 29], [3000, 32], [2994, 35]]
921;773;NA;0.888671875;0.8073000536768653;0.819979727268219;3653;3081;[3111, 383, 3189, 454];[3112, 388, 3195, 451];[[3115, 394], [3111, 404], [3118, 419], [3135, 439], [3171, 454], [3179, 454], [3187, 448], [3189, 439], [3188, 428], [3174, 410], [3172, 400], [3161, 384], [3143, 383], [3136, 390], [3120, 390]];[[3114, 395], [3112, 405], [3113, 415], [3115, 417], [3117, 419], [3119, 421], [3121, 423], [3123, 425], [3126, 427], [3128, 429], [3131, 431], [3135, 433], [3139, 435], [3143, 437], [3146, 439], [3148, 441], [3151, 443], [3155, 445], [3159, 447], [3163, 449], [3173, 451], [3183, 449], [3187, 447], [3191, 443], [3193, 439], [3195, 437], [3193, 436], [3191, 434], [3189, 431], [3187, 429], [3183, 428], [3179, 426], [3177, 423], [3175, 419], [3173, 416], [3171, 414], [3169, 411], [3167, 407], [3165, 403], [3163, 397], [3161, 392], [3159, 390], [3151, 388], [3143, 390], [3129, 392], [3116, 393]]
922;512;NA;0.91162109375;0.7716083657227466;0.8886159062385559;5380;4192;[2645, 859, 2756, 925];[2651, 862, 2756, 924];[[2645, 900], [2653, 915], [2662, 917], [2673, 925], [2695, 922], [2707, 915], [2752, 905], [2755, 902], [2756, 886], [2743, 869], [2723, 868], [2708, 861], [2664, 859], [2657, 865], [2656, 881]];[[2651, 897], [2653, 910], [2657, 914], [2662, 918], [2665, 922], [2675, 924], [2686, 921], [2693, 917], [2699, 915], [2702, 911], [2707, 906], [2714, 903], [2721, 899], [2736, 896], [2749, 893], [2752, 890], [2756, 886], [2754, 884], [2750, 880], [2745, 875], [2742, 872], [2732, 869], [2721, 866], [2689, 862], [2658, 872], [2655, 883]]
923;608;NA;0.90673828125;0.8389781304431972;0.8960318565368652;5076;4426;[3088, 846, 3167, 935];[3091, 848, 3166, 932];[[3116, 846], [3112, 851], [3110, 868], [3108, 870], [3096, 869], [3089, 876], [3088, 881], [3096, 906], [3116, 927], [3132, 935], [3157, 935], [3167, 924], [3165, 905], [3159, 897], [3158, 889], [3162, 862], [3138, 850]];[[3121, 848], [3110, 856], [3101, 866], [3091, 883], [3094, 899], [3096, 904], [3098, 908], [3100, 911], [3102, 913], [3105, 915], [3108, 918], [3110, 921], [3114, 922], [3119, 925], [3129, 927], [3138, 930], [3148, 932], [3156, 930], [3159, 928], [3162, 925], [3164, 922], [3166, 916], [3164, 909], [3161, 902], [3159, 895], [3156, 887], [3154, 880], [3152, 873], [3149, 866], [3147, 861], [3145, 857], [3143, 855], [3138, 853], [3133, 850]]
924;869;NA;0.87158203125;0.8551502145922747;0.8219178318977356;4584;4061;[3402, 54, 3468, 159];[3408, 56, 3471, 155];[[3461, 54], [3451, 54], [3441, 60], [3424, 83], [3402, 142], [3408, 152], [3416, 151], [3430, 159], [3444, 156], [3449, 152], [3456, 137], [3457, 128], [3462, 122], [3463, 112], [3468, 105], [3468, 68], [3466, 59]];[[3463, 58], [3455, 56], [3448, 57], [3446, 59], [3444, 61], [3442, 63], [3440, 65], [3438, 67], [3436, 69], [3434, 71], [3431, 74], [3429, 76], [3428, 79], [3426, 83], [3423, 86], [3421, 88], [3420, 93], [3418, 99], [3416, 105], [3414, 111], [3412, 115], [3410, 119], [3408, 133], [3415, 147], [3423, 145], [3425, 143], [3427, 145], [3430, 147], [3432, 151], [3439, 155], [3447, 153], [3449, 151], [3451, 147], [3453, 143], [3455, 139], [3457, 135], [3459, 131], [3457, 127], [3455, 121], [3457, 115], [3459, 113], [3461, 111], [3463, 107], [3465, 103], [3467, 99], [3469, 95], [3471, 81], [3469, 67], [3467, 63], [3465, 60]]
925;214;NA;0.92724609375;0.929444778512728;0.9243385195732117;4835;4791;[3186, 114, 3292, 174];[3188, 116, 3291, 175];[[3186, 137], [3191, 162], [3209, 174], [3227, 173], [3234, 169], [3244, 168], [3249, 164], [3259, 163], [3266, 158], [3274, 158], [3292, 144], [3292, 135], [3285, 126], [3253, 114], [3223, 114], [3201, 120], [3191, 127]];[[3190, 123], [3188, 139], [3190, 155], [3192, 159], [3193, 163], [3195, 165], [3199, 167], [3203, 169], [3207, 171], [3211, 173], [3219, 175], [3227, 173], [3235, 171], [3243, 169], [3249, 167], [3255, 165], [3259, 163], [3263, 161], [3269, 159], [3275, 157], [3279, 155], [3283, 153], [3285, 151], [3287, 149], [3289, 147], [3291, 139], [3289, 132], [3287, 130], [3285, 127], [3283, 125], [3279, 124], [3275, 122], [3269, 120], [3263, 118], [3231, 116], [3199, 118], [3195, 120], [3192, 121]]
926;359;NA;0.9208984375;0.8811569901488158;0.8827781081199646;4451;4524;[3222, 384, 3328, 441];[3220, 388, 3328, 443];[[3328, 406], [3322, 394], [3309, 384], [3296, 384], [3281, 391], [3227, 391], [3222, 397], [3223, 413], [3249, 436], [3262, 441], [3281, 438], [3292, 431], [3309, 432], [3319, 429], [3322, 419], [3328, 411]];[[3224, 392], [3220, 404], [3222, 415], [3224, 417], [3226, 419], [3229, 422], [3231, 424], [3234, 427], [3236, 429], [3238, 431], [3241, 435], [3244, 437], [3248, 438], [3253, 441], [3260, 443], [3267, 441], [3274, 438], [3281, 436], [3286, 434], [3291, 431], [3303, 429], [3314, 427], [3316, 425], [3319, 423], [3321, 420], [3324, 417], [3326, 415], [3328, 408], [3326, 402], [3324, 400], [3322, 397], [3319, 395], [3316, 392], [3314, 389], [3272, 388], [3229, 390]]
927;408;NA;0.91845703125;0.8715335783494821;0.8522123694419861;5598;5605;[3376, 674, 3489, 744];[3380, 676, 3487, 739];[[3488, 699], [3477, 689], [3465, 689], [3456, 684], [3447, 674], [3427, 684], [3396, 683], [3388, 691], [3376, 724], [3387, 737], [3400, 744], [3424, 744], [3438, 736], [3466, 736], [3480, 724], [3482, 715], [3489, 706]];[[3487, 701], [3485, 692], [3483, 690], [3481, 687], [3479, 685], [3471, 684], [3463, 682], [3457, 680], [3451, 678], [3441, 676], [3431, 680], [3417, 684], [3403, 682], [3395, 680], [3388, 681], [3386, 683], [3384, 693], [3382, 703], [3380, 715], [3381, 727], [3383, 729], [3386, 731], [3388, 733], [3393, 735], [3399, 737], [3427, 739], [3455, 737], [3461, 735], [3467, 733], [3469, 731], [3471, 729], [3475, 727], [3479, 723], [3481, 719], [3483, 715], [3485, 711]]
928;504;NA;0.91162109375;0.7866235603152152;0.9258947968482971;4642;4200;[3301, 756, 3362, 852];[3304, 756, 3363, 851];[[3328, 756], [3315, 766], [3311, 791], [3303, 803], [3301, 841], [3306, 847], [3316, 852], [3329, 846], [3349, 849], [3362, 828], [3361, 783], [3351, 766]];[[3359, 758], [3347, 756], [3335, 758], [3331, 760], [3328, 761], [3326, 763], [3323, 766], [3321, 768], [3320, 773], [3318, 779], [3316, 789], [3314, 799], [3312, 803], [3310, 807], [3308, 811], [3306, 815], [3304, 829], [3307, 843], [3311, 845], [3315, 847], [3319, 849], [3321, 851], [3323, 849], [3327, 847], [3331, 845], [3333, 843], [3335, 845], [3338, 847], [3340, 849], [3343, 851], [3347, 849], [3349, 847], [3351, 845], [3353, 843], [3355, 831], [3357, 819], [3359, 799], [3361, 779], [3363, 769], [3361, 760]]
929;593;NA;0.908203125;0.7769318614389037;0.8377230167388916;4895;4441;[3379, 534, 3456, 621];[3388, 533, 3457, 624];[[3385, 534], [3381, 541], [3379, 554], [3382, 583], [3386, 589], [3385, 606], [3392, 621], [3422, 620], [3454, 586], [3456, 562], [3444, 548], [3431, 547], [3414, 552], [3395, 535]];[[3405, 533], [3402, 536], [3399, 539], [3394, 544], [3390, 548], [3388, 582], [3390, 617], [3394, 620], [3405, 624], [3415, 620], [3422, 617], [3428, 611], [3432, 604], [3436, 600], [3439, 596], [3444, 592], [3448, 588], [3450, 582], [3453, 575], [3457, 568], [3453, 561], [3450, 553], [3448, 548], [3444, 544], [3433, 540], [3424, 543], [3420, 546], [3415, 544], [3412, 540], [3408, 537]]
930;798;NA;0.884765625;0.8607714016933208;0.8901734352111816;3142;2792;[3024, 138, 3088, 210];[3024, 144, 3087, 211];[[3082, 142], [3073, 138], [3067, 138], [3060, 144], [3050, 156], [3049, 161], [3030, 181], [3025, 189], [3024, 197], [3029, 204], [3040, 210], [3055, 210], [3061, 206], [3070, 205], [3086, 191], [3084, 177], [3088, 169], [3088, 149]];[[3083, 149], [3071, 144], [3060, 145], [3058, 147], [3056, 151], [3054, 155], [3051, 158], [3049, 160], [3048, 163], [3044, 167], [3040, 169], [3038, 171], [3036, 173], [3034, 175], [3031, 178], [3027, 180], [3024, 189], [3025, 199], [3027, 201], [3030, 203], [3032, 205], [3035, 207], [3039, 209], [3041, 211], [3043, 209], [3051, 207], [3059, 205], [3065, 203], [3071, 201], [3075, 199], [3079, 195], [3081, 191], [3083, 181], [3085, 171], [3087, 163], [3085, 155]]
931;831;NA;0.8798828125;0.8907161803713528;0.931488037109375;3714;3414;[3322, 509, 3395, 577];[3320, 512, 3395, 577];[[3389, 510], [3374, 509], [3359, 513], [3354, 509], [3343, 509], [3340, 512], [3338, 535], [3324, 548], [3322, 555], [3323, 564], [3328, 574], [3336, 577], [3361, 576], [3378, 561], [3394, 539], [3395, 518]];[[3385, 513], [3374, 512], [3362, 514], [3357, 516], [3353, 514], [3346, 512], [3339, 525], [3337, 539], [3334, 542], [3332, 544], [3330, 547], [3327, 549], [3324, 552], [3322, 555], [3320, 561], [3322, 567], [3324, 570], [3327, 573], [3330, 575], [3346, 577], [3362, 574], [3367, 572], [3371, 570], [3373, 568], [3376, 563], [3378, 558], [3381, 555], [3384, 553], [3385, 549], [3388, 544], [3391, 541], [3393, 539], [3395, 530], [3393, 521], [3391, 519], [3388, 516]]
932;687;NA;0.8984375;0.7992194859372898;0.9215595722198486;7145;6225;[3046, 399, 3144, 507];[3044, 400, 3139, 507];[[3108, 399], [3093, 406], [3080, 419], [3077, 433], [3060, 447], [3048, 469], [3046, 491], [3061, 507], [3076, 506], [3089, 493], [3095, 475], [3102, 493], [3116, 500], [3130, 499], [3144, 491], [3144, 472], [3137, 457], [3141, 444], [3134, 424], [3119, 406]];[[3111, 405], [3105, 400], [3100, 401], [3098, 403], [3095, 406], [3091, 408], [3088, 411], [3086, 415], [3084, 419], [3082, 423], [3080, 427], [3078, 431], [3075, 434], [3071, 436], [3067, 438], [3059, 440], [3052, 441], [3050, 443], [3048, 447], [3046, 451], [3044, 455], [3047, 459], [3051, 461], [3056, 463], [3060, 467], [3058, 471], [3056, 485], [3057, 499], [3059, 501], [3062, 503], [3064, 505], [3067, 507], [3071, 505], [3075, 503], [3079, 501], [3081, 499], [3083, 497], [3085, 495], [3087, 491], [3089, 487], [3091, 483], [3096, 479], [3100, 483], [3102, 487], [3104, 491], [3109, 495], [3115, 493], [3117, 491], [3119, 493], [3123, 495], [3127, 497], [3131, 499], [3135, 497], [3137, 495], [3139, 475], [3137, 455], [3135, 445], [3133, 436], [3131, 434], [3129, 432], [3127, 430], [3125, 428], [3123, 426], [3121, 424], [3119, 422], [3117, 419], [3115, 415], [3113, 411]]
933;424;NA;0.91748046875;0.8017517264611757;0.8778483867645264;5839;4858;[3045, 198, 3136, 306];[3048, 204, 3139, 307];[[3048, 204], [3045, 210], [3047, 251], [3065, 251], [3074, 260], [3078, 275], [3095, 301], [3109, 306], [3121, 303], [3136, 279], [3130, 261], [3116, 241], [3106, 217], [3091, 204], [3074, 198], [3064, 198]];[[3057, 208], [3052, 209], [3050, 211], [3048, 227], [3049, 243], [3051, 245], [3054, 247], [3056, 249], [3061, 251], [3067, 253], [3070, 255], [3072, 259], [3074, 263], [3076, 269], [3078, 275], [3080, 279], [3082, 283], [3084, 287], [3085, 291], [3087, 293], [3089, 295], [3091, 297], [3093, 299], [3095, 301], [3098, 303], [3100, 305], [3107, 307], [3115, 305], [3117, 303], [3119, 295], [3129, 287], [3139, 285], [3133, 283], [3127, 281], [3131, 279], [3135, 275], [3133, 272], [3131, 270], [3129, 268], [3127, 266], [3125, 264], [3123, 262], [3121, 260], [3119, 258], [3117, 256], [3115, 254], [3113, 251], [3111, 247], [3109, 243], [3107, 235], [3105, 228], [3103, 226], [3101, 224], [3099, 222], [3097, 220], [3095, 218], [3093, 216], [3091, 214], [3089, 212], [3087, 210], [3085, 207], [3083, 205], [3073, 204], [3063, 206]]
934;259;NA;0.92578125;0.8772761287104016;0.8902105689048767;3998;3528;[3440, 584, 3522, 659];[3444, 588, 3523, 659];[[3449, 593], [3440, 608], [3440, 618], [3465, 642], [3494, 652], [3501, 658], [3511, 659], [3522, 651], [3522, 630], [3516, 625], [3514, 617], [3487, 590], [3478, 585], [3468, 584], [3460, 585]];[[3465, 588], [3452, 591], [3450, 595], [3447, 598], [3445, 600], [3444, 609], [3445, 619], [3447, 621], [3449, 623], [3451, 625], [3453, 627], [3455, 629], [3457, 631], [3459, 633], [3461, 635], [3463, 637], [3466, 639], [3468, 641], [3471, 643], [3475, 645], [3479, 647], [3483, 649], [3489, 651], [3495, 653], [3499, 655], [3503, 657], [3507, 659], [3511, 657], [3515, 655], [3519, 653], [3521, 651], [3523, 643], [3521, 635], [3519, 631], [3517, 628], [3515, 626], [3513, 623], [3511, 619], [3509, 616], [3507, 614], [3505, 612], [3503, 610], [3501, 608], [3499, 606], [3497, 604], [3495, 602], [3493, 600], [3491, 598], [3489, 595], [3487, 593], [3483, 592], [3479, 590]]
935;483;NA;0.9130859375;0.8256295824035703;0.8592491745948792;5755;5699;[2997, 522, 3096, 609];[2996, 516, 3099, 605];[[2998, 527], [3008, 547], [3007, 558], [2998, 571], [2997, 595], [3001, 608], [3053, 609], [3057, 605], [3060, 577], [3067, 572], [3071, 572], [3088, 587], [3094, 586], [3096, 574], [3084, 561], [3062, 549], [3056, 534], [3044, 523], [3002, 522]];[[3017, 516], [2996, 518], [2998, 520], [3001, 525], [3003, 530], [3005, 537], [3008, 544], [3010, 551], [3008, 558], [3005, 563], [3003, 568], [3001, 573], [2998, 578], [2996, 592], [3026, 605], [3056, 604], [3059, 601], [3062, 589], [3069, 577], [3076, 579], [3081, 582], [3086, 584], [3090, 586], [3094, 585], [3097, 582], [3099, 575], [3098, 569], [3095, 566], [3092, 563], [3090, 561], [3083, 559], [3076, 557], [3069, 555], [3062, 550], [3059, 544], [3056, 539], [3055, 535], [3052, 533], [3050, 531], [3048, 528], [3045, 526], [3043, 524], [3040, 520], [3037, 518]]
936;790;NA;0.8857421875;0.6673643535662535;0.7071008682250977;6106;4250;[3113, 268, 3204, 376];[3116, 276, 3187, 379];[[3199, 268], [3175, 268], [3167, 274], [3158, 292], [3121, 327], [3118, 337], [3113, 342], [3113, 349], [3119, 357], [3135, 358], [3146, 354], [3156, 362], [3159, 375], [3177, 376], [3202, 328], [3204, 273]];[[3183, 281], [3175, 276], [3168, 277], [3166, 279], [3164, 283], [3162, 287], [3160, 289], [3158, 291], [3156, 293], [3154, 295], [3151, 298], [3149, 300], [3148, 303], [3146, 307], [3144, 309], [3142, 311], [3140, 313], [3138, 315], [3135, 318], [3131, 320], [3128, 321], [3126, 323], [3124, 325], [3122, 327], [3119, 330], [3117, 332], [3116, 343], [3119, 355], [3123, 357], [3133, 359], [3143, 357], [3147, 355], [3151, 359], [3154, 363], [3156, 367], [3157, 371], [3159, 373], [3162, 375], [3164, 377], [3167, 379], [3171, 377], [3175, 375], [3179, 373], [3181, 371], [3183, 367], [3185, 363], [3187, 355], [3185, 347], [3183, 343], [3181, 339], [3179, 313], [3181, 287]]
937;279;NA;0.9248046875;0.9181890389197777;0.9363636374473572;4963;4697;[3306, 247, 3413, 318];[3308, 248, 3411, 319];[[3308, 257], [3306, 272], [3313, 283], [3313, 288], [3331, 304], [3339, 305], [3346, 311], [3357, 313], [3364, 318], [3400, 318], [3407, 315], [3413, 300], [3408, 287], [3400, 280], [3380, 272], [3374, 266], [3363, 264], [3350, 253], [3342, 253], [3335, 247], [3317, 248]];[[3310, 251], [3308, 265], [3310, 279], [3312, 283], [3313, 287], [3315, 289], [3318, 291], [3320, 293], [3323, 295], [3327, 297], [3331, 299], [3335, 301], [3339, 303], [3343, 305], [3347, 307], [3351, 309], [3357, 311], [3363, 313], [3367, 315], [3371, 317], [3385, 319], [3399, 317], [3401, 315], [3403, 313], [3405, 311], [3407, 309], [3409, 307], [3411, 297], [3409, 288], [3407, 286], [3405, 283], [3403, 281], [3399, 280], [3395, 278], [3391, 276], [3387, 274], [3383, 272], [3379, 270], [3375, 268], [3371, 266], [3367, 264], [3363, 262], [3359, 260], [3355, 258], [3349, 256], [3343, 254], [3339, 252], [3335, 250], [3323, 248], [3312, 249]]
938;347;NA;0.92138671875;0.8836593317033414;0.8826416730880737;4697;4548;[3192, 793, 3282, 865];[3196, 796, 3283, 867];[[3217, 796], [3214, 799], [3211, 813], [3195, 825], [3192, 835], [3196, 845], [3208, 856], [3217, 857], [3224, 864], [3258, 865], [3271, 863], [3282, 852], [3282, 840], [3273, 813], [3262, 806], [3249, 805], [3243, 807], [3235, 797], [3228, 793]];[[3227, 796], [3216, 799], [3214, 803], [3211, 806], [3209, 808], [3208, 811], [3206, 815], [3203, 818], [3199, 820], [3196, 835], [3199, 851], [3203, 853], [3207, 855], [3211, 857], [3215, 859], [3219, 861], [3223, 863], [3227, 865], [3243, 867], [3259, 865], [3263, 863], [3267, 861], [3269, 859], [3271, 857], [3273, 855], [3275, 853], [3277, 851], [3279, 849], [3281, 847], [3283, 843], [3281, 840], [3279, 838], [3277, 835], [3275, 833], [3277, 831], [3279, 829], [3281, 827], [3283, 825], [3281, 823], [3279, 819], [3275, 816], [3271, 814], [3261, 812], [3251, 810], [3249, 808], [3247, 806], [3245, 804], [3243, 802], [3241, 799], [3239, 797]]
939;737;NA;0.89404296875;0.827266238401142;0.8615965843200684;5388;4852;[3411, 379, 3510, 463];[3409, 383, 3507, 459];[[3509, 407], [3496, 397], [3478, 395], [3471, 388], [3462, 387], [3453, 379], [3441, 380], [3436, 392], [3420, 408], [3418, 418], [3411, 425], [3411, 451], [3422, 463], [3443, 463], [3461, 449], [3471, 446], [3477, 439], [3487, 438], [3504, 427], [3510, 418]];[[3412, 412], [3409, 421], [3412, 431], [3415, 434], [3420, 439], [3424, 446], [3430, 452], [3437, 456], [3444, 459], [3450, 457], [3453, 453], [3458, 449], [3465, 445], [3473, 441], [3480, 438], [3487, 434], [3494, 431], [3500, 428], [3504, 425], [3507, 414], [3505, 404], [3501, 401], [3490, 397], [3480, 394], [3473, 390], [3465, 387], [3451, 383], [3438, 385], [3434, 389], [3431, 393], [3427, 396], [3424, 400], [3420, 403], [3415, 408]]
940;766;NA;0.8896484375;0.8319179051663128;0.6619201898574829;4912;5442;[3150, 585, 3261, 645];[3152, 560, 3263, 643];[[3261, 590], [3250, 585], [3185, 587], [3174, 594], [3159, 596], [3152, 602], [3150, 614], [3162, 628], [3173, 636], [3209, 638], [3216, 644], [3222, 645], [3234, 637], [3243, 625], [3261, 609]];[[3183, 560], [3176, 561], [3174, 563], [3172, 569], [3174, 575], [3176, 581], [3177, 587], [3179, 589], [3174, 591], [3167, 594], [3161, 596], [3156, 597], [3154, 599], [3152, 609], [3153, 619], [3155, 621], [3157, 623], [3159, 625], [3162, 627], [3164, 629], [3171, 631], [3179, 633], [3189, 635], [3199, 637], [3207, 639], [3215, 641], [3217, 643], [3219, 641], [3227, 639], [3235, 637], [3237, 635], [3239, 631], [3241, 627], [3243, 625], [3245, 623], [3247, 621], [3249, 619], [3251, 617], [3253, 615], [3255, 613], [3257, 611], [3259, 607], [3261, 603], [3263, 599], [3261, 595], [3259, 591], [3257, 588], [3255, 586], [3251, 584], [3247, 582], [3245, 580], [3243, 582], [3229, 584], [3215, 586], [3209, 588], [3203, 586], [3201, 584], [3199, 582], [3197, 579], [3195, 571], [3193, 564], [3191, 562]]
941;936;NA;0.84814453125;0.7640362225097025;0.8659104704856873;3814;3004;[3392, 758, 3493, 805];[3396, 760, 3491, 807];[[3493, 771], [3479, 761], [3442, 758], [3402, 761], [3392, 778], [3392, 787], [3396, 795], [3401, 799], [3428, 800], [3446, 805], [3454, 800], [3471, 798], [3486, 790], [3493, 782]];[[3431, 760], [3396, 771], [3397, 783], [3399, 785], [3403, 787], [3407, 789], [3413, 791], [3419, 793], [3425, 795], [3431, 797], [3435, 799], [3439, 801], [3442, 803], [3444, 805], [3449, 807], [3455, 805], [3457, 803], [3459, 801], [3461, 799], [3463, 797], [3467, 795], [3471, 793], [3477, 791], [3483, 789], [3485, 787], [3487, 783], [3489, 779], [3491, 775], [3489, 772], [3487, 770], [3485, 767], [3483, 765], [3475, 764], [3467, 762]]
942;205;NA;0.927734375;0.8738204959403116;0.9064964056015015;4445;4094;[3139, 632, 3246, 706];[3144, 632, 3247, 703];[[3139, 644], [3168, 674], [3192, 687], [3185, 702], [3187, 706], [3190, 706], [3194, 700], [3198, 700], [3206, 691], [3238, 692], [3246, 688], [3246, 668], [3234, 657], [3192, 633], [3150, 632]];[[3161, 632], [3144, 643], [3145, 655], [3147, 657], [3149, 659], [3151, 661], [3154, 663], [3156, 665], [3159, 667], [3163, 669], [3166, 671], [3168, 673], [3173, 675], [3179, 677], [3183, 679], [3187, 681], [3190, 683], [3192, 689], [3190, 695], [3188, 699], [3191, 703], [3195, 701], [3197, 699], [3199, 697], [3201, 695], [3203, 693], [3213, 691], [3223, 693], [3229, 695], [3235, 693], [3239, 691], [3243, 687], [3245, 683], [3247, 677], [3245, 671], [3243, 667], [3239, 664], [3235, 662], [3233, 659], [3231, 657], [3227, 656], [3223, 654], [3221, 652], [3219, 650], [3217, 647], [3215, 645], [3207, 644], [3199, 642], [3193, 640], [3187, 638], [3183, 636], [3179, 634]]
943;321;NA;0.92236328125;0.8727272727272727;0.871161162853241;4546;4209;[3110, 155, 3196, 245];[3116, 156, 3199, 247];[[3125, 155], [3110, 171], [3110, 179], [3116, 188], [3158, 231], [3175, 244], [3193, 245], [3196, 242], [3195, 218], [3189, 208], [3189, 199], [3177, 184], [3176, 178], [3152, 156]];[[3139, 156], [3128, 157], [3126, 159], [3124, 161], [3122, 163], [3119, 166], [3117, 168], [3116, 177], [3117, 187], [3119, 189], [3122, 191], [3124, 193], [3127, 195], [3131, 197], [3133, 199], [3135, 201], [3137, 203], [3139, 205], [3141, 207], [3143, 209], [3145, 211], [3147, 213], [3149, 215], [3151, 217], [3154, 219], [3156, 223], [3157, 227], [3159, 229], [3161, 231], [3163, 233], [3166, 235], [3168, 239], [3169, 243], [3171, 245], [3183, 247], [3195, 245], [3197, 243], [3199, 235], [3197, 227], [3195, 221], [3193, 215], [3191, 209], [3189, 203], [3187, 199], [3185, 195], [3183, 191], [3181, 187], [3179, 183], [3177, 180], [3175, 178], [3173, 176], [3171, 174], [3169, 172], [3167, 170], [3165, 167], [3163, 165], [3159, 164], [3155, 162], [3153, 159], [3151, 157]]
944;515;NA;0.9111328125;0.8590962147740537;0.8289154171943665;5582;5567;[2968, 101, 3065, 187];[2964, 108, 3063, 191];[[3050, 116], [3027, 116], [3011, 101], [3000, 101], [2998, 113], [3005, 119], [3005, 126], [3002, 129], [2977, 130], [2968, 140], [2970, 176], [2986, 187], [3011, 187], [3018, 180], [3026, 180], [3033, 173], [3040, 173], [3058, 157], [3060, 148], [3065, 142], [3064, 132]];[[3051, 117], [3047, 116], [3043, 114], [3037, 112], [3031, 114], [3027, 116], [3023, 114], [3021, 111], [3019, 109], [3009, 108], [3000, 109], [3002, 111], [3003, 118], [2999, 124], [2995, 126], [2987, 128], [2979, 130], [2975, 132], [2972, 133], [2970, 135], [2967, 138], [2965, 140], [2964, 159], [2967, 179], [2971, 181], [2975, 183], [2979, 185], [2985, 187], [2991, 189], [2997, 191], [3003, 189], [3009, 187], [3015, 185], [3017, 183], [3019, 181], [3021, 179], [3023, 177], [3025, 175], [3027, 173], [3031, 171], [3035, 169], [3039, 167], [3043, 165], [3045, 163], [3047, 161], [3049, 159], [3051, 157], [3053, 155], [3055, 151], [3057, 147], [3059, 143], [3061, 139], [3063, 133], [3061, 128], [3059, 126], [3057, 124], [3055, 122], [3053, 119]]
945;200;NA;0.92822265625;0.8162428219852338;0.8589285612106323;3656;2986;[2954, 788, 3034, 858];[2958, 791, 3032, 856];[[3031, 793], [3024, 788], [3005, 788], [2985, 797], [2969, 810], [2954, 829], [2954, 842], [2962, 855], [2969, 858], [2978, 857], [2993, 846], [3016, 837], [3021, 828], [3032, 816], [3034, 800]];[[3032, 804], [3031, 795], [3028, 793], [3014, 791], [3000, 793], [2995, 795], [2990, 798], [2986, 800], [2982, 802], [2979, 804], [2977, 806], [2974, 809], [2972, 811], [2970, 814], [2967, 816], [2965, 818], [2962, 822], [2959, 824], [2958, 837], [2959, 851], [2962, 853], [2971, 856], [2980, 854], [2982, 852], [2985, 849], [2987, 847], [2990, 845], [2992, 842], [2995, 839], [3000, 837], [3005, 834], [3012, 832], [3018, 828], [3021, 823], [3023, 821], [3025, 818], [3028, 815], [3031, 813]]
946;257;NA;0.92578125;0.8643375680580763;0.9211720824241638;4049;4169;[2954, 396, 3049, 468];[2952, 396, 3047, 471];[[2954, 437], [2957, 449], [2967, 458], [2980, 460], [2994, 468], [3026, 468], [3032, 461], [3045, 455], [3049, 443], [3045, 427], [3035, 417], [3016, 415], [2990, 396], [2985, 397], [2984, 406], [2993, 414], [2995, 421], [2985, 430], [2960, 433]];[[2971, 428], [2952, 437], [2953, 447], [2955, 449], [2959, 451], [2963, 453], [2967, 455], [2971, 457], [2975, 459], [2979, 461], [2983, 463], [2987, 465], [2993, 467], [2999, 469], [3009, 471], [3019, 469], [3025, 467], [3031, 465], [3033, 463], [3035, 461], [3039, 459], [3043, 455], [3045, 451], [3047, 441], [3045, 432], [3043, 430], [3039, 428], [3035, 426], [3033, 423], [3031, 421], [3027, 420], [3023, 418], [3019, 416], [3015, 414], [3011, 412], [3007, 410], [3003, 408], [2999, 406], [2997, 404], [2995, 402], [2993, 399], [2991, 397], [2983, 396], [2976, 399], [2977, 403], [2979, 405], [2981, 407], [2983, 409], [2986, 411], [2988, 415], [2990, 419], [2991, 424]]
947;686;NA;0.8984375;0.7288570904421207;0.6914157867431641;5087;4337;[3067, 104, 3179, 177];[3064, 112, 3167, 187];[[3178, 113], [3168, 107], [3155, 104], [3138, 106], [3125, 111], [3095, 112], [3087, 117], [3078, 117], [3067, 125], [3067, 154], [3104, 177], [3108, 177], [3118, 169], [3121, 160], [3138, 146], [3169, 138], [3179, 127]];[[3065, 124], [3064, 129], [3065, 135], [3067, 137], [3073, 139], [3079, 141], [3082, 143], [3084, 147], [3086, 151], [3088, 157], [3090, 163], [3092, 171], [3093, 179], [3095, 181], [3099, 183], [3103, 185], [3105, 187], [3107, 185], [3109, 183], [3111, 179], [3113, 175], [3115, 171], [3117, 167], [3119, 165], [3121, 163], [3123, 161], [3125, 159], [3127, 157], [3131, 155], [3135, 153], [3137, 151], [3139, 149], [3143, 147], [3147, 145], [3151, 143], [3155, 141], [3159, 139], [3163, 137], [3165, 135], [3167, 129], [3165, 124], [3163, 122], [3161, 120], [3159, 118], [3157, 115], [3155, 113], [3117, 112], [3079, 114], [3075, 116], [3072, 117], [3070, 119], [3067, 122]]
948;439;NA;0.916015625;0.8493975903614458;0.8685223460197449;4945;4879;[2985, 607, 3100, 669];[2988, 608, 3099, 675];[[2985, 618], [2985, 633], [2989, 640], [3000, 644], [3007, 651], [3057, 654], [3060, 658], [3053, 662], [3055, 668], [3059, 668], [3061, 660], [3076, 661], [3082, 668], [3087, 669], [3100, 657], [3100, 645], [3088, 627], [3077, 616], [3067, 615], [3059, 607], [2998, 607]];[[2989, 620], [2988, 627], [2989, 635], [2991, 637], [2994, 639], [2996, 641], [2999, 643], [3003, 645], [3007, 647], [3011, 649], [3023, 651], [3035, 653], [3041, 655], [3047, 661], [3046, 667], [3044, 671], [3047, 675], [3051, 673], [3055, 671], [3059, 669], [3063, 667], [3067, 665], [3071, 663], [3075, 665], [3085, 667], [3095, 665], [3097, 663], [3099, 651], [3097, 640], [3095, 638], [3093, 636], [3091, 634], [3089, 632], [3087, 630], [3085, 628], [3083, 626], [3081, 624], [3079, 622], [3077, 620], [3075, 618], [3073, 616], [3071, 614], [3069, 611], [3067, 609], [3035, 608], [3003, 610], [2999, 612], [2996, 613], [2994, 615], [2991, 618]]
949;299;NA;0.923828125;0.8366525423728813;0.8665664792060852;4683;3986;[2980, 725, 3069, 798];[2988, 724, 3067, 799];[[3067, 729], [3058, 725], [3045, 725], [3031, 733], [3023, 733], [3014, 740], [3006, 741], [2981, 766], [2980, 775], [2982, 779], [2998, 792], [3037, 798], [3050, 793], [3067, 767], [3069, 747]];[[3067, 741], [3065, 728], [3063, 726], [3051, 724], [3040, 725], [3038, 727], [3035, 730], [3031, 732], [3027, 734], [3021, 736], [3016, 737], [3014, 739], [3012, 741], [3010, 743], [3007, 746], [3003, 748], [3000, 749], [2998, 751], [2996, 753], [2994, 755], [2991, 758], [2989, 760], [2988, 771], [2989, 783], [2991, 785], [2999, 787], [3007, 785], [3011, 783], [3015, 785], [3019, 787], [3023, 789], [3026, 791], [3028, 793], [3031, 795], [3035, 797], [3037, 799], [3039, 797], [3043, 795], [3047, 793], [3049, 791], [3051, 787], [3053, 783], [3055, 779], [3057, 775], [3059, 771], [3061, 767], [3063, 761], [3065, 755]]
950;353;NA;0.9208984375;0.8708540630182421;0.8510931134223938;4305;4720;[2070, 543, 2176, 591];[2073, 536, 2176, 591];[[2070, 563], [2070, 574], [2080, 584], [2102, 591], [2114, 591], [2125, 587], [2165, 585], [2176, 569], [2176, 563], [2165, 545], [2158, 543], [2093, 543], [2088, 545]];[[2075, 559], [2073, 569], [2074, 579], [2076, 581], [2079, 583], [2081, 585], [2086, 587], [2092, 589], [2106, 591], [2120, 589], [2136, 587], [2152, 585], [2156, 583], [2160, 585], [2164, 587], [2168, 585], [2170, 583], [2172, 577], [2174, 571], [2176, 567], [2174, 563], [2172, 559], [2170, 555], [2168, 545], [2160, 536], [2152, 538], [2126, 540], [2100, 538], [2096, 536], [2092, 538], [2088, 540], [2085, 541], [2083, 543], [2080, 546], [2078, 548], [2077, 553]]
951;569;NA;0.90869140625;0.7613834287136103;0.8098224997520447;4019;3060;[2230, 129, 2306, 215];[2233, 132, 2300, 211];[[2242, 130], [2230, 143], [2230, 149], [2236, 161], [2249, 174], [2248, 194], [2272, 211], [2283, 215], [2290, 214], [2297, 208], [2304, 197], [2306, 184], [2302, 171], [2267, 136], [2255, 129]];[[2236, 136], [2233, 143], [2234, 151], [2236, 153], [2239, 155], [2241, 159], [2242, 163], [2244, 165], [2247, 167], [2249, 173], [2251, 179], [2253, 187], [2254, 195], [2256, 197], [2259, 199], [2261, 201], [2266, 203], [2272, 205], [2275, 207], [2277, 209], [2280, 211], [2284, 209], [2286, 207], [2288, 205], [2290, 203], [2292, 199], [2294, 195], [2296, 189], [2298, 183], [2300, 177], [2298, 172], [2296, 170], [2294, 168], [2292, 166], [2290, 164], [2288, 162], [2286, 160], [2284, 158], [2282, 156], [2280, 154], [2278, 152], [2276, 150], [2274, 148], [2272, 146], [2270, 144], [2268, 142], [2266, 140], [2264, 138], [2262, 135], [2260, 133], [2250, 132], [2240, 134]]
952;972;NA;0.8310546875;0.8724433692544535;0.9362982511520386;4311;4203;[2313, 0, 2414, 57];[2309, 1, 2413, 57];[[2313, 3], [2314, 21], [2319, 26], [2322, 37], [2332, 42], [2365, 42], [2371, 44], [2379, 55], [2390, 57], [2404, 55], [2414, 47], [2414, 29], [2408, 24], [2405, 14], [2389, 1], [2324, 0]];[[2349, 1], [2309, 10], [2312, 20], [2314, 22], [2312, 24], [2309, 27], [2311, 28], [2313, 31], [2318, 33], [2323, 36], [2330, 38], [2337, 40], [2349, 43], [2361, 45], [2366, 47], [2370, 50], [2374, 53], [2376, 55], [2390, 57], [2403, 55], [2405, 53], [2409, 50], [2411, 47], [2413, 36], [2410, 24], [2408, 20], [2406, 16], [2404, 13], [2401, 10], [2398, 8], [2394, 6], [2390, 4]]
953;868;NA;0.87158203125;0.8089803554724041;0.89496910572052;5248;4421;[2099, 633, 2179, 731];[2101, 636, 2180, 727];[[2159, 633], [2153, 637], [2149, 654], [2142, 651], [2132, 640], [2119, 637], [2110, 642], [2101, 659], [2099, 680], [2113, 685], [2116, 689], [2117, 701], [2123, 715], [2116, 722], [2116, 727], [2120, 731], [2143, 729], [2179, 698], [2172, 659]];[[2120, 636], [2116, 638], [2112, 640], [2109, 643], [2107, 647], [2105, 653], [2103, 659], [2101, 669], [2109, 679], [2117, 683], [2119, 687], [2121, 695], [2123, 703], [2125, 715], [2134, 727], [2144, 725], [2146, 723], [2148, 721], [2150, 719], [2152, 715], [2154, 711], [2156, 709], [2158, 707], [2160, 703], [2162, 699], [2164, 697], [2166, 695], [2168, 693], [2172, 691], [2176, 687], [2178, 683], [2180, 679], [2176, 675], [2172, 667], [2170, 659], [2168, 655], [2166, 651], [2164, 643], [2158, 636], [2153, 639], [2151, 643], [2148, 646], [2144, 648], [2140, 646], [2136, 644], [2132, 642], [2128, 640], [2124, 638]]
954;473;NA;0.9140625;0.7337585286265204;0.8082706928253174;6663;5026;[2209, 226, 2305, 330];[2219, 230, 2308, 334];[[2300, 246], [2268, 244], [2252, 227], [2244, 226], [2233, 227], [2222, 239], [2214, 256], [2209, 292], [2221, 309], [2222, 318], [2232, 329], [2244, 330], [2260, 313], [2276, 312], [2279, 307], [2273, 300], [2274, 289], [2293, 290], [2304, 285], [2305, 256]];[[2255, 232], [2249, 230], [2242, 232], [2240, 234], [2238, 239], [2235, 244], [2232, 247], [2230, 249], [2228, 253], [2226, 258], [2223, 263], [2221, 268], [2219, 289], [2221, 311], [2223, 315], [2225, 319], [2227, 322], [2230, 324], [2232, 326], [2235, 330], [2238, 332], [2242, 334], [2246, 332], [2248, 330], [2250, 322], [2253, 315], [2255, 308], [2258, 301], [2260, 296], [2262, 291], [2266, 288], [2275, 286], [2285, 284], [2294, 281], [2303, 280], [2305, 277], [2308, 270], [2306, 264], [2304, 261], [2301, 259], [2299, 256], [2296, 253], [2293, 251], [2289, 249], [2285, 247], [2275, 245], [2266, 242], [2263, 240], [2261, 237], [2258, 234]]
955;747;NA;0.892578125;0.7308019268914707;0.8036796450614929;3496;2612;[2149, 217, 2204, 301];[2149, 220, 2196, 299];[[2197, 234], [2177, 217], [2154, 217], [2149, 220], [2149, 251], [2161, 270], [2165, 287], [2176, 301], [2198, 296], [2202, 288], [2204, 278]];[[2168, 220], [2149, 233], [2151, 247], [2153, 251], [2154, 255], [2156, 257], [2159, 259], [2161, 263], [2163, 267], [2165, 273], [2167, 279], [2169, 283], [2170, 287], [2172, 289], [2175, 291], [2177, 293], [2180, 295], [2184, 297], [2188, 299], [2192, 297], [2194, 295], [2196, 279], [2194, 263], [2192, 251], [2194, 239], [2196, 235], [2194, 231], [2192, 227], [2190, 224], [2188, 222]]
956;275;NA;0.92529296875;0.8820936639118457;0.8331857919692993;5032;5216;[2045, 369, 2155, 434];[2047, 373, 2160, 438];[[2153, 372], [2139, 369], [2126, 376], [2094, 376], [2077, 384], [2065, 385], [2054, 394], [2045, 410], [2045, 416], [2058, 434], [2097, 434], [2104, 427], [2115, 426], [2124, 418], [2135, 417], [2155, 399]];[[2047, 413], [2049, 424], [2051, 427], [2054, 430], [2057, 432], [2063, 434], [2070, 436], [2075, 438], [2080, 436], [2089, 434], [2099, 431], [2106, 429], [2113, 427], [2118, 424], [2122, 422], [2127, 419], [2132, 417], [2137, 415], [2141, 413], [2143, 411], [2146, 408], [2148, 406], [2151, 403], [2153, 400], [2155, 396], [2157, 392], [2160, 387], [2157, 382], [2155, 377], [2144, 373], [2133, 375], [2130, 377], [2127, 380], [2122, 383], [2118, 380], [2111, 378], [2103, 376], [2089, 373], [2075, 376], [2070, 378], [2066, 380], [2064, 382], [2061, 384], [2059, 387], [2056, 390], [2053, 392], [2052, 396], [2049, 401]]
957;406;NA;0.91845703125;0.865605658709107;0.8658371567726135;4099;4341;[1894, 667, 1995, 734];[1898, 668, 1997, 739];[[1894, 704], [1903, 716], [1942, 728], [1951, 734], [1984, 734], [1995, 723], [1988, 712], [1986, 683], [1983, 677], [1977, 680], [1972, 689], [1937, 668], [1924, 667], [1918, 671], [1934, 698], [1897, 700]];[[1900, 699], [1898, 707], [1899, 715], [1901, 717], [1909, 719], [1917, 721], [1925, 723], [1933, 725], [1937, 727], [1941, 729], [1945, 731], [1949, 733], [1957, 735], [1965, 737], [1969, 739], [1973, 737], [1981, 735], [1989, 733], [1991, 731], [1993, 727], [1995, 723], [1997, 719], [1995, 716], [1993, 714], [1991, 711], [1989, 701], [1987, 691], [1985, 685], [1983, 680], [1981, 678], [1977, 676], [1974, 681], [1972, 687], [1969, 690], [1967, 692], [1965, 690], [1961, 688], [1957, 686], [1955, 684], [1953, 682], [1951, 680], [1949, 678], [1947, 675], [1945, 673], [1941, 672], [1937, 670], [1927, 668], [1918, 671], [1920, 675], [1922, 679], [1924, 683], [1926, 689], [1914, 695], [1902, 697]]
958;137;NA;0.93359375;0.7723522853957636;0.862036406993866;4354;3595;[1947, 564, 2020, 663];[1952, 564, 2022, 658];[[2015, 566], [1998, 564], [1991, 566], [1985, 572], [1976, 572], [1972, 568], [1966, 569], [1967, 573], [1972, 574], [1972, 589], [1962, 607], [1955, 613], [1947, 635], [1949, 650], [1958, 663], [1978, 654], [2017, 606], [2020, 585]];[[2012, 566], [1999, 564], [1984, 566], [1979, 569], [1975, 570], [1973, 573], [1971, 585], [1968, 597], [1965, 600], [1963, 602], [1961, 606], [1959, 611], [1956, 614], [1953, 616], [1952, 635], [1953, 653], [1956, 655], [1963, 658], [1969, 656], [1971, 654], [1974, 651], [1976, 649], [1979, 647], [1981, 644], [1984, 641], [1987, 639], [1988, 628], [1991, 616], [1993, 613], [1995, 611], [1998, 609], [2000, 606], [2003, 603], [2008, 601], [2012, 599], [2014, 597], [2017, 592], [2019, 587], [2022, 580], [2020, 574], [2018, 571], [2014, 568]]
959;714;NA;0.896484375;0.7148206543161214;0.782608687877655;5043;3658;[2080, 280, 2140, 382];[2086, 283, 2141, 373];[[2091, 281], [2083, 285], [2080, 292], [2080, 322], [2085, 331], [2080, 344], [2080, 357], [2086, 365], [2104, 375], [2108, 381], [2125, 382], [2134, 373], [2139, 362], [2140, 336], [2134, 325], [2133, 296], [2123, 292], [2117, 286], [2098, 280]];[[2092, 283], [2086, 303], [2089, 325], [2093, 335], [2089, 346], [2086, 353], [2088, 359], [2092, 363], [2099, 366], [2106, 370], [2117, 373], [2127, 370], [2135, 366], [2141, 346], [2137, 325], [2133, 314], [2127, 304], [2120, 301], [2116, 296], [2112, 292], [2106, 290], [2099, 286]]
960;128;NA;0.93408203125;0.8013923805840263;0.8580020070075989;5011;4304;[2342, 582, 2453, 660];[2345, 588, 2452, 663];[[2343, 604], [2342, 618], [2354, 631], [2382, 652], [2402, 653], [2419, 660], [2447, 658], [2453, 639], [2422, 619], [2408, 599], [2389, 582], [2381, 582], [2376, 595], [2355, 594]];[[2347, 599], [2345, 611], [2346, 623], [2348, 625], [2352, 627], [2356, 629], [2366, 631], [2376, 633], [2382, 635], [2388, 637], [2392, 639], [2396, 641], [2398, 643], [2400, 645], [2403, 647], [2405, 651], [2408, 655], [2412, 657], [2422, 659], [2432, 661], [2436, 663], [2440, 661], [2444, 659], [2448, 657], [2450, 655], [2452, 645], [2450, 636], [2448, 634], [2446, 631], [2444, 629], [2440, 628], [2436, 626], [2430, 624], [2424, 622], [2422, 620], [2420, 618], [2418, 616], [2416, 614], [2414, 612], [2412, 610], [2410, 608], [2408, 606], [2406, 604], [2404, 602], [2402, 599], [2400, 595], [2398, 592], [2396, 590], [2390, 588], [2384, 590], [2370, 592], [2356, 594], [2352, 596], [2349, 597]]
961;733;NA;0.89404296875;0.8043571123451516;0.800000011920929;3888;4560;[2192, 17, 2282, 83];[2185, 11, 2284, 86];[[2193, 45], [2192, 57], [2199, 65], [2213, 69], [2238, 68], [2251, 82], [2268, 83], [2275, 79], [2282, 69], [2277, 49], [2265, 41], [2255, 28], [2238, 17], [2217, 19]];[[2189, 35], [2185, 43], [2187, 52], [2189, 55], [2194, 57], [2199, 59], [2204, 62], [2208, 64], [2215, 67], [2223, 69], [2227, 71], [2232, 74], [2237, 76], [2242, 78], [2249, 81], [2256, 83], [2261, 86], [2266, 83], [2270, 81], [2274, 79], [2277, 77], [2279, 72], [2281, 67], [2284, 65], [2281, 63], [2279, 58], [2277, 53], [2274, 48], [2273, 44], [2270, 42], [2268, 40], [2266, 37], [2263, 35], [2261, 32], [2258, 30], [2256, 28], [2253, 24], [2250, 22], [2246, 20], [2242, 16], [2225, 11], [2209, 13], [2207, 15], [2204, 20], [2202, 24], [2200, 27], [2197, 29], [2194, 32]]
962;73;NA;0.9384765625;0.886558627264061;0.8965752124786377;6060;5814;[2071, 790, 2168, 894];[2069, 792, 2168, 887];[[2135, 790], [2124, 792], [2113, 801], [2106, 821], [2092, 829], [2080, 841], [2071, 856], [2071, 875], [2074, 878], [2086, 879], [2104, 894], [2115, 894], [2126, 887], [2144, 864], [2167, 863], [2168, 848], [2153, 831], [2149, 822], [2149, 813], [2155, 801]];[[2144, 793], [2130, 792], [2117, 795], [2115, 799], [2113, 805], [2111, 811], [2109, 815], [2107, 819], [2105, 823], [2103, 827], [2100, 830], [2096, 832], [2093, 833], [2091, 835], [2088, 838], [2084, 840], [2081, 841], [2079, 843], [2077, 845], [2075, 847], [2072, 850], [2070, 852], [2069, 863], [2070, 875], [2072, 877], [2082, 879], [2092, 881], [2095, 883], [2097, 885], [2106, 887], [2116, 885], [2120, 883], [2124, 881], [2128, 879], [2132, 877], [2134, 875], [2136, 873], [2138, 871], [2140, 869], [2150, 867], [2160, 865], [2162, 863], [2164, 861], [2166, 859], [2168, 855], [2166, 851], [2164, 845], [2162, 839], [2160, 835], [2158, 832], [2156, 830], [2154, 827], [2152, 813], [2150, 800], [2148, 798], [2146, 795]]
963;380;NA;0.91943359375;0.8721268548152459;0.8404040336608887;6055;6814;[2203, 626, 2307, 718];[2197, 624, 2312, 723];[[2303, 628], [2265, 626], [2245, 632], [2225, 631], [2223, 636], [2230, 680], [2203, 689], [2204, 693], [2213, 701], [2234, 703], [2249, 716], [2263, 718], [2303, 662], [2307, 646], [2307, 633]];[[2308, 627], [2280, 624], [2253, 625], [2251, 627], [2248, 630], [2244, 632], [2240, 630], [2238, 627], [2236, 625], [2230, 624], [2225, 637], [2223, 651], [2221, 661], [2223, 671], [2225, 677], [2217, 683], [2208, 686], [2202, 688], [2197, 693], [2208, 699], [2220, 701], [2224, 703], [2228, 705], [2232, 707], [2236, 709], [2238, 711], [2240, 713], [2243, 715], [2245, 717], [2248, 719], [2252, 721], [2256, 723], [2260, 721], [2264, 719], [2268, 717], [2270, 715], [2272, 711], [2274, 707], [2276, 705], [2278, 703], [2280, 699], [2282, 695], [2284, 691], [2286, 687], [2288, 683], [2290, 679], [2292, 675], [2294, 671], [2296, 669], [2298, 667], [2300, 665], [2302, 663], [2304, 659], [2306, 655], [2308, 651], [2310, 647], [2312, 639], [2310, 631]]
964;438;NA;0.916015625;0.8937454279444038;0.9146341681480408;5234;5121;[2385, 63, 2500, 145];[2385, 64, 2500, 139];[[2385, 93], [2386, 100], [2392, 108], [2405, 116], [2424, 112], [2450, 120], [2451, 138], [2455, 145], [2472, 132], [2491, 130], [2500, 117], [2493, 99], [2457, 70], [2449, 69], [2441, 63], [2414, 64], [2407, 74]];[[2388, 88], [2385, 95], [2386, 103], [2388, 105], [2391, 107], [2393, 109], [2396, 111], [2400, 113], [2418, 115], [2436, 117], [2440, 119], [2444, 121], [2449, 123], [2453, 131], [2458, 139], [2464, 137], [2470, 135], [2476, 133], [2482, 131], [2488, 129], [2490, 127], [2492, 125], [2494, 123], [2496, 121], [2498, 119], [2500, 115], [2498, 111], [2496, 107], [2494, 104], [2492, 102], [2490, 99], [2488, 97], [2484, 96], [2480, 94], [2478, 92], [2476, 90], [2474, 88], [2472, 86], [2470, 84], [2468, 82], [2466, 79], [2464, 77], [2460, 76], [2456, 74], [2452, 72], [2448, 70], [2444, 68], [2440, 66], [2422, 64], [2405, 65], [2403, 67], [2401, 73], [2399, 79], [2397, 81], [2395, 83], [2392, 86]]
965;23;NA;0.95166015625;0.48005475166210404;0.3986110985279083;3364;4205;[2089, 246, 2174, 314];[2092, 258, 2218, 340];[[2102, 246], [2089, 255], [2089, 264], [2098, 272], [2101, 284], [2135, 307], [2148, 310], [2154, 314], [2161, 307], [2172, 299], [2174, 294], [2169, 289], [2160, 270], [2142, 254], [2115, 252]];[[2117, 258], [2092, 267], [2096, 276], [2101, 281], [2112, 287], [2123, 292], [2130, 299], [2135, 305], [2144, 308], [2155, 314], [2160, 319], [2166, 324], [2173, 331], [2178, 337], [2193, 340], [2207, 337], [2212, 331], [2218, 321], [2209, 312], [2198, 306], [2187, 301], [2176, 296], [2171, 290], [2166, 285], [2160, 280], [2155, 274], [2148, 267], [2143, 262]]
966;-1;NA;NA;0.0;0.0;2752;0;[2155, 298, 2228, 355];[];[[2173, 301], [2163, 308], [2155, 315], [2161, 321], [2162, 329], [2197, 355], [2212, 355], [2228, 345], [2226, 326], [2202, 303], [2181, 298]];[]
967;622;NA;0.90576171875;0.6974613475854171;0.8630602359771729;4843;4050;[2253, 811, 2347, 905];[2253, 817, 2346, 899];[[2322, 813], [2306, 811], [2295, 823], [2284, 845], [2261, 867], [2253, 888], [2259, 903], [2282, 905], [2301, 891], [2316, 864], [2327, 871], [2332, 885], [2345, 880], [2347, 862], [2333, 843], [2329, 821]];[[2325, 831], [2311, 817], [2296, 820], [2291, 826], [2286, 836], [2280, 847], [2275, 858], [2264, 869], [2253, 885], [2257, 899], [2262, 894], [2278, 888], [2295, 883], [2305, 878], [2316, 883], [2327, 888], [2336, 885], [2341, 879], [2346, 869], [2343, 860], [2337, 854], [2330, 847]]
968;596;NA;0.9072265625;0.7884727343295168;0.7760961055755615;4956;4260;[2161, 337, 2236, 448];[2161, 352, 2232, 443];[[2225, 339], [2214, 337], [2190, 363], [2174, 364], [2168, 368], [2177, 379], [2176, 386], [2164, 399], [2161, 407], [2162, 437], [2169, 446], [2174, 448], [2192, 446], [2202, 435], [2204, 425], [2211, 418], [2212, 407], [2226, 388], [2230, 371], [2236, 362], [2235, 352]];[[2228, 358], [2214, 356], [2200, 354], [2198, 352], [2197, 353], [2195, 355], [2193, 357], [2191, 359], [2189, 361], [2187, 363], [2184, 366], [2180, 368], [2176, 366], [2168, 364], [2161, 367], [2162, 371], [2164, 373], [2168, 375], [2172, 377], [2175, 379], [2177, 383], [2175, 387], [2173, 391], [2171, 395], [2169, 399], [2167, 403], [2165, 407], [2163, 411], [2161, 423], [2162, 435], [2164, 437], [2167, 439], [2169, 441], [2178, 443], [2188, 441], [2192, 439], [2196, 437], [2198, 435], [2200, 433], [2202, 431], [2204, 429], [2206, 427], [2208, 423], [2210, 419], [2212, 415], [2214, 411], [2216, 407], [2218, 403], [2220, 397], [2222, 391], [2224, 387], [2226, 383], [2228, 375], [2230, 367], [2232, 363], [2230, 360]]
969;573;NA;0.90869140625;0.8411006445215666;0.81093829870224;3965;3462;[2077, 883, 2174, 942];[2081, 888, 2172, 939];[[2157, 887], [2130, 886], [2123, 883], [2105, 887], [2077, 903], [2077, 913], [2097, 935], [2113, 941], [2124, 942], [2153, 924], [2163, 921], [2172, 912], [2174, 903]];[[2082, 900], [2081, 907], [2084, 915], [2088, 917], [2091, 919], [2093, 921], [2091, 923], [2089, 927], [2090, 931], [2092, 933], [2095, 935], [2097, 937], [2108, 939], [2120, 937], [2126, 935], [2132, 933], [2136, 931], [2140, 929], [2142, 927], [2144, 925], [2148, 923], [2152, 921], [2158, 919], [2164, 917], [2166, 915], [2168, 913], [2170, 911], [2172, 905], [2170, 900], [2168, 898], [2166, 895], [2164, 893], [2160, 892], [2156, 890], [2126, 888], [2096, 890], [2092, 892], [2089, 893], [2087, 895], [2084, 898]]
970;274;NA;0.92529296875;0.9070813771517997;0.8853955268859863;4930;4819;[2145, 55, 2244, 140];[2147, 59, 2246, 143];[[2145, 71], [2145, 90], [2156, 98], [2171, 99], [2197, 123], [2198, 137], [2201, 140], [2204, 140], [2215, 126], [2235, 125], [2244, 116], [2244, 100], [2238, 94], [2237, 87], [2210, 65], [2196, 59], [2171, 55], [2155, 62]];[[2149, 68], [2147, 79], [2149, 90], [2151, 93], [2158, 95], [2165, 98], [2170, 100], [2175, 102], [2178, 105], [2181, 113], [2189, 119], [2199, 124], [2197, 129], [2195, 134], [2196, 138], [2199, 140], [2201, 143], [2203, 141], [2205, 139], [2208, 136], [2210, 134], [2213, 131], [2220, 129], [2227, 126], [2235, 124], [2241, 120], [2243, 115], [2246, 108], [2243, 101], [2241, 96], [2239, 92], [2237, 90], [2235, 87], [2232, 85], [2229, 82], [2227, 77], [2223, 73], [2218, 71], [2211, 68], [2204, 66], [2199, 63], [2194, 61], [2175, 59], [2157, 60], [2154, 63], [2151, 66]]
971;272;NA;0.92529296875;0.8574540174249758;0.8417786955833435;3966;3709;[1923, 446, 2031, 522];[1929, 448, 2028, 527];[[2020, 455], [2000, 453], [1991, 446], [1971, 447], [1952, 462], [1926, 463], [1923, 469], [1927, 477], [1939, 482], [1945, 488], [1965, 489], [1971, 492], [1967, 510], [1968, 519], [1974, 522], [1977, 519], [1978, 509], [1991, 492], [2018, 489], [2031, 477], [2031, 466]];[[2024, 463], [2020, 460], [2016, 458], [2010, 456], [2004, 454], [2000, 452], [1996, 450], [1984, 448], [1973, 449], [1971, 451], [1969, 453], [1967, 455], [1964, 458], [1950, 460], [1936, 462], [1932, 464], [1929, 471], [1932, 479], [1936, 481], [1940, 483], [1944, 485], [1954, 487], [1964, 489], [1969, 491], [1973, 495], [1971, 499], [1969, 511], [1970, 523], [1972, 525], [1974, 527], [1976, 523], [1978, 519], [1980, 513], [1982, 507], [1984, 505], [1986, 503], [1988, 501], [1990, 499], [1992, 497], [1994, 495], [1996, 493], [2006, 491], [2016, 489], [2020, 487], [2024, 483], [2026, 479], [2028, 473], [2026, 467]]
972;389;NA;0.9189453125;0.8688679245283019;0.8654970526695251;6154;5732;[2374, 161, 2455, 279];[2381, 160, 2456, 275];[[2392, 161], [2374, 184], [2374, 198], [2389, 223], [2398, 256], [2407, 262], [2419, 258], [2429, 265], [2439, 279], [2447, 279], [2452, 276], [2455, 268], [2455, 244], [2447, 234], [2447, 214], [2439, 204], [2439, 194], [2431, 175], [2419, 161]];[[2402, 160], [2389, 163], [2387, 167], [2385, 173], [2383, 179], [2381, 197], [2384, 215], [2388, 217], [2391, 219], [2393, 223], [2395, 227], [2397, 243], [2395, 259], [2393, 263], [2398, 267], [2404, 265], [2406, 263], [2408, 259], [2412, 255], [2416, 253], [2418, 251], [2420, 253], [2423, 255], [2425, 259], [2426, 263], [2428, 265], [2431, 267], [2433, 269], [2436, 271], [2440, 273], [2444, 275], [2448, 273], [2450, 271], [2452, 269], [2454, 267], [2456, 257], [2454, 247], [2452, 239], [2450, 231], [2448, 223], [2446, 215], [2444, 207], [2442, 199], [2440, 195], [2438, 191], [2436, 187], [2434, 184], [2432, 182], [2430, 179], [2428, 175], [2426, 172], [2424, 170], [2422, 168], [2420, 166], [2418, 163], [2416, 161]]
973;170;NA;0.93115234375;0.8172495879875481;0.8746111392974854;5274;4650;[1981, 468, 2072, 557];[1986, 472, 2073, 559];[[2072, 474], [2060, 468], [2036, 471], [2012, 495], [2002, 501], [1996, 520], [1981, 538], [1982, 548], [1996, 554], [2030, 553], [2041, 557], [2052, 543], [2055, 530], [2063, 522], [2064, 513], [2072, 503]];[[2069, 474], [2053, 472], [2038, 473], [2036, 475], [2034, 477], [2032, 479], [2030, 481], [2028, 483], [2026, 485], [2024, 487], [2022, 489], [2020, 491], [2017, 494], [2013, 496], [2010, 497], [2008, 499], [2006, 503], [2004, 507], [2002, 513], [2000, 519], [1998, 521], [1996, 523], [1994, 525], [1992, 527], [1989, 530], [1987, 532], [1986, 543], [1987, 555], [1989, 557], [1999, 559], [2009, 557], [2021, 555], [2033, 557], [2035, 559], [2037, 557], [2041, 555], [2045, 541], [2047, 527], [2049, 525], [2051, 523], [2053, 521], [2055, 519], [2057, 517], [2059, 515], [2061, 511], [2063, 507], [2065, 503], [2067, 499], [2069, 495], [2071, 491], [2073, 483], [2071, 476]]
974;717;NA;0.8955078125;0.8265446224256293;0.8362600207328796;4313;3669;[2335, 218, 2403, 309];[2333, 220, 2396, 311];[[2393, 220], [2389, 218], [2370, 218], [2356, 228], [2355, 245], [2337, 266], [2335, 272], [2335, 306], [2337, 309], [2361, 309], [2396, 272], [2398, 260], [2403, 254], [2403, 241]];[[2392, 223], [2380, 220], [2369, 221], [2367, 223], [2365, 227], [2363, 231], [2361, 237], [2359, 243], [2357, 247], [2355, 251], [2353, 253], [2351, 255], [2349, 257], [2347, 259], [2344, 262], [2340, 264], [2337, 265], [2335, 267], [2333, 283], [2335, 299], [2337, 303], [2338, 307], [2340, 309], [2348, 311], [2356, 309], [2360, 307], [2364, 305], [2366, 303], [2368, 301], [2370, 299], [2372, 297], [2374, 295], [2376, 291], [2378, 287], [2380, 285], [2382, 283], [2384, 279], [2386, 275], [2388, 273], [2390, 271], [2392, 265], [2394, 259], [2396, 243], [2394, 227]]
975;81;NA;0.93798828125;0.6098859315589353;0.8093385100364685;6090;4495;[1402, 406, 1495, 517];[1395, 408, 1488, 512];[[1439, 406], [1426, 406], [1412, 418], [1416, 438], [1411, 449], [1402, 456], [1402, 460], [1412, 469], [1410, 500], [1416, 517], [1442, 507], [1444, 497], [1454, 487], [1454, 477], [1459, 469], [1481, 473], [1492, 471], [1495, 465], [1495, 437], [1470, 424], [1457, 423]];[[1431, 408], [1416, 423], [1411, 439], [1404, 446], [1399, 451], [1395, 460], [1400, 471], [1406, 493], [1420, 512], [1434, 503], [1440, 493], [1445, 487], [1440, 482], [1434, 477], [1440, 471], [1445, 460], [1467, 450], [1488, 439], [1474, 430], [1458, 425], [1450, 417], [1445, 412]]
976;619;NA;0.90576171875;0.7267221801665406;0.747602105140686;3842;3001;[1576, 169, 1659, 236];[1585, 175, 1654, 237];[[1657, 178], [1638, 169], [1615, 169], [1604, 175], [1579, 176], [1576, 188], [1582, 201], [1585, 234], [1596, 236], [1619, 221], [1632, 220], [1647, 204], [1658, 196], [1659, 183]];[[1654, 185], [1627, 175], [1598, 179], [1591, 183], [1585, 206], [1587, 230], [1591, 234], [1598, 237], [1604, 235], [1608, 232], [1612, 227], [1623, 223], [1633, 221], [1636, 217], [1641, 212], [1645, 209], [1647, 203], [1651, 196]]
977;453;NA;0.91552734375;0.9001928640308583;0.9383063316345215;4122;3760;[1740, 211, 1835, 274];[1742, 211, 1836, 272];[[1740, 226], [1740, 237], [1746, 247], [1747, 257], [1762, 274], [1820, 274], [1835, 262], [1835, 249], [1832, 246], [1811, 236], [1797, 235], [1787, 229], [1781, 223], [1780, 218], [1772, 211], [1749, 215]];[[1744, 220], [1742, 232], [1744, 244], [1747, 251], [1748, 257], [1751, 260], [1754, 263], [1756, 265], [1760, 267], [1765, 269], [1796, 272], [1826, 270], [1828, 268], [1832, 264], [1834, 262], [1836, 256], [1834, 249], [1832, 247], [1828, 244], [1826, 241], [1820, 240], [1813, 237], [1801, 235], [1789, 233], [1784, 230], [1779, 221], [1767, 211], [1755, 214], [1751, 216], [1747, 218]]
978;116;NA;0.935546875;0.8775627514849588;0.881659984588623;5058;4741;[1842, 273, 1925, 363];[1847, 273, 1921, 362];[[1848, 276], [1846, 296], [1852, 301], [1852, 308], [1842, 317], [1867, 355], [1877, 363], [1892, 356], [1898, 356], [1905, 362], [1914, 362], [1922, 356], [1925, 349], [1924, 331], [1902, 298], [1878, 276], [1858, 273]];[[1863, 273], [1847, 287], [1849, 301], [1851, 306], [1849, 311], [1847, 320], [1848, 329], [1851, 331], [1854, 334], [1856, 339], [1859, 344], [1861, 349], [1863, 353], [1865, 355], [1870, 357], [1875, 360], [1882, 362], [1889, 360], [1906, 357], [1921, 342], [1920, 326], [1917, 323], [1914, 320], [1912, 315], [1910, 311], [1907, 306], [1906, 302], [1903, 299], [1900, 296], [1898, 291], [1894, 287], [1889, 285], [1886, 283], [1884, 280], [1881, 277], [1879, 275]]
979;584;NA;0.908203125;0.8256086142322098;0.8495334386825562;4219;3580;[1712, 263, 1811, 314];[1714, 268, 1809, 315];[[1712, 288], [1713, 302], [1721, 308], [1740, 314], [1773, 313], [1792, 304], [1802, 303], [1810, 298], [1811, 275], [1807, 270], [1794, 263], [1745, 263], [1722, 277]];[[1714, 295], [1715, 303], [1717, 305], [1719, 307], [1721, 309], [1724, 311], [1726, 313], [1745, 315], [1765, 313], [1771, 311], [1777, 309], [1783, 307], [1789, 305], [1793, 303], [1797, 301], [1801, 299], [1805, 297], [1807, 295], [1809, 285], [1807, 276], [1805, 274], [1801, 272], [1797, 270], [1793, 268], [1789, 270], [1777, 272], [1765, 270], [1751, 268], [1737, 270], [1733, 272], [1730, 273], [1728, 275], [1726, 277], [1724, 279], [1722, 281], [1720, 283], [1717, 286], [1715, 288]]
980;627;NA;0.9052734375;0.870042194092827;0.9466666579246521;3490;3158;[1370, 367, 1440, 439];[1370, 364, 1440, 438];[[1372, 367], [1370, 370], [1370, 385], [1376, 409], [1378, 430], [1386, 439], [1402, 439], [1410, 431], [1419, 416], [1436, 403], [1439, 397], [1440, 386], [1429, 376], [1415, 373], [1395, 375]];[[1374, 364], [1370, 373], [1372, 382], [1375, 404], [1377, 425], [1379, 430], [1381, 434], [1383, 436], [1393, 438], [1402, 437], [1404, 435], [1407, 431], [1410, 429], [1411, 425], [1414, 420], [1416, 418], [1418, 415], [1422, 412], [1424, 410], [1426, 406], [1428, 401], [1430, 399], [1433, 396], [1436, 393], [1438, 391], [1440, 384], [1419, 378], [1398, 376], [1393, 373], [1388, 371], [1383, 369], [1379, 366]]
981;857;NA;0.875;0.8010691103474609;0.7144938111305237;4873;4561;[1396, 827, 1453, 938];[1399, 829, 1468, 942];[[1431, 827], [1415, 828], [1406, 840], [1398, 859], [1396, 892], [1399, 922], [1406, 934], [1414, 938], [1431, 935], [1434, 923], [1444, 907], [1453, 881], [1448, 869], [1446, 841], [1437, 829]];[[1435, 830], [1429, 829], [1422, 830], [1420, 833], [1418, 837], [1415, 842], [1412, 845], [1410, 848], [1408, 856], [1406, 866], [1403, 876], [1401, 885], [1399, 904], [1401, 923], [1403, 928], [1405, 932], [1407, 934], [1410, 938], [1413, 940], [1417, 942], [1422, 939], [1426, 937], [1430, 935], [1433, 933], [1435, 923], [1437, 914], [1440, 909], [1442, 904], [1445, 899], [1447, 895], [1449, 892], [1452, 890], [1455, 887], [1460, 884], [1464, 883], [1466, 880], [1468, 876], [1459, 871], [1449, 859], [1447, 847], [1445, 842], [1443, 838], [1441, 836], [1437, 833]]
982;724;NA;0.8955078125;0.8653637350705755;0.8891613483428955;4265;4325;[1185, 697, 1287, 776];[1189, 702, 1287, 777];[[1219, 717], [1210, 697], [1200, 706], [1201, 720], [1216, 730], [1209, 734], [1193, 734], [1185, 740], [1194, 745], [1221, 745], [1230, 754], [1247, 756], [1262, 775], [1274, 776], [1287, 762], [1287, 735], [1278, 715], [1250, 702], [1246, 713]];[[1205, 702], [1198, 709], [1200, 715], [1202, 717], [1205, 721], [1208, 725], [1201, 730], [1193, 733], [1191, 735], [1189, 740], [1200, 744], [1212, 746], [1224, 748], [1236, 751], [1238, 753], [1240, 756], [1244, 759], [1246, 764], [1248, 767], [1250, 770], [1255, 772], [1259, 775], [1269, 777], [1278, 775], [1280, 773], [1283, 770], [1286, 767], [1287, 749], [1285, 730], [1282, 725], [1281, 721], [1278, 719], [1276, 717], [1274, 714], [1271, 711], [1268, 709], [1262, 707], [1255, 705], [1250, 702], [1246, 706], [1244, 711], [1241, 713], [1239, 716], [1236, 719], [1231, 721], [1226, 719], [1221, 717], [1217, 714], [1213, 711], [1211, 706]]
983;642;NA;0.9033203125;0.8501651722510618;0.9122065901756287;4224;3617;[953, 242, 1024, 332];[955, 244, 1022, 331];[[1017, 244], [1000, 242], [988, 249], [982, 249], [966, 259], [954, 288], [953, 323], [957, 332], [973, 332], [984, 326], [999, 310], [999, 303], [1005, 296], [1006, 288], [1018, 276], [1019, 267], [1024, 262], [1023, 252]];[[1018, 247], [1008, 244], [998, 246], [994, 248], [990, 250], [986, 252], [982, 254], [976, 256], [971, 257], [969, 259], [967, 263], [965, 267], [963, 273], [961, 279], [959, 285], [961, 291], [963, 293], [961, 295], [959, 297], [960, 299], [962, 301], [959, 303], [955, 305], [957, 307], [959, 317], [960, 327], [962, 329], [970, 331], [978, 329], [982, 327], [986, 325], [988, 323], [990, 321], [992, 319], [994, 315], [996, 311], [998, 307], [1000, 303], [1002, 299], [1004, 295], [1006, 291], [1008, 287], [1010, 283], [1012, 279], [1014, 275], [1016, 271], [1018, 267], [1020, 263], [1022, 257], [1020, 251]]
984;855;NA;0.875;0.7724658519051042;0.784919023513794;2684;2247;[1333, -4, 1404, 51];[1338, 4, 1405, 51];[[1404, 1], [1395, -4], [1363, -4], [1357, 0], [1350, 1], [1347, 6], [1347, 13], [1333, 33], [1334, 45], [1344, 51], [1356, 51], [1368, 46], [1394, 24], [1404, 6]];[[1338, 35], [1339, 47], [1341, 49], [1351, 51], [1361, 49], [1365, 47], [1369, 45], [1371, 43], [1373, 41], [1377, 39], [1381, 37], [1383, 35], [1385, 33], [1387, 31], [1389, 29], [1391, 27], [1393, 25], [1395, 23], [1397, 21], [1399, 19], [1401, 15], [1403, 11], [1405, 7], [1375, 4], [1346, 5], [1344, 7], [1342, 15], [1340, 23]]
985;91;NA;0.93701171875;0.8969410798603983;0.9174162149429321;4791;4449;[1205, 140, 1273, 245];[1203, 144, 1273, 243];[[1271, 140], [1251, 140], [1245, 146], [1234, 148], [1224, 157], [1218, 170], [1217, 182], [1206, 201], [1205, 231], [1209, 240], [1222, 245], [1232, 238], [1239, 227], [1246, 232], [1261, 231], [1262, 226], [1255, 210], [1257, 197], [1273, 167]];[[1269, 147], [1257, 144], [1245, 147], [1238, 149], [1232, 151], [1229, 153], [1226, 156], [1224, 159], [1222, 163], [1220, 167], [1217, 175], [1215, 182], [1213, 189], [1210, 196], [1208, 201], [1205, 206], [1203, 220], [1205, 233], [1207, 236], [1212, 238], [1217, 241], [1221, 243], [1225, 241], [1228, 239], [1231, 233], [1238, 229], [1245, 231], [1252, 233], [1259, 220], [1256, 206], [1254, 201], [1256, 196], [1259, 191], [1261, 187], [1263, 182], [1266, 177], [1268, 170], [1271, 163], [1273, 156], [1271, 149]]
986;529;NA;0.91064453125;0.8903460837887067;0.9182327389717102;5310;5068;[1062, 446, 1182, 508];[1063, 444, 1182, 511];[[1062, 486], [1072, 492], [1083, 486], [1092, 491], [1101, 502], [1125, 508], [1134, 506], [1142, 498], [1159, 490], [1176, 487], [1182, 474], [1176, 465], [1163, 455], [1140, 454], [1127, 447], [1077, 446], [1072, 447], [1065, 458]];[[1068, 452], [1063, 465], [1066, 479], [1070, 481], [1074, 483], [1078, 485], [1080, 487], [1082, 489], [1084, 491], [1086, 493], [1089, 495], [1091, 497], [1096, 499], [1102, 501], [1106, 503], [1110, 505], [1116, 507], [1122, 509], [1124, 511], [1126, 509], [1130, 507], [1134, 505], [1136, 503], [1138, 501], [1140, 499], [1142, 497], [1144, 495], [1146, 493], [1154, 491], [1162, 489], [1166, 487], [1170, 485], [1174, 483], [1178, 481], [1180, 479], [1182, 473], [1180, 468], [1178, 466], [1176, 463], [1174, 461], [1156, 460], [1138, 456], [1136, 452], [1134, 450], [1124, 448], [1114, 446], [1100, 444], [1086, 446], [1080, 448], [1074, 450]]
987;719;NA;0.8955078125;0.820594281442721;0.7918173670768738;5032;4710;[1129, 846, 1201, 940];[1127, 848, 1198, 955];[[1190, 846], [1172, 847], [1144, 878], [1134, 882], [1129, 890], [1129, 897], [1138, 919], [1156, 939], [1177, 940], [1185, 938], [1199, 921], [1201, 912], [1200, 882], [1196, 874], [1201, 858]];[[1182, 848], [1171, 849], [1169, 851], [1167, 853], [1165, 855], [1163, 857], [1161, 859], [1158, 862], [1156, 864], [1155, 867], [1153, 871], [1151, 873], [1149, 875], [1146, 878], [1142, 880], [1138, 882], [1132, 884], [1127, 889], [1128, 895], [1130, 897], [1133, 899], [1135, 901], [1133, 903], [1131, 907], [1134, 911], [1138, 913], [1140, 915], [1142, 917], [1144, 919], [1146, 921], [1148, 923], [1150, 925], [1153, 927], [1155, 929], [1158, 931], [1162, 933], [1168, 935], [1174, 937], [1176, 939], [1178, 941], [1181, 943], [1183, 947], [1184, 951], [1186, 953], [1188, 955], [1190, 953], [1192, 951], [1194, 947], [1196, 943], [1198, 935], [1196, 927], [1194, 903], [1196, 879], [1198, 867], [1196, 855], [1194, 851]]
988;169;NA;0.93115234375;0.8047037122434862;0.8691983222961426;3869;3958;[1160, 1, 1266, 54];[1163, 4, 1270, 55];[[1266, 3], [1262, 1], [1198, 2], [1185, 8], [1167, 25], [1167, 28], [1160, 34], [1160, 45], [1171, 54], [1180, 54], [1189, 50], [1203, 49], [1217, 41], [1225, 41], [1239, 33], [1249, 32], [1265, 21]];[[1163, 27], [1164, 47], [1166, 49], [1169, 51], [1171, 53], [1180, 55], [1190, 53], [1198, 51], [1206, 49], [1212, 47], [1218, 45], [1222, 43], [1226, 41], [1230, 39], [1234, 37], [1240, 35], [1246, 33], [1248, 31], [1250, 29], [1254, 27], [1258, 25], [1260, 23], [1262, 21], [1264, 19], [1266, 17], [1268, 15], [1270, 9], [1218, 4], [1167, 5], [1165, 7]]
989;28;NA;0.9482421875;0.8389067524115755;0.8793001174926758;5485;5953;[1261, 254, 1362, 364];[1260, 259, 1368, 362];[[1302, 254], [1284, 275], [1284, 303], [1278, 311], [1271, 312], [1274, 330], [1261, 338], [1261, 343], [1296, 346], [1311, 363], [1316, 364], [1320, 361], [1320, 355], [1312, 340], [1329, 320], [1355, 315], [1362, 307], [1362, 294], [1342, 284], [1332, 284], [1327, 277], [1327, 265], [1317, 254]];[[1309, 259], [1298, 260], [1296, 263], [1294, 265], [1291, 268], [1288, 271], [1286, 273], [1284, 280], [1282, 287], [1279, 294], [1277, 301], [1275, 303], [1272, 306], [1269, 309], [1264, 311], [1260, 318], [1263, 325], [1265, 330], [1263, 334], [1260, 339], [1262, 343], [1264, 345], [1276, 348], [1288, 350], [1295, 353], [1302, 355], [1306, 358], [1308, 361], [1314, 362], [1321, 356], [1318, 349], [1316, 339], [1318, 330], [1321, 327], [1323, 325], [1326, 322], [1331, 319], [1336, 317], [1350, 314], [1364, 313], [1366, 311], [1368, 306], [1367, 302], [1364, 299], [1362, 297], [1360, 295], [1356, 291], [1354, 289], [1350, 287], [1345, 285], [1336, 283], [1326, 273], [1324, 264], [1321, 261]]
990;267;NA;0.92578125;0.8620392325932313;0.8031851649284363;4476;4162;[1372, 102, 1468, 174];[1375, 106, 1464, 181];[[1372, 111], [1372, 129], [1398, 148], [1409, 163], [1421, 173], [1446, 174], [1455, 167], [1463, 153], [1468, 134], [1461, 126], [1452, 125], [1445, 119], [1437, 119], [1431, 113], [1421, 112], [1414, 106], [1407, 106], [1399, 102], [1381, 105]];[[1377, 110], [1375, 120], [1376, 129], [1379, 131], [1381, 133], [1383, 136], [1386, 138], [1388, 140], [1391, 144], [1394, 146], [1399, 148], [1403, 153], [1405, 157], [1407, 160], [1410, 163], [1413, 167], [1414, 171], [1417, 174], [1422, 176], [1426, 179], [1433, 181], [1440, 179], [1442, 177], [1445, 174], [1450, 171], [1454, 167], [1457, 163], [1459, 158], [1461, 153], [1464, 144], [1462, 135], [1460, 133], [1457, 129], [1454, 127], [1450, 125], [1445, 123], [1438, 121], [1431, 118], [1426, 116], [1422, 113], [1417, 111], [1412, 109], [1395, 106], [1379, 108]]
991;613;NA;0.90576171875;0.8646179401993356;0.8740563988685608;5657;5568;[1104, 101, 1193, 185];[1103, 106, 1192, 181];[[1104, 112], [1104, 122], [1109, 131], [1125, 144], [1111, 151], [1105, 158], [1105, 168], [1110, 177], [1127, 185], [1142, 185], [1153, 180], [1187, 177], [1193, 168], [1187, 143], [1173, 129], [1164, 108], [1158, 103], [1127, 101]];[[1105, 110], [1103, 117], [1105, 125], [1108, 139], [1105, 153], [1103, 163], [1104, 171], [1107, 174], [1112, 176], [1116, 179], [1150, 181], [1182, 179], [1185, 177], [1188, 174], [1190, 171], [1192, 160], [1189, 148], [1187, 144], [1186, 140], [1183, 137], [1181, 135], [1178, 133], [1176, 130], [1174, 128], [1170, 125], [1168, 120], [1166, 116], [1164, 113], [1157, 111], [1150, 109], [1128, 106], [1108, 108]]
992;582;NA;0.908203125;0.8785382340515421;0.9464465379714966;4423;4470;[934, 393, 1038, 457];[935, 392, 1038, 459];[[934, 427], [935, 438], [947, 448], [982, 446], [991, 454], [1001, 457], [1009, 441], [1027, 440], [1037, 426], [1038, 410], [1028, 401], [999, 400], [992, 394], [981, 393], [973, 401], [965, 401], [953, 409]];[[936, 420], [935, 431], [936, 443], [938, 445], [946, 447], [954, 449], [958, 451], [962, 449], [970, 447], [978, 449], [981, 451], [983, 453], [986, 455], [990, 457], [996, 459], [1002, 457], [1004, 455], [1006, 451], [1008, 447], [1010, 445], [1012, 443], [1014, 441], [1016, 439], [1018, 437], [1020, 435], [1022, 433], [1024, 431], [1026, 429], [1028, 427], [1030, 425], [1032, 423], [1034, 421], [1036, 419], [1038, 417], [1036, 415], [1034, 409], [1030, 404], [1026, 402], [1012, 400], [998, 398], [992, 396], [986, 394], [980, 392], [975, 395], [973, 399], [970, 402], [964, 404], [958, 406], [954, 408], [950, 410], [946, 412], [943, 413], [941, 415], [938, 418]]
993;344;NA;0.92138671875;0.8759559783622458;0.9082319140434265;5051;5006;[1199, 802, 1307, 863];[1203, 800, 1310, 863];[[1307, 809], [1295, 802], [1283, 805], [1218, 808], [1205, 818], [1199, 832], [1199, 852], [1211, 863], [1250, 863], [1257, 857], [1268, 855], [1285, 840], [1292, 839], [1307, 828]];[[1306, 807], [1304, 804], [1302, 802], [1276, 800], [1250, 802], [1244, 804], [1238, 806], [1232, 808], [1226, 810], [1218, 812], [1211, 813], [1209, 815], [1207, 819], [1205, 823], [1203, 839], [1204, 855], [1206, 857], [1210, 859], [1214, 861], [1226, 863], [1238, 861], [1244, 859], [1250, 857], [1258, 855], [1266, 853], [1270, 851], [1274, 849], [1278, 847], [1282, 845], [1284, 843], [1286, 841], [1290, 839], [1294, 837], [1298, 835], [1302, 833], [1304, 831], [1306, 827], [1308, 823], [1310, 817], [1308, 811]]
994;685;NA;0.8984375;0.9102250489236791;0.8864476084709167;4030;3779;[1248, 666, 1347, 717];[1250, 668, 1349, 715];[[1248, 684], [1250, 702], [1269, 711], [1297, 711], [1320, 717], [1337, 711], [1347, 701], [1347, 688], [1344, 683], [1326, 672], [1313, 671], [1303, 666], [1265, 666], [1257, 672]];[[1252, 679], [1250, 689], [1251, 699], [1253, 701], [1257, 703], [1261, 705], [1273, 707], [1285, 709], [1293, 711], [1301, 713], [1317, 715], [1333, 713], [1337, 711], [1341, 709], [1343, 707], [1345, 703], [1347, 699], [1349, 695], [1347, 691], [1345, 687], [1343, 684], [1341, 682], [1339, 679], [1337, 677], [1333, 676], [1329, 674], [1323, 672], [1317, 670], [1287, 668], [1258, 669], [1256, 671], [1254, 675]]
995;586;NA;0.908203125;0.8712342916164573;0.9093278050422668;5527;5343;[1340, 741, 1423, 851];[1342, 740, 1421, 847];[[1353, 742], [1348, 756], [1358, 766], [1340, 779], [1340, 792], [1343, 795], [1369, 798], [1372, 803], [1373, 821], [1380, 828], [1382, 840], [1392, 851], [1413, 851], [1423, 829], [1423, 808], [1415, 793], [1414, 779], [1380, 741]];[[1367, 740], [1354, 743], [1352, 747], [1350, 755], [1352, 763], [1354, 767], [1352, 771], [1350, 773], [1348, 775], [1345, 778], [1343, 780], [1342, 785], [1347, 791], [1353, 793], [1356, 795], [1358, 797], [1363, 799], [1369, 801], [1372, 803], [1374, 811], [1376, 819], [1378, 827], [1380, 835], [1382, 839], [1393, 843], [1405, 845], [1409, 847], [1413, 845], [1415, 843], [1417, 839], [1419, 835], [1421, 813], [1419, 791], [1417, 785], [1415, 779], [1413, 775], [1411, 771], [1409, 767], [1407, 764], [1405, 762], [1403, 760], [1401, 758], [1399, 755], [1397, 753], [1393, 752], [1389, 750], [1387, 748], [1385, 746], [1383, 743], [1381, 741]]
996;346;NA;0.92138671875;0.888728323699422;0.9049962759017944;4548;4601;[1200, 858, 1274, 942];[1199, 860, 1278, 943];[[1271, 861], [1260, 858], [1243, 862], [1234, 868], [1225, 869], [1220, 872], [1218, 880], [1208, 887], [1201, 902], [1200, 914], [1202, 929], [1210, 940], [1221, 942], [1237, 937], [1265, 916], [1272, 908], [1274, 865]];[[1270, 862], [1258, 860], [1247, 861], [1245, 863], [1242, 866], [1230, 868], [1218, 870], [1212, 872], [1207, 879], [1205, 887], [1203, 891], [1201, 895], [1199, 913], [1200, 931], [1202, 933], [1205, 935], [1207, 937], [1210, 939], [1214, 941], [1218, 943], [1222, 941], [1226, 939], [1230, 937], [1234, 935], [1238, 933], [1242, 931], [1246, 929], [1248, 927], [1250, 925], [1252, 923], [1254, 921], [1256, 919], [1258, 917], [1260, 915], [1262, 913], [1264, 911], [1266, 909], [1268, 907], [1270, 901], [1272, 895], [1274, 887], [1276, 879], [1278, 875], [1276, 871], [1274, 867], [1272, 864]]
997;233;NA;0.9267578125;0.8259930197772977;0.8256029486656189;5944;5043;[944, 75, 1042, 152];[946, 78, 1035, 148];[[960, 84], [945, 117], [944, 137], [948, 147], [980, 147], [987, 140], [1003, 140], [1018, 152], [1032, 146], [1041, 137], [1042, 112], [1034, 97], [1019, 83], [1010, 82], [1003, 75], [970, 75]];[[948, 115], [946, 129], [947, 143], [949, 145], [964, 148], [978, 145], [1000, 143], [1021, 140], [1026, 138], [1030, 134], [1032, 129], [1035, 115], [1033, 102], [1031, 99], [1028, 97], [1026, 94], [1023, 92], [1021, 90], [1018, 86], [1015, 84], [1011, 82], [1007, 80], [988, 78], [969, 79], [967, 82], [964, 85], [961, 87], [960, 91], [957, 96], [955, 101], [953, 105], [950, 110]]
998;308;NA;0.9228515625;0.8476390346274921;0.7686913013458252;4632;4172;[1024, 63, 1094, 170];[1019, 68, 1086, 167];[[1072, 63], [1064, 65], [1057, 71], [1050, 91], [1029, 122], [1024, 136], [1024, 165], [1026, 168], [1047, 170], [1057, 167], [1077, 135], [1079, 124], [1093, 99], [1094, 89], [1090, 74]];[[1082, 70], [1070, 68], [1059, 71], [1057, 75], [1055, 79], [1053, 83], [1051, 87], [1049, 91], [1047, 95], [1045, 99], [1042, 102], [1040, 104], [1039, 107], [1037, 111], [1035, 119], [1033, 127], [1031, 131], [1029, 135], [1027, 137], [1025, 139], [1022, 142], [1020, 144], [1019, 153], [1020, 163], [1022, 165], [1040, 167], [1058, 165], [1060, 163], [1062, 159], [1064, 155], [1066, 151], [1068, 147], [1070, 143], [1072, 139], [1074, 137], [1076, 135], [1078, 131], [1080, 127], [1082, 121], [1084, 115], [1086, 93], [1084, 72]]
999;691;NA;0.8974609375;0.9325168107588857;0.9210526347160339;4014;4033;[1080, 57, 1173, 106];[1083, 56, 1174, 107];[[1081, 76], [1080, 93], [1082, 98], [1088, 102], [1102, 105], [1133, 104], [1155, 106], [1165, 104], [1168, 100], [1168, 92], [1173, 80], [1173, 73], [1168, 63], [1157, 57], [1115, 57], [1107, 62], [1101, 62], [1088, 68]];[[1085, 71], [1083, 83], [1084, 95], [1086, 97], [1088, 99], [1090, 101], [1093, 103], [1095, 105], [1100, 107], [1106, 105], [1124, 103], [1142, 105], [1152, 107], [1162, 105], [1164, 103], [1166, 101], [1168, 99], [1170, 97], [1172, 95], [1174, 83], [1172, 71], [1170, 67], [1168, 64], [1166, 62], [1164, 59], [1162, 57], [1136, 56], [1110, 58], [1104, 60], [1099, 61], [1097, 63], [1094, 66], [1090, 68], [1087, 69]]
1000;260;NA;0.92578125;0.8205449420607579;0.8586633205413818;5507;6119;[569, 546, 633, 671];[572, 548, 639, 671];[[619, 546], [606, 548], [600, 560], [590, 568], [585, 591], [570, 623], [569, 646], [575, 647], [578, 631], [589, 630], [594, 637], [595, 657], [608, 671], [621, 670], [632, 657], [633, 561]];[[631, 551], [619, 548], [608, 549], [606, 551], [603, 554], [595, 556], [588, 557], [586, 559], [584, 563], [586, 567], [588, 577], [586, 587], [584, 593], [582, 599], [580, 605], [578, 611], [576, 615], [574, 619], [572, 635], [577, 651], [583, 649], [587, 647], [591, 651], [593, 655], [595, 657], [597, 659], [599, 661], [602, 663], [604, 665], [607, 667], [611, 669], [613, 671], [615, 669], [619, 667], [623, 665], [625, 663], [627, 659], [629, 655], [631, 651], [633, 647], [635, 625], [637, 603], [639, 583], [637, 563], [635, 559], [633, 555]]
1001;184;NA;0.93017578125;0.8519163763066202;0.8701825737953186;6089;6667;[345, 669, 422, 786];[336, 668, 423, 787];[[410, 669], [389, 670], [374, 684], [370, 691], [369, 705], [352, 731], [359, 742], [345, 759], [345, 764], [350, 766], [365, 753], [369, 760], [369, 772], [381, 786], [395, 786], [403, 782], [406, 771], [413, 764], [413, 753], [421, 744], [422, 684]];[[415, 670], [403, 668], [392, 669], [390, 671], [388, 675], [386, 679], [383, 682], [381, 684], [380, 687], [378, 691], [376, 695], [374, 699], [371, 702], [369, 704], [368, 707], [366, 711], [363, 714], [355, 716], [347, 718], [341, 720], [336, 725], [342, 731], [348, 739], [346, 747], [344, 753], [346, 759], [348, 763], [351, 767], [355, 765], [361, 763], [367, 769], [369, 775], [371, 777], [373, 779], [375, 781], [378, 783], [380, 785], [387, 787], [395, 785], [399, 783], [403, 781], [405, 779], [407, 775], [409, 771], [411, 769], [413, 767], [415, 761], [417, 755], [419, 747], [421, 739], [423, 709], [421, 679], [419, 675], [417, 672]]
1002;59;NA;0.9404296875;0.8227032005526134;0.876086950302124;4169;3747;[547, 756, 640, 826];[545, 760, 644, 825];[[639, 759], [635, 756], [608, 757], [601, 763], [591, 765], [576, 779], [559, 788], [548, 798], [547, 817], [549, 822], [558, 826], [578, 825], [586, 821], [602, 822], [612, 814], [611, 806], [617, 799], [638, 784], [640, 777]];[[639, 764], [620, 760], [601, 762], [597, 764], [592, 767], [587, 769], [582, 771], [578, 774], [574, 775], [571, 778], [569, 780], [566, 783], [564, 785], [562, 787], [558, 791], [554, 793], [550, 795], [547, 797], [545, 809], [547, 820], [549, 822], [561, 825], [573, 822], [578, 820], [582, 818], [587, 815], [591, 814], [593, 811], [597, 808], [604, 806], [611, 803], [616, 801], [620, 799], [622, 797], [625, 794], [630, 791], [634, 790], [636, 787], [639, 783], [641, 778], [644, 773], [641, 768]]
1003;715;NA;0.8955078125;0.8252862120457939;0.9106732606887817;3878;3456;[63, 355, 158, 416];[64, 356, 163, 415];[[158, 362], [147, 355], [129, 355], [113, 360], [85, 374], [64, 389], [63, 410], [76, 416], [91, 416], [113, 411], [124, 406], [129, 399], [148, 388], [157, 379]];[[163, 367], [161, 364], [159, 362], [157, 359], [155, 357], [137, 356], [119, 358], [113, 360], [107, 362], [103, 364], [99, 366], [95, 368], [91, 370], [87, 372], [84, 373], [82, 375], [80, 377], [78, 379], [75, 382], [71, 384], [68, 385], [66, 387], [64, 399], [65, 411], [67, 413], [69, 415], [71, 413], [75, 411], [79, 409], [81, 407], [83, 405], [87, 403], [91, 401], [103, 399], [115, 403], [121, 407], [127, 405], [129, 403], [131, 401], [133, 399], [135, 397], [137, 395], [139, 393], [143, 391], [147, 389], [149, 387], [151, 385], [153, 383], [155, 381], [157, 379], [159, 375], [161, 371]]
1004;100;NA;0.9365234375;0.790427257977285;0.8385308384895325;3667;2954;[375, 482, 438, 571];[383, 483, 438, 574];[[435, 483], [425, 482], [414, 490], [396, 498], [383, 512], [381, 535], [376, 544], [375, 555], [376, 561], [384, 571], [403, 571], [416, 554], [417, 546], [422, 542], [431, 523], [437, 518], [438, 491]];[[438, 500], [428, 483], [419, 486], [415, 489], [412, 493], [408, 496], [404, 500], [401, 503], [397, 507], [394, 511], [389, 515], [385, 519], [383, 546], [385, 574], [389, 570], [396, 567], [402, 564], [406, 561], [409, 557], [413, 553], [418, 549], [421, 545], [424, 539], [427, 532], [431, 525], [434, 518]]
1005;54;NA;0.94140625;0.8344127171033264;0.9076452851295471;5745;6718;[588, 129, 694, 216];[583, 130, 696, 214];[[588, 139], [588, 186], [600, 195], [631, 194], [633, 198], [623, 210], [626, 216], [637, 214], [641, 206], [662, 185], [673, 186], [688, 181], [694, 173], [692, 155], [679, 152], [672, 145], [656, 145], [645, 138], [627, 138], [620, 131], [602, 129]];[[590, 134], [588, 139], [585, 144], [583, 146], [585, 148], [588, 153], [585, 158], [583, 170], [585, 181], [587, 183], [589, 186], [592, 188], [595, 191], [597, 194], [601, 195], [606, 198], [613, 200], [620, 207], [628, 214], [634, 213], [636, 210], [639, 208], [641, 206], [644, 203], [646, 201], [648, 198], [651, 196], [654, 193], [661, 191], [668, 193], [671, 195], [673, 198], [676, 201], [678, 203], [680, 205], [682, 203], [684, 201], [686, 191], [689, 182], [692, 179], [694, 176], [696, 165], [694, 154], [692, 152], [687, 149], [682, 147], [675, 144], [668, 142], [656, 140], [644, 137], [632, 135], [620, 133], [606, 130], [593, 132]]
1006;679;NA;0.89892578125;0.8394828979262052;0.8878048658370972;3701;3129;[109, 682, 152, 780];[108, 684, 151, 775];[[119, 682], [115, 683], [109, 692], [109, 703], [112, 708], [109, 720], [109, 769], [113, 776], [118, 779], [134, 780], [144, 773], [149, 761], [152, 739], [149, 708], [140, 691], [132, 683]];[[125, 684], [115, 686], [111, 688], [108, 695], [110, 703], [112, 715], [114, 727], [116, 735], [114, 743], [112, 747], [110, 751], [108, 761], [113, 771], [119, 773], [129, 775], [139, 773], [141, 771], [143, 767], [145, 763], [147, 751], [149, 739], [151, 729], [149, 719], [147, 711], [145, 703], [143, 699], [141, 695], [139, 691], [137, 688], [135, 686]]
1007;331;NA;0.921875;0.8362905133664538;0.8013898134231567;4136;3626;[352, 603, 449, 665];[360, 608, 447, 667];[[449, 625], [439, 611], [423, 604], [412, 603], [405, 606], [397, 615], [388, 617], [382, 622], [374, 623], [365, 629], [357, 630], [352, 639], [352, 655], [359, 662], [368, 665], [399, 663], [413, 651], [421, 656], [431, 655], [448, 637]];[[447, 629], [445, 616], [443, 614], [439, 612], [435, 610], [421, 608], [407, 610], [403, 612], [399, 614], [393, 616], [387, 618], [379, 620], [371, 622], [367, 624], [364, 627], [362, 631], [360, 643], [361, 655], [363, 657], [365, 659], [367, 661], [370, 663], [372, 665], [377, 667], [383, 665], [389, 663], [395, 661], [401, 659], [407, 657], [409, 655], [411, 653], [415, 651], [419, 653], [425, 655], [431, 651], [433, 647], [435, 645], [441, 643]]
1008;3;NA;0.9736328125;0.754519712480941;0.8506008982658386;4460;3595;[633, 685, 726, 770];[644, 688, 726, 770];[[725, 692], [717, 685], [695, 685], [671, 693], [662, 712], [649, 726], [639, 746], [633, 752], [633, 764], [643, 770], [663, 766], [688, 750], [719, 716], [726, 703]];[[726, 697], [707, 688], [685, 693], [674, 699], [665, 702], [660, 708], [653, 715], [648, 720], [644, 745], [653, 770], [662, 767], [667, 761], [673, 756], [678, 750], [683, 745], [689, 740], [696, 733], [707, 727], [715, 718], [721, 708]]
1009;605;NA;0.90673828125;0.8805970149253731;0.9025672078132629;3929;3505;[325, 620, 376, 717];[328, 620, 375, 715];[[331, 621], [326, 625], [325, 664], [329, 680], [331, 704], [338, 717], [360, 716], [372, 706], [376, 698], [372, 669], [363, 647], [362, 632], [355, 622], [345, 620]];[[345, 620], [332, 621], [330, 623], [328, 657], [330, 691], [332, 699], [333, 707], [335, 709], [338, 711], [340, 713], [351, 715], [363, 713], [365, 711], [367, 707], [369, 703], [371, 699], [373, 695], [375, 687], [373, 679], [371, 673], [369, 667], [367, 663], [365, 659], [363, 653], [361, 647], [359, 641], [361, 635], [363, 631], [361, 627], [359, 623]]
1010;821;NA;0.8818359375;0.8502415458937198;0.9333333373069763;3177;3334;[184, 339, 231, 426];[184, 336, 231, 423];[[184, 351], [184, 391], [194, 415], [204, 425], [213, 426], [225, 414], [228, 403], [227, 375], [231, 358], [200, 339]];[[223, 337], [221, 336], [219, 338], [213, 340], [207, 342], [199, 344], [191, 342], [189, 340], [188, 341], [186, 343], [184, 369], [186, 395], [188, 399], [190, 403], [192, 407], [194, 411], [196, 415], [197, 419], [199, 421], [207, 423], [215, 421], [217, 419], [219, 417], [221, 415], [223, 413], [225, 411], [227, 395], [229, 379], [231, 361], [229, 344], [227, 342], [225, 339]]
1011;403;NA;0.9189453125;0.48761877339475956;0.37135058641433716;3569;6764;[307, 819, 390, 879];[268, 774, 394, 878];[[308, 830], [307, 844], [311, 857], [316, 864], [321, 866], [346, 866], [352, 871], [360, 873], [365, 878], [382, 879], [390, 876], [390, 854], [363, 830], [361, 819], [321, 821], [314, 824]];[[288, 774], [268, 793], [272, 813], [277, 819], [283, 824], [288, 829], [293, 835], [299, 840], [304, 845], [310, 851], [317, 858], [322, 863], [336, 867], [352, 872], [369, 878], [383, 874], [388, 869], [394, 858], [390, 849], [385, 844], [379, 838], [374, 833], [369, 827], [363, 822], [356, 815], [351, 810], [342, 806], [331, 801], [326, 795], [320, 790], [313, 783], [308, 777]]
1012;78;NA;0.93798828125;0.8920454545454546;0.8735376000404358;3470;3523;[374, 559, 458, 618];[372, 556, 459, 615];[[458, 563], [451, 559], [412, 560], [407, 562], [374, 590], [374, 613], [381, 617], [393, 618], [409, 608], [418, 611], [426, 608], [439, 596], [447, 593], [458, 581]];[[459, 571], [457, 560], [455, 558], [439, 556], [423, 558], [415, 560], [408, 561], [406, 563], [404, 565], [402, 567], [399, 570], [395, 572], [392, 573], [390, 575], [387, 578], [383, 580], [380, 581], [378, 583], [375, 586], [373, 588], [372, 599], [373, 611], [375, 613], [385, 615], [395, 613], [399, 611], [403, 609], [413, 607], [423, 605], [429, 603], [435, 601], [439, 599], [443, 597], [445, 595], [447, 593], [451, 591], [455, 587], [457, 583]]
1013;297;NA;0.923828125;0.8449402749605589;0.8318361043930054;4307;3879;[492, 309, 554, 404];[496, 312, 559, 403];[[500, 309], [492, 318], [492, 335], [503, 355], [504, 370], [518, 397], [525, 403], [533, 404], [541, 400], [554, 383], [553, 339], [534, 316], [526, 315], [519, 309]];[[511, 312], [496, 323], [497, 335], [499, 337], [502, 339], [504, 343], [506, 347], [508, 361], [510, 375], [512, 379], [514, 383], [516, 389], [517, 395], [519, 397], [522, 399], [524, 401], [529, 403], [535, 401], [539, 399], [543, 397], [545, 395], [547, 393], [549, 391], [551, 389], [553, 387], [555, 379], [557, 371], [559, 365], [557, 359], [555, 349], [553, 340], [551, 338], [549, 335], [547, 331], [545, 328], [543, 326], [541, 324], [539, 322], [537, 319], [535, 317], [531, 316], [527, 314]]
1014;490;NA;0.91259765625;0.7119733924611973;0.8108504414558411;4510;3211;[837, 223, 903, 316];[839, 236, 902, 315];[[898, 231], [879, 223], [867, 223], [858, 231], [852, 245], [852, 262], [847, 267], [846, 277], [841, 282], [841, 291], [837, 301], [837, 307], [843, 316], [869, 315], [885, 297], [892, 294], [901, 284], [903, 279], [903, 239]];[[898, 238], [886, 236], [875, 237], [873, 239], [870, 242], [866, 244], [863, 247], [861, 251], [858, 254], [856, 256], [855, 259], [853, 263], [851, 267], [849, 271], [847, 275], [845, 279], [843, 285], [841, 291], [839, 301], [840, 311], [842, 313], [848, 315], [854, 313], [860, 311], [866, 309], [868, 307], [870, 305], [872, 303], [874, 301], [876, 299], [878, 297], [882, 295], [886, 293], [888, 291], [890, 289], [892, 287], [894, 283], [896, 279], [898, 267], [900, 255], [902, 247], [900, 240]]
1015;756;NA;0.89111328125;0.8494916935283908;0.8365263938903809;3690;3769;[213, 700, 286, 768];[208, 704, 287, 771];[[283, 711], [270, 701], [253, 700], [223, 713], [215, 725], [213, 754], [216, 765], [220, 768], [242, 767], [261, 755], [283, 734], [286, 723]];[[283, 715], [281, 712], [279, 710], [277, 707], [275, 705], [265, 704], [255, 706], [245, 708], [235, 710], [225, 712], [216, 713], [214, 715], [211, 718], [209, 720], [208, 743], [213, 767], [219, 769], [225, 771], [231, 769], [237, 767], [243, 765], [247, 763], [251, 761], [253, 759], [255, 757], [257, 755], [259, 753], [261, 751], [263, 749], [267, 747], [271, 745], [273, 743], [275, 741], [277, 739], [279, 737], [281, 735], [283, 731], [285, 727], [287, 723], [285, 719]]
1016;472;NA;0.9140625;0.8773694390715667;0.8751220703125;4988;4718;[139, 498, 242, 566];[144, 497, 243, 562];[[242, 540], [239, 535], [238, 522], [227, 512], [223, 500], [217, 498], [206, 507], [196, 503], [173, 505], [170, 509], [170, 516], [158, 525], [149, 526], [140, 534], [139, 542], [144, 549], [164, 561], [176, 562], [185, 566], [206, 566], [215, 562], [232, 560], [239, 554]];[[151, 526], [144, 539], [148, 553], [153, 555], [160, 558], [167, 560], [198, 562], [229, 561], [231, 558], [234, 555], [237, 553], [238, 549], [241, 544], [243, 542], [241, 539], [238, 532], [237, 526], [234, 524], [232, 521], [229, 519], [226, 516], [224, 506], [215, 497], [206, 499], [204, 501], [201, 504], [196, 507], [191, 504], [188, 501], [186, 499], [182, 497], [178, 499], [175, 501], [172, 504], [170, 507], [168, 508], [170, 510], [172, 512], [171, 516], [167, 519], [163, 521], [158, 524]]
1017;527;NA;0.91064453125;0.8898637728007388;0.9224150776863098;4238;3947;[440, 332, 507, 429];[444, 332, 507, 431];[[498, 333], [488, 332], [480, 336], [468, 349], [441, 357], [440, 379], [459, 400], [459, 408], [454, 415], [456, 429], [479, 428], [494, 395], [500, 389], [502, 370], [507, 357], [507, 343], [505, 337]];[[499, 335], [489, 332], [480, 335], [478, 339], [476, 341], [474, 343], [472, 345], [470, 347], [468, 349], [466, 351], [463, 354], [453, 356], [444, 369], [445, 383], [447, 385], [450, 387], [452, 389], [456, 391], [460, 399], [458, 407], [456, 417], [457, 427], [459, 429], [467, 431], [475, 429], [477, 427], [479, 425], [481, 423], [483, 421], [485, 419], [487, 415], [489, 411], [491, 405], [493, 399], [495, 395], [497, 391], [499, 387], [501, 383], [503, 373], [505, 363], [507, 355], [505, 347], [503, 343], [501, 339]]
1018;238;NA;0.92626953125;0.8947259991759374;0.9116272926330566;4792;4405;[294, 95, 383, 184];[296, 100, 383, 183];[[377, 101], [368, 95], [358, 95], [340, 102], [331, 109], [307, 139], [305, 147], [295, 159], [294, 175], [308, 184], [324, 183], [329, 180], [337, 184], [336, 173], [346, 159], [361, 156], [374, 148], [374, 140], [383, 123], [383, 112]];[[379, 103], [363, 100], [347, 102], [343, 104], [340, 105], [338, 107], [335, 110], [331, 112], [328, 113], [326, 115], [323, 118], [321, 120], [320, 123], [318, 127], [316, 129], [314, 131], [311, 134], [309, 136], [308, 139], [306, 143], [304, 145], [302, 147], [299, 150], [297, 152], [296, 165], [297, 179], [299, 181], [311, 183], [323, 181], [327, 179], [331, 175], [333, 171], [335, 169], [337, 167], [339, 165], [341, 163], [343, 161], [345, 159], [347, 157], [357, 155], [367, 153], [371, 151], [375, 141], [377, 131], [379, 127], [381, 123], [383, 115], [381, 107]]
1019;948;NA;0.84375;0.7660869565217391;0.8388850092887878;4419;3705;[488, 15, 550, 107];[492, 20, 547, 107];[[523, 15], [512, 21], [502, 34], [498, 30], [493, 31], [494, 52], [488, 65], [488, 82], [494, 89], [507, 97], [520, 98], [529, 104], [543, 107], [550, 101], [550, 74], [545, 65], [544, 23], [537, 16]];[[539, 22], [527, 20], [516, 21], [514, 23], [512, 27], [510, 31], [508, 33], [506, 35], [503, 38], [501, 40], [500, 49], [498, 59], [496, 63], [494, 67], [492, 79], [493, 91], [495, 93], [497, 95], [499, 97], [502, 99], [504, 101], [511, 103], [519, 105], [521, 107], [523, 105], [531, 103], [539, 101], [541, 99], [543, 97], [545, 95], [547, 91], [545, 87], [543, 55], [541, 24]]
1020;377;NA;0.91943359375;0.8953422590986234;0.8846254944801331;5181;4870;[693, 321, 796, 392];[695, 324, 794, 395];[[795, 324], [786, 321], [760, 322], [749, 328], [740, 328], [712, 346], [703, 348], [695, 358], [693, 366], [704, 381], [717, 389], [752, 392], [769, 388], [780, 382], [787, 373], [788, 364], [782, 352], [783, 347], [796, 333]];[[794, 333], [792, 332], [790, 330], [788, 327], [786, 325], [770, 324], [754, 326], [750, 328], [746, 330], [740, 332], [735, 333], [733, 335], [730, 338], [726, 340], [722, 342], [718, 344], [714, 346], [710, 348], [707, 349], [705, 351], [703, 353], [701, 355], [698, 358], [696, 360], [695, 367], [696, 375], [698, 377], [704, 379], [710, 381], [712, 383], [714, 385], [717, 387], [719, 389], [724, 391], [730, 389], [732, 387], [734, 389], [738, 391], [742, 393], [750, 395], [758, 393], [760, 391], [762, 389], [766, 387], [770, 385], [774, 383], [778, 381], [782, 379], [786, 377], [788, 375], [790, 367], [788, 360], [786, 358], [784, 355], [782, 351], [784, 347], [786, 345], [788, 343], [790, 339], [792, 335]]
1021;666;NA;0.900390625;0.8272399588053553;0.8209459185600281;3790;3307;[844, 303, 929, 361];[848, 308, 931, 359];[[846, 320], [844, 341], [855, 345], [861, 354], [888, 349], [892, 350], [899, 360], [915, 361], [925, 353], [929, 340], [926, 316], [916, 308], [908, 307], [903, 303], [887, 303], [878, 307], [862, 308]];[[850, 315], [848, 323], [849, 331], [851, 333], [854, 335], [856, 341], [854, 347], [852, 349], [850, 351], [848, 353], [857, 355], [867, 353], [873, 351], [879, 349], [885, 347], [891, 349], [895, 351], [899, 353], [902, 355], [904, 357], [911, 359], [919, 357], [921, 355], [923, 353], [925, 351], [927, 347], [929, 343], [931, 339], [929, 335], [927, 329], [925, 324], [923, 322], [921, 320], [919, 318], [917, 316], [915, 314], [913, 311], [911, 309], [887, 308], [863, 310], [857, 312], [852, 313]]
1022;378;NA;0.91943359375;0.8548009367681498;0.8844552636146545;4557;4155;[817, 454, 901, 536];[823, 456, 902, 535];[[894, 461], [884, 454], [879, 454], [860, 461], [850, 468], [833, 469], [825, 477], [818, 490], [817, 514], [819, 522], [837, 535], [853, 536], [860, 533], [870, 519], [871, 514], [892, 490], [901, 475], [900, 468]];[[894, 458], [880, 456], [867, 457], [865, 459], [862, 462], [858, 464], [854, 466], [850, 468], [846, 466], [844, 463], [842, 461], [838, 460], [835, 461], [833, 463], [831, 471], [827, 479], [823, 501], [824, 523], [826, 525], [829, 527], [831, 529], [834, 531], [838, 533], [846, 535], [854, 533], [856, 531], [858, 529], [860, 527], [862, 525], [864, 523], [866, 521], [868, 519], [870, 515], [872, 511], [874, 507], [876, 503], [878, 501], [880, 499], [882, 497], [884, 495], [886, 493], [888, 491], [890, 489], [892, 487], [894, 485], [896, 483], [898, 479], [900, 475], [902, 471], [900, 467], [898, 463], [896, 460]]
1023;155;NA;0.93212890625;0.857501712719799;0.8321709036827087;3952;4182;[697, 428, 781, 505];[698, 431, 787, 500];[[776, 429], [750, 428], [737, 435], [728, 435], [720, 443], [710, 444], [700, 454], [697, 472], [702, 475], [714, 475], [719, 479], [717, 496], [727, 505], [738, 504], [755, 488], [757, 477], [764, 464], [778, 455], [781, 439]];[[783, 433], [756, 431], [731, 432], [729, 435], [725, 438], [721, 440], [716, 442], [709, 445], [702, 446], [700, 449], [698, 463], [699, 477], [702, 479], [709, 481], [716, 489], [718, 496], [721, 498], [733, 500], [744, 499], [746, 496], [748, 494], [751, 492], [754, 489], [756, 486], [758, 482], [760, 477], [763, 473], [765, 468], [767, 465], [770, 463], [772, 461], [775, 458], [777, 456], [779, 454], [783, 450], [785, 448], [787, 442], [785, 435]]
1024;392;NA;0.9189453125;0.9266180492251596;0.8898141384124756;4172;4282;[93, 772, 164, 860];[96, 772, 167, 863];[[107, 774], [94, 793], [93, 806], [99, 816], [121, 834], [111, 848], [110, 858], [114, 859], [131, 847], [141, 860], [155, 859], [163, 846], [164, 838], [163, 819], [157, 806], [131, 778], [114, 772]];[[115, 772], [108, 773], [106, 775], [103, 778], [101, 780], [100, 783], [98, 787], [96, 799], [97, 811], [99, 813], [101, 815], [103, 817], [105, 819], [107, 821], [109, 823], [111, 825], [113, 827], [115, 829], [118, 831], [120, 835], [118, 839], [115, 842], [113, 844], [112, 847], [110, 851], [108, 853], [109, 855], [111, 857], [113, 859], [115, 857], [119, 855], [123, 853], [127, 851], [131, 853], [133, 855], [135, 857], [138, 859], [140, 861], [145, 863], [151, 861], [155, 859], [159, 855], [161, 851], [163, 845], [165, 839], [167, 831], [165, 823], [163, 817], [161, 812], [159, 810], [157, 807], [155, 803], [153, 800], [151, 798], [149, 796], [147, 794], [145, 792], [143, 790], [141, 788], [139, 786], [137, 783], [135, 781], [131, 780], [127, 778], [125, 775], [123, 773]]
1025;69;NA;0.93896484375;0.832423691125935;0.8521617650985718;4853;4212;[321, 455, 418, 538];[324, 460, 419, 543];[[416, 465], [404, 464], [394, 471], [373, 470], [363, 458], [355, 455], [351, 460], [351, 473], [347, 477], [324, 478], [321, 481], [321, 498], [337, 512], [337, 527], [347, 538], [366, 537], [386, 517], [393, 514], [414, 490], [418, 472]];[[419, 477], [407, 468], [395, 470], [391, 472], [387, 474], [381, 476], [375, 474], [373, 472], [371, 470], [369, 468], [367, 466], [365, 463], [363, 461], [357, 460], [352, 467], [350, 475], [347, 478], [335, 480], [324, 489], [325, 499], [327, 501], [331, 503], [335, 505], [338, 507], [340, 519], [342, 531], [344, 535], [347, 539], [351, 541], [355, 543], [359, 541], [363, 539], [367, 537], [369, 535], [371, 531], [373, 527], [375, 525], [377, 523], [379, 521], [381, 519], [383, 515], [387, 511], [391, 509], [393, 507], [395, 505], [397, 503], [399, 501], [401, 499], [403, 497], [407, 495], [411, 493], [413, 491], [415, 489], [417, 487]]
-1;655;NA;0.90185546875;0.0;0.0;0;3293;[];[3210, 1000, 3280, 1061];[];[[3214, 1029], [3210, 1042], [3214, 1056], [3219, 1054], [3226, 1051], [3234, 1054], [3241, 1056], [3248, 1058], [3260, 1061], [3272, 1058], [3276, 1056], [3280, 1035], [3279, 1015], [3276, 1012], [3274, 1010], [3272, 1007], [3268, 1004], [3266, 1002], [3250, 1000], [3234, 1002], [3232, 1004], [3230, 1011], [3227, 1019], [3225, 1021], [3222, 1023], [3219, 1027]]
-1;843;NA;0.87744140625;0.0;0.0;0;5331;[];[3484, 2972, 3595, 3035];[];[[3485, 3012], [3484, 3023], [3505, 3035], [3527, 3033], [3533, 3031], [3539, 3033], [3563, 3035], [3587, 3033], [3589, 3031], [3591, 3027], [3593, 3023], [3595, 3011], [3593, 3000], [3591, 2998], [3589, 2995], [3587, 2993], [3583, 2992], [3579, 2990], [3573, 2988], [3567, 2986], [3563, 2984], [3559, 2982], [3541, 2980], [3523, 2978], [3521, 2976], [3519, 2974], [3517, 2972], [3515, 2974], [3511, 2976], [3507, 2978], [3503, 2980], [3500, 2981], [3498, 2983], [3496, 2989], [3494, 2995], [3492, 3001], [3490, 3007], [3487, 3010]]
-1;892;NA;0.8662109375;0.0;0.0;0;3394;[];[2824, 60, 2903, 127];[];[[2845, 60], [2832, 73], [2830, 87], [2828, 91], [2826, 95], [2824, 111], [2829, 127], [2835, 125], [2837, 123], [2839, 119], [2841, 115], [2843, 113], [2845, 111], [2847, 109], [2857, 107], [2867, 109], [2870, 111], [2872, 113], [2875, 115], [2879, 117], [2887, 119], [2895, 117], [2897, 115], [2899, 113], [2901, 111], [2903, 101], [2901, 92], [2899, 90], [2897, 88], [2895, 86], [2893, 84], [2891, 82], [2889, 79], [2887, 77], [2883, 76], [2879, 74], [2877, 71], [2875, 69], [2871, 68], [2867, 66], [2863, 64], [2859, 62]]
-1;917;NA;0.85595703125;0.0;0.0;0;4754;[];[2099, 1, 2212, 67];[];[[2099, 32], [2101, 43], [2103, 45], [2108, 47], [2113, 50], [2120, 52], [2127, 55], [2130, 58], [2133, 63], [2139, 67], [2146, 65], [2148, 63], [2150, 60], [2153, 58], [2155, 55], [2157, 53], [2161, 50], [2165, 47], [2170, 45], [2175, 43], [2180, 40], [2184, 38], [2188, 36], [2191, 34], [2193, 32], [2196, 29], [2198, 27], [2200, 24], [2204, 21], [2206, 19], [2208, 15], [2210, 10], [2212, 8], [2211, 6], [2208, 4], [2168, 1], [2127, 4], [2120, 6], [2114, 8], [2111, 10], [2109, 13], [2107, 15], [2103, 18], [2101, 20]]
-1;957;NA;0.841796875;0.0;0.0;0;4195;[];[3531, 297, 3614, 366];[];[[3535, 303], [3531, 328], [3533, 352], [3537, 356], [3548, 359], [3558, 363], [3573, 366], [3587, 363], [3594, 359], [3600, 357], [3604, 353], [3608, 348], [3612, 345], [3614, 339], [3612, 333], [3608, 329], [3601, 326], [3594, 322], [3591, 319], [3587, 315], [3583, 311], [3580, 308], [3575, 303], [3572, 299], [3555, 297], [3538, 299]]
-1;961;NA;0.83642578125;0.0;0.0;0;3952;[];[2752, 56, 2835, 119];[];[[2831, 61], [2803, 56], [2775, 58], [2771, 60], [2768, 61], [2766, 63], [2764, 65], [2762, 67], [2760, 69], [2758, 71], [2755, 74], [2753, 76], [2752, 95], [2753, 115], [2755, 117], [2765, 119], [2775, 117], [2779, 115], [2783, 113], [2793, 111], [2803, 109], [2805, 107], [2807, 105], [2809, 103], [2811, 101], [2815, 99], [2819, 97], [2821, 95], [2823, 93], [2825, 91], [2827, 89], [2829, 87], [2831, 83], [2833, 79], [2835, 73], [2833, 67]]
-1;966;NA;0.83447265625;0.0;0.0;0;2069;[];[3372, 2556, 3427, 2607];[];[[3389, 2556], [3376, 2557], [3374, 2559], [3372, 2569], [3374, 2579], [3376, 2589], [3377, 2599], [3379, 2601], [3383, 2603], [3387, 2605], [3395, 2607], [3403, 2605], [3405, 2603], [3407, 2601], [3409, 2599], [3411, 2597], [3413, 2595], [3415, 2591], [3417, 2587], [3419, 2585], [3421, 2583], [3423, 2579], [3425, 2575], [3427, 2569], [3417, 2564], [3407, 2562], [3405, 2559], [3403, 2557]]
-1;975;NA;0.8291015625;0.0;0.0;0;2925;[];[2457, 4, 2556, 43];[];[[2457, 31], [2462, 43], [2468, 41], [2474, 39], [2480, 37], [2510, 35], [2540, 33], [2544, 31], [2548, 29], [2550, 27], [2552, 23], [2554, 19], [2556, 13], [2554, 8], [2552, 6], [2512, 4], [2473, 5], [2471, 7], [2469, 9], [2467, 11], [2465, 13], [2463, 15], [2460, 18], [2458, 20]]
-1;981;NA;0.8232421875;0.0;0.0;0;2553;[];[3472, 804, 3547, 875];[];[[3547, 815], [3545, 808], [3543, 806], [3539, 804], [3535, 806], [3531, 808], [3527, 810], [3519, 812], [3511, 814], [3507, 816], [3504, 817], [3502, 819], [3500, 821], [3498, 823], [3496, 825], [3494, 827], [3491, 830], [3489, 832], [3488, 835], [3486, 839], [3484, 841], [3482, 843], [3480, 845], [3478, 847], [3475, 850], [3473, 852], [3472, 861], [3475, 871], [3479, 873], [3485, 875], [3491, 873], [3493, 871], [3495, 869], [3497, 867], [3499, 865], [3501, 863], [3503, 859], [3505, 855], [3507, 853], [3509, 851], [3511, 849], [3515, 847], [3519, 845], [3521, 843], [3523, 845], [3525, 847], [3527, 845], [3531, 843], [3535, 839], [3537, 835], [3539, 833], [3541, 831], [3543, 827], [3545, 823]]
-1;999;NA;0.7490234375;0.0;0.0;0;2561;[];[1926, 2976, 1989, 3035];[];[[1977, 2979], [1967, 2976], [1958, 2979], [1956, 2983], [1954, 2985], [1952, 2987], [1950, 2989], [1948, 2991], [1946, 2993], [1944, 2995], [1942, 2997], [1940, 2999], [1937, 3002], [1935, 3004], [1934, 3007], [1932, 3011], [1930, 3015], [1928, 3019], [1926, 3027], [1947, 3035], [1969, 3033], [1973, 3031], [1977, 3029], [1979, 3027], [1981, 3025], [1983, 3023], [1985, 3019], [1987, 3015], [1989, 3007], [1987, 2999], [1985, 2995], [1983, 2991], [1981, 2987], [1979, 2983]]
-1;1001;NA;0.74609375;0.0;0.0;0;2252;[];[2653, 2308, 2704, 2371];[];[[2704, 2323], [2690, 2308], [2677, 2309], [2675, 2311], [2673, 2313], [2671, 2315], [2669, 2317], [2667, 2319], [2665, 2321], [2663, 2323], [2661, 2325], [2659, 2327], [2656, 2330], [2654, 2332], [2653, 2345], [2655, 2359], [2657, 2363], [2658, 2367], [2660, 2369], [2666, 2371], [2672, 2369], [2674, 2367], [2676, 2365], [2678, 2363], [2680, 2361], [2684, 2359], [2688, 2357], [2690, 2355], [2692, 2353], [2694, 2351], [2696, 2349], [2698, 2347], [2700, 2343], [2702, 2339]]
-1;1007;NA;0.72021484375;0.0;0.0;0;3560;[];[144, 2972, 210, 3042];[];[[153, 2972], [144, 2988], [147, 3005], [149, 3009], [152, 3014], [154, 3019], [156, 3023], [158, 3025], [160, 3028], [163, 3030], [166, 3033], [168, 3036], [172, 3037], [177, 3040], [184, 3042], [191, 3040], [196, 3037], [200, 3036], [202, 3033], [205, 3026], [207, 3019], [210, 3009], [207, 3000], [205, 2990], [203, 2982], [201, 2979], [198, 2976], [195, 2974], [184, 2972], [172, 2974], [167, 2977], [163, 2974]]
-1;1012;NA;0.6826171875;0.0;0.0;0;1935;[];[3444, 2548, 3507, 2587];[];[[3463, 2548], [3444, 2559], [3446, 2571], [3448, 2575], [3449, 2579], [3451, 2581], [3454, 2583], [3456, 2585], [3469, 2587], [3483, 2585], [3487, 2583], [3491, 2581], [3493, 2579], [3495, 2577], [3497, 2575], [3499, 2573], [3501, 2571], [3503, 2569], [3505, 2567], [3507, 2559], [3505, 2552], [3503, 2550], [3501, 2548], [3499, 2550], [3491, 2552], [3483, 2550]]
-1;1014;NA;0.67919921875;0.0;0.0;0;2070;[];[3592, 2182, 3633, 2266];[];[[3603, 2182], [3592, 2195], [3594, 2210], [3597, 2214], [3599, 2219], [3601, 2224], [3603, 2228], [3605, 2230], [3609, 2233], [3611, 2238], [3613, 2243], [3616, 2248], [3618, 2252], [3621, 2260], [3625, 2266], [3628, 2264], [3631, 2262], [3633, 2241], [3631, 2219], [3628, 2210], [3626, 2200], [3624, 2195], [3622, 2191], [3620, 2189], [3617, 2186], [3614, 2183]]
-1;1015;NA;0.67236328125;0.0;0.0;0;1458;[];[3058, 2910, 3109, 2951];[];[[3109, 2921], [3107, 2915], [3105, 2912], [3093, 2910], [3082, 2912], [3079, 2914], [3077, 2916], [3075, 2919], [3072, 2921], [3070, 2924], [3067, 2926], [3065, 2928], [3062, 2932], [3059, 2934], [3058, 2943], [3071, 2951], [3086, 2949], [3090, 2947], [3094, 2945], [3097, 2943], [3100, 2939], [3102, 2937], [3104, 2933], [3106, 2928]]
-1;1017;NA;0.65478515625;0.0;0.0;0;3775;[];[967, 2644, 1030, 2747];[];[[1006, 2644], [999, 2645], [997, 2647], [994, 2650], [992, 2652], [991, 2663], [993, 2675], [995, 2691], [993, 2707], [990, 2710], [984, 2712], [978, 2714], [974, 2716], [971, 2717], [969, 2719], [967, 2727], [970, 2735], [974, 2737], [978, 2739], [982, 2741], [986, 2743], [990, 2745], [1000, 2747], [1010, 2745], [1012, 2743], [1014, 2741], [1016, 2739], [1018, 2737], [1020, 2735], [1022, 2733], [1024, 2731], [1026, 2729], [1028, 2727], [1030, 2719], [1028, 2711], [1026, 2701], [1024, 2691], [1022, 2689], [1024, 2687], [1026, 2681], [1024, 2675], [1022, 2671], [1020, 2667], [1018, 2657], [1016, 2648], [1014, 2646]]
-1;1018;NA;0.63720703125;0.0;0.0;0;2678;[];[3192, 516, 3295, 559];[];[[3192, 547], [3193, 555], [3195, 557], [3197, 559], [3199, 557], [3201, 555], [3203, 553], [3207, 551], [3211, 547], [3215, 543], [3219, 541], [3227, 539], [3235, 541], [3237, 543], [3239, 545], [3242, 547], [3244, 549], [3265, 551], [3287, 549], [3289, 547], [3291, 545], [3293, 543], [3295, 539], [3293, 535], [3291, 531], [3287, 528], [3283, 526], [3275, 524], [3267, 520], [3243, 516], [3219, 518], [3215, 520], [3212, 521], [3210, 523], [3208, 525], [3206, 527], [3203, 530], [3201, 532], [3199, 536], [3195, 540]]
-1;1019;NA;0.6279296875;0.0;0.0;0;1364;[];[3196, 540, 3239, 587];[];[[3235, 542], [3227, 540], [3220, 541], [3218, 543], [3216, 545], [3214, 547], [3211, 550], [3207, 552], [3204, 553], [3202, 555], [3199, 558], [3197, 560], [3196, 569], [3197, 579], [3199, 581], [3202, 583], [3204, 585], [3207, 587], [3211, 585], [3215, 583], [3219, 581], [3221, 579], [3223, 577], [3225, 575], [3227, 573], [3229, 571], [3231, 569], [3233, 567], [3235, 565], [3237, 563], [3239, 553], [3237, 544]]
-1;1023;NA;0.533203125;0.0;0.0;0;2545;[];[3635, 521, 3690, 577];[];[[3665, 521], [3644, 523], [3642, 525], [3640, 532], [3637, 539], [3635, 554], [3639, 567], [3644, 570], [3647, 573], [3649, 575], [3660, 577], [3671, 575], [3674, 573], [3676, 568], [3679, 563], [3681, 561], [3683, 558], [3687, 555], [3689, 553], [3690, 539], [3689, 526], [3687, 524]]
-1;1024;NA;0.513671875;0.0;0.0;0;3164;[];[3680, 2772, 3719, 2871];[];[[3699, 2772], [3692, 2773], [3690, 2775], [3687, 2778], [3685, 2780], [3684, 2785], [3682, 2791], [3680, 2821], [3682, 2851], [3684, 2855], [3685, 2859], [3687, 2861], [3689, 2863], [3691, 2865], [3694, 2867], [3696, 2869], [3701, 2871], [3707, 2867], [3709, 2863], [3711, 2859], [3713, 2855], [3715, 2849], [3717, 2843], [3719, 2825], [3717, 2807], [3715, 2795], [3713, 2783], [3711, 2779], [3709, 2776], [3707, 2774]]
-1;1025;NA;0.51171875;0.0;0.0;0;1817;[];[2629, 3000, 2716, 3035];[];[[2716, 3015], [2714, 3008], [2712, 3006], [2710, 3003], [2708, 3001], [2698, 3000], [2688, 3002], [2684, 3004], [2681, 3005], [2679, 3007], [2677, 3009], [2675, 3011], [2672, 3014], [2668, 3016], [2664, 3018], [2660, 3020], [2656, 3022], [2646, 3024], [2636, 3022], [2634, 3020], [2633, 3021], [2631, 3023], [2629, 3029], [2666, 3035], [2704, 3033], [2708, 3031], [2712, 3027], [2714, 3023]]
-1;1027;NA;0.458984375;0.0;0.0;0;1050;[];[3524, 2912, 3559, 2947];[];[[3541, 2912], [3532, 2913], [3530, 2915], [3527, 2918], [3525, 2920], [3524, 2931], [3527, 2943], [3531, 2945], [3543, 2947], [3555, 2945], [3557, 2943], [3559, 2935], [3557, 2927], [3555, 2921], [3553, 2916], [3551, 2914]]
-1;1029;NA;0.441650390625;0.0;0.0;0;2930;[];[3084, 188, 3151, 259];[];[[3095, 188], [3084, 195], [3085, 203], [3087, 205], [3089, 207], [3091, 209], [3094, 211], [3096, 215], [3097, 219], [3099, 221], [3102, 223], [3104, 227], [3106, 231], [3108, 237], [3110, 243], [3112, 247], [3113, 251], [3115, 253], [3119, 255], [3123, 257], [3133, 259], [3143, 257], [3145, 255], [3147, 253], [3149, 251], [3151, 249], [3149, 247], [3147, 241], [3149, 235], [3151, 225], [3147, 216], [3143, 214], [3141, 212], [3139, 210], [3137, 207], [3135, 203], [3131, 200], [3127, 198], [3123, 196], [3119, 194], [3113, 192], [3107, 190]]
-1;1030;NA;0.418701171875;0.0;0.0;0;2368;[];[3100, 2996, 3191, 3035];[];[[3191, 3017], [3189, 3012], [3187, 3010], [3185, 3007], [3183, 3005], [3171, 3004], [3159, 3000], [3151, 2996], [3143, 3004], [3133, 3012], [3123, 3010], [3119, 3008], [3115, 3010], [3109, 3012], [3104, 3013], [3102, 3015], [3100, 3025], [3139, 3035], [3179, 3033], [3183, 3031], [3187, 3027], [3189, 3023]]
-1;1033;NA;0.236572265625;0.0;0.0;0;1842;[];[0, 2672, 27, 2755];[];[[23, 2674], [13, 2672], [4, 2675], [2, 2679], [0, 2715], [3, 2751], [7, 2753], [9, 2755], [11, 2753], [13, 2751], [15, 2749], [17, 2747], [19, 2743], [21, 2739], [23, 2727], [25, 2715], [27, 2695], [25, 2676]]
